   1 12
         1 24
         2 12
         3 17
         3 26
         4 27
         5 28
         6 29
         7 21
         7 30
         8 21
         8 31
         9 17
         9 32
         10 33
         11 12
         11 19
         11 34
         12 1
         12 11
         12 17
         12 18
         12 21
         12 35
         13 20
         13 36
         14 16
         14 37
         15 17
         15 38
         16 14
         16 17
         16 39
         17 3
         17 4
         17 9
         17 12
         17 15
         17 16
         17 19
         17 22
         17 40
         18 5
         18 12
         18 19
         18 41
         19 6
         19 11
         19 17
         19 18
         19 20
         19 42
         20 10
         20 13
         20 19
         20 43
         21 7
         21 8
         21 12
         21 44
         22 17
         22 45
         
