   1 2
         1 3
         1 4
         1 162
         2 1
         2 7
         2 31
         2 32
         2 33
         2 34
         2 35
         2 37
         2 38
         2 50
         2 51
         2 52
         2 53
         2 63
         2 64
         2 68
         2 70
         2 75
         2 76
         2 77
         2 127
         2 137
         2 138
         2 139
         2 140
         2 141
         2 163
         3 1
         3 7
         3 53
         3 62
         3 164
         4 1
         4 7
         4 53
         4 68
         4 141
         4 165
         5 6
         5 7
         5 166
         6 5
         6 41
         6 42
         6 43
         6 64
         6 65
         6 68
         6 75
         6 140
         6 161
         6 167
         7 2
         7 3
         7 4
         7 5
         7 62
         7 151
         7 152
         7 168
         8 9
         8 10
         8 169
         9 8
         9 54
         9 170
         10 8
         10 11
         10 12
         10 13
         10 171
         11 10
         11 26
         11 135
         11 172
         12 10
         12 16
         12 20
         12 173
         13 10
         13 16
         13 24
         13 174
         14 175
         15 14
         15 16
         15 176
         16 12
         16 13
         16 14
         16 15
         16 21
         16 23
         16 108
         16 177
         17 18
         17 19
         17 178
         18 17
         18 44
         18 57
         18 79
         18 82
         18 83
         18 94
         18 112
         18 154
         19 17
         19 44
         19 59
         19 71
         19 79
         19 81
         19 83
         19 89
         19 90
         19 91
         19 112
         19 154
         19 155
         19 180
         20 12
         20 21
         20 22
         20 23
         20 181
         21 16
         21 20
         21 182
         22 20
         22 146
         22 159
         23 16
         23 20
         23 24
         23 184
         24 13
         24 23
         25 75
         25 110
         25 114
         25 128
         25 134
         25 144
         25 145
         25 146
         25 186
         26 11
         26 34
         26 51
         26 52
         26 53
         26 54
         26 85
         26 110
         26 114
         26 118
         26 122
         26 134
         26 144
         26 146
         26 187
         27 28
         27 29
         27 188
         28 27
         28 67
         28 189
         29 27
         29 66
         29 69
         29 190
         30 31
         30 32
         30 33
         30 34
         30 35
         30 36
         30 37
         30 38
         30 39
         30 40
         30 191
         31 2
         31 30
         31 46
         31 48
         31 64
         31 81
         31 127
         31 192
         32 2
         32 30
         32 34
         32 38
         32 81
         32 99
         32 193
         33 2
         33 30
         33 194
         34 2
         34 26
         34 30
         34 32
         34 37
         34 40
         34 49
         34 62
         34 72
         34 102
         34 129
         34 158
         34 195
         35 2
         35 30
         35 61
         35 62
         35 63
         36 30
         36 76
         36 197
         37 2
         37 30
         37 34
         37 46
         37 198
         38 2
         38 30
         38 32
         38 46
         38 51
         38 52
         38 53
         38 199
         39 30
         39 46
         39 60
         39 139
         39 158
         39 200
         40 30
         40 34
         40 46
         40 51
         40 52
         40 53
         40 75
         40 135
         40 160
         40 201
         41 6
         41 202
         42 6
         42 203
         43 6
         43 204
         44 18
         44 19
         44 45
         44 205
         45 44
         45 206
         46 31
         46 37
         46 38
         46 39
         46 40
         46 47
         46 48
         46 49
         46 207
         47 46
         47 51
         47 52
         47 53
         47 208
         48 31
         48 46
         48 60
         48 139
         48 209
         49 34
         49 46
         49 210
         50 2
         50 211
         51 2
         51 26
         51 38
         51 40
         51 47
         51 72
         51 102
         51 136
         51 139
         51 212
         52 2
         52 26
         52 40
         52 47
         52 72
         52 102
         52 129
         52 139
         52 213
         53 2
         53 3
         53 4
         53 26
         53 38
         53 40
         53 47
         53 56
         53 63
         53 70
         53 72
         53 73
         53 78
         53 102
         53 129
         53 139
         53 149
         53 153
         53 214
         54 9
         54 26
         54 55
         55 54
         55 133
         55 216
         56 53
         56 217
         57 18
         57 218
         58 59
         58 219
         59 19
         59 58
         59 220
         60 39
         60 48
         60 61
         60 62
         60 64
         60 221
         61 35
         61 60
         61 76
         61 139
         61 222
         62 60
         62 70
         62 72
         62 137
         62 138
         62 140
         62 223
         63 2
         63 35
         63 53
         63 66
         63 67
         63 69
         63 224
         64 2
         64 6
         64 31
         64 60
         64 66
         64 67
         64 70
         64 72
         64 73
         64 74
         64 225
         65 6
         65 66
         65 67
         65 226
         66 29
         66 63
         66 64
         66 65
         66 68
         66 75
         66 227
         67 28
         67 63
         67 64
         67 65
         67 68
         67 228
         68 2
         68 4
         68 6
         68 66
         68 67
         68 69
         68 229
         69 29
         69 63
         69 68
         69 75
         69 230
         70 2
         70 53
         70 62
         70 64
         70 75
         70 135
         70 160
         70 231
         71 19
         71 232
         72 34
         72 51
         72 52
         72 53
         72 62
         72 64
         72 233
         73 52
         73 53
         73 64
         73 75
         73 135
         73 160
         73 234
         74 64
         74 94
         75 2
         75 6
         75 25
         75 40
         75 62
         75 66
         75 69
         75 70
         75 73
         75 76
         75 77
         75 78
         75 236
         76 2
         76 36
         76 61
         76 75
         76 161
         76 237
         77 2
         77 75
         77 238
         78 53
         78 75
         78 105
         78 135
         79 18
         79 19
         79 240
         80 81
         80 241
         81 19
         81 31
         81 32
         81 80
         81 88
         81 95
         81 96
         81 100
         81 124
         81 125
         81 126
         81 242
         82 18
         82 243
         83 18
         83 19
         83 244
         84 85
         84 245
         85 26
         85 84
         85 86
         85 87
         85 92
         85 97
         85 98
         85 114
         85 135
         85 246
         86 85
         86 247
         87 85
         87 248
         88 81
         88 89
         88 90
         88 91
         88 249
         89 19
         89 88
         89 94
         89 100
         89 250
         90 19
         90 88
         90 94
         90 251
         91 19
         91 88
         91 94
         91 252
         92 85
         92 253
         93 94
         93 95
         93 96
         93 254
         94 18
         94 74
         94 89
         94 90
         94 91
         94 93
         94 99
         94 127
         94 131
         94 132
         94 255
         95 81
         95 93
         95 256
         96 81
         96 93
         97 85
         97 258
         98 85
         98 259
         99 32
         99 94
         99 130
         99 260
         100 81
         100 89
         100 261
         101 262
         102 34
         102 51
         102 52
         102 53
         102 101
         102 109
         102 148
         102 263
         103 105
         103 264
         104 103
         105 78
         105 103
         105 266
         106 107
         106 267
         107 106
         107 111
         107 116
         107 118
         107 268
         108 16
         108 269
         109 102
         109 110
         109 270
         110 25
         110 26
         110 109
         110 116
         110 118
         110 123
         110 271
         111 107
         111 272
         112 18
         112 19
         112 113
         112 273
         113 112
         113 274
         114 25
         114 26
         114 85
         114 115
         114 116
         114 117
         114 118
         114 119
         114 120
         114 121
         114 122
         114 275
         115 114
         115 135
         115 276
         116 107
         116 110
         116 114
         116 128
         116 277
         117 114
         117 135
         117 145
         117 278
         118 26
         118 107
         118 110
         118 114
         118 134
         118 135
         118 279
         119 114
         119 147
         119 280
         120 114
         120 281
         121 114
         121 135
         121 282
         122 283
         123 110
         123 284
         124 81
         124 285
         125 81
         125 286
         126 81
         126 287
         127 2
         127 31
         127 94
         127 137
         127 288
         128 25
         128 116
         128 289
         129 34
         129 52
         129 53
         129 130
         129 290
         130 99
         130 129
         130 291
         131 94
         131 292
         132 94
         132 293
         133 55
         133 134
         133 135
         133 294
         134 25
         134 26
         134 118
         134 133
         134 295
         135 11
         135 40
         135 70
         135 73
         135 78
         135 85
         135 115
         135 117
         135 118
         135 121
         135 122
         135 133
         135 144
         135 296
         136 51
         136 137
         136 297
         137 2
         137 62
         137 127
         137 136
         137 298
         138 2
         138 62
         138 299
         139 2
         139 39
         139 48
         139 51
         139 52
         139 53
         139 61
         139 62
         139 157
         139 300
         140 2
         140 6
         140 62
         140 156
         140 301
         141 2
         141 4
         141 302
         142 2
         143 140
         144 25
         144 26
         144 135
         144 150
         144 305
         145 25
         145 117
         145 306
         146 22
         146 25
         146 26
         146 307
         147 119
         147 308
         148 102
         148 309
         149 53
         149 310
         150 144
         150 311
         151 7
         151 312
         152 7
         152 313
         153 53
         153 314
         154 18
         154 19
         154 315
         155 19
         155 316
         156 140
         156 317
         157 139
         157 318
         158 34
         158 39
         158 319
         159 22
         159 320
         160 40
         160 70
         160 73
         160 321
         161 6
         161 76
         161 322
         
