   1 3
         1 17
         2 5
         2 18
         3 1
         3 8
         3 19
         5 2
         5 7
         5 8
         5 11
         5 21
         6 3
         7 5
         7 8
         7 11
         7 16
         7 23
         8 2
         8 3
         8 5
         8 7
         8 24
         9 10
         9 15
         10 9
         10 11
         10 26
         11 5
         11 7
         11 10
         11 27
         12 13
         13 14
         13 16
         13 29
         14 30
         15 9
         15 12
         15 31
         16 7
         16 13
         
