   1 4
         1 12
         1 21
         2 3
         2 7
         2 22
         3 2
         3 11
         3 12
         3 15
         3 23
         4 1
         4 8
         4 24
         5 6
         5 7
         5 14
         5 25
         6 5
         6 8
         6 26
         7 2
         7 5
         7 8
         7 14
         7 15
         7 27
         8 4
         8 6
         8 7
         8 28
         9 16
         9 17
         9 29
         10 15
         10 17
         10 30
         11 3
         11 20
         11 31
         12 1
         12 3
         12 32
         13 9
         13 14
         14 5
         14 7
         14 13
         14 15
         14 17
         14 34
         15 3
         15 7
         15 10
         15 14
         15 16
         15 18
         15 35
         16 9
         16 15
         17 9
         17 10
         17 14
         17 18
         17 37
         18 15
         18 17
         18 19
         18 20
         18 38
         19 18
         19 39
         20 11
         20 18
         
