   1 11
         1 14
         2 5
         2 13
         2 15
         3 2
         3 4
         4 3
         4 17
         5 2
         5 4
         5 7
         5 8
         5 12
         5 13
         5 18
         6 7
         6 8
         6 19
         7 5
         7 6
         7 8
         7 20
         8 5
         8 6
         8 7
         8 11
         8 21
         9 10
         9 11
         9 22
         10 9
         10 12
         11 1
         11 8
         11 9
         11 12
         11 24
         12 5
         12 10
         12 11
         12 25
         13 26
         
