   1 86
         1 159
         2 86
         2 104
         2 160
         3 4
         3 133
         3 161
         4 3
         4 5
         4 6
         4 162
         5 4
         5 49
         5 163
         6 4
         6 7
         6 164
         7 6
         7 158
         7 165
         8 9
         8 10
         8 86
         8 110
         8 120
         8 166
         9 8
         9 10
         9 167
         10 8
         10 9
         10 22
         10 87
         10 168
         11 12
         11 14
         11 19
         11 169
         12 11
         12 17
         12 19
         12 170
         13 14
         13 31
         13 171
         14 11
         14 13
         14 172
         15 16
         15 18
         15 173
         16 15
         16 19
         16 174
         17 12
         17 18
         17 175
         18 15
         18 17
         18 176
         19 11
         19 12
         19 16
         19 20
         19 68
         19 177
         20 19
         20 108
         20 178
         21 22
         21 78
         21 179
         22 10
         22 21
         22 180
         23 24
         23 29
         23 30
         23 181
         24 23
         24 30
         24 182
         25 27
         25 28
         25 120
         25 183
         26 98
         26 184
         27 25
         27 98
         27 185
         28 25
         28 186
         29 23
         29 53
         29 187
         30 23
         30 24
         30 188
         31 13
         31 85
         31 132
         31 189
         32 35
         32 85
         32 190
         33 34
         33 36
         33 191
         34 33
         34 35
         34 37
         34 40
         34 192
         35 32
         35 34
         35 85
         35 193
         36 33
         36 117
         36 194
         37 34
         37 38
         37 195
         38 37
         38 84
         38 196
         39 40
         39 84
         39 197
         40 34
         40 39
         40 198
         41 44
         41 199
         42 45
         42 47
         42 200
         43 44
         43 88
         43 201
         44 41
         44 43
         44 202
         45 42
         45 46
         45 203
         46 45
         46 47
         46 204
         47 42
         47 46
         47 48
         47 138
         47 205
         48 47
         48 49
         48 206
         49 5
         49 48
         49 207
         50 136
         50 158
         50 208
         51 52
         51 58
         51 125
         51 126
         51 209
         52 51
         52 150
         52 210
         53 29
         53 54
         53 211
         54 53
         54 55
         54 59
         54 84
         54 212
         55 54
         55 56
         55 213
         56 55
         56 214
         57 58
         57 60
         57 215
         58 51
         58 57
         58 124
         58 129
         58 216
         59 54
         59 60
         59 217
         60 57
         60 59
         60 218
         61 154
         61 156
         61 219
         62 151
         62 156
         62 220
         63 79
         63 80
         63 221
         64 65
         64 80
         64 222
         65 64
         65 66
         65 223
         66 65
         66 127
         66 224
         67 92
         67 115
         67 225
         68 19
         68 107
         68 226
         69 77
         69 78
         69 227
         70 71
         70 78
         70 228
         71 70
         71 72
         71 229
         72 71
         72 230
         73 74
         73 75
         73 77
         73 231
         74 73
         74 75
         74 232
         75 73
         75 74
         75 233
         76 93
         76 112
         76 234
         77 69
         77 73
         77 93
         77 235
         78 21
         78 69
         78 70
         78 136
         78 152
         78 153
         78 236
         79 63
         79 121
         79 128
         79 237
         80 63
         80 64
         80 100
         80 238
         81 82
         81 87
         81 239
         82 81
         82 104
         82 240
         83 105
         83 106
         83 110
         83 241
         84 38
         84 39
         84 54
         84 242
         85 31
         85 32
         85 35
         85 243
         86 1
         86 2
         86 8
         86 244
         87 10
         87 81
         87 134
         87 245
         88 43
         88 144
         88 246
         89 90
         89 95
         89 247
         90 89
         90 116
         90 248
         91 92
         91 99
         91 249
         92 67
         92 91
         92 98
         92 118
         92 250
         93 76
         93 77
         93 94
         93 251
         94 93
         94 95
         94 252
         95 89
         95 94
         95 96
         95 253
         96 95
         96 111
         96 254
         97 121
         97 127
         97 255
         98 26
         98 27
         98 92
         98 99
         98 256
         99 91
         99 98
         99 257
         100 80
         100 122
         100 258
         101 102
         101 119
         101 259
         102 101
         102 109
         102 260
         103 104
         103 106
         103 261
         104 2
         104 82
         104 103
         104 134
         104 262
         105 83
         105 108
         105 263
         106 83
         106 103
         106 264
         107 68
         107 108
         107 109
         107 110
         107 265
         108 20
         108 105
         108 107
         108 266
         109 102
         109 107
         109 267
         110 8
         110 83
         110 107
         110 268
         111 96
         111 112
         111 114
         111 269
         112 76
         112 111
         112 270
         113 114
         113 116
         113 271
         114 111
         114 113
         114 272
         115 67
         115 118
         115 273
         116 90
         116 113
         116 274
         117 36
         117 118
         117 119
         117 275
         118 92
         118 115
         118 117
         118 276
         119 101
         119 117
         119 120
         119 277
         120 8
         120 25
         120 119
         120 278
         121 79
         121 97
         121 279
         122 100
         122 145
         122 280
         123 125
         123 130
         123 281
         124 58
         124 130
         124 282
         125 51
         125 123
         125 132
         125 283
         126 51
         126 131
         126 284
         127 66
         127 97
         127 285
         128 79
         128 129
         128 130
         128 286
         129 58
         129 128
         129 130
         129 287
         130 123
         130 124
         130 128
         130 129
         130 288
         131 126
         131 132
         131 289
         132 31
         132 125
         132 131
         132 290
         133 3
         133 134
         133 291
         134 87
         134 104
         134 133
         134 139
         134 292
         135 137
         135 138
         135 142
         135 293
         136 50
         136 78
         136 137
         136 294
         137 135
         137 136
         137 295
         138 47
         138 135
         138 296
         139 134
         139 140
         139 297
         140 139
         140 141
         140 298
         141 140
         141 142
         141 299
         142 135
         142 141
         142 300
         143 144
         143 158
         143 301
         144 88
         144 143
         144 302
         145 122
         145 146
         145 303
         146 145
         146 147
         146 304
         147 146
         147 148
         147 305
         148 147
         148 306
         149 150
         149 307
         150 52
         150 149
         150 308
         151 62
         151 152
         151 153
         151 155
         151 309
         152 78
         152 151
         152 310
         153 78
         153 151
         153 311
         154 61
         154 155
         154 312
         155 151
         155 154
         155 313
         156 61
         156 62
         156 157
         156 314
         157 156
         157 158
         157 315
         158 7
         158 50
         158 143
         158 157
         158 316
         
