   1 3
         2 20
         2 22
         3 4
         3 5
         3 11
         3 14
         3 23
         4 3
         4 24
         5 3
         5 8
         5 20
         5 25
         6 20
         7 20
         7 27
         8 5
         8 28
         10 20
         10 30
         11 3
         11 31
         12 3
         14 3
         14 16
         14 17
         14 20
         14 34
         15 14
         16 14
         16 36
         17 14
         17 37
         18 20
         19 20
         20 2
         20 5
         20 7
         20 10
         20 14
         20 40
         
