   1 4
         1 18
         1 19
         2 9
         2 17
         3 7
         3 10
         3 21
         4 1
         4 5
         4 22
         5 4
         5 7
         6 11
         6 14
         7 3
         7 5
         7 25
         8 9
         8 10
         8 26
         9 2
         9 8
         9 18
         9 27
         10 3
         10 8
         10 15
         10 28
         11 6
         11 12
         11 13
         11 17
         11 29
         12 11
         12 13
         12 30
         13 11
         13 12
         13 14
         13 15
         13 31
         14 6
         14 13
         14 32
         15 10
         15 13
         15 16
         15 33
         16 15
         16 17
         16 34
         17 2
         17 11
         17 16
         17 35
         18 1
         18 9
         
