   1 3
         1 4
         1 5
         1 6
         1 7
         1 8
         1 9
         1 10
         1 11
         1 88
         2 1
         2 5
         2 7
         2 11
         2 20
         3 1
         3 18
         3 19
         3 20
         3 90
         4 1
         4 19
         4 20
         4 33
         4 40
         4 43
         4 81
         5 92
         6 8
         6 35
         6 47
         6 79
         6 93
         7 1
         7 2
         7 8
         7 35
         7 79
         7 94
         8 1
         8 7
         8 19
         8 20
         8 95
         9 1
         9 18
         9 19
         9 20
         9 31
         9 47
         9 58
         9 67
         9 75
         9 96
         10 1
         10 5
         10 20
         10 97
         11 1
         11 2
         11 13
         11 98
         12 13
         12 14
         12 15
         12 16
         12 17
         12 99
         13 11
         13 12
         13 15
         13 16
         13 40
         13 49
         13 50
         13 100
         14 12
         14 56
         15 12
         15 13
         15 102
         16 12
         16 13
         16 62
         16 63
         16 103
         17 12
         17 104
         18 3
         18 9
         18 105
         19 3
         19 4
         19 8
         19 9
         19 106
         20 2
         20 3
         20 4
         20 8
         20 9
         20 10
         20 107
         21 22
         21 23
         21 108
         22 21
         22 26
         22 27
         22 29
         22 30
         23 21
         23 24
         23 28
         23 85
         23 110
         24 21
         24 36
         24 40
         24 111
         25 53
         25 54
         25 112
         26 113
         27 55
         27 114
         28 22
         28 23
         28 24
         28 36
         28 37
         28 38
         28 39
         28 40
         29 22
         29 41
         29 80
         29 116
         30 22
         30 27
         30 55
         30 73
         30 80
         30 83
         30 117
         31 9
         31 32
         31 33
         31 34
         31 118
         32 48
         32 119
         33 4
         33 31
         33 32
         33 34
         33 120
         34 31
         34 33
         34 48
         34 121
         35 5
         35 6
         35 7
         35 10
         35 11
         36 24
         36 28
         36 40
         36 43
         36 53
         36 123
         37 28
         37 41
         37 43
         37 124
         38 28
         38 41
         38 43
         38 125
         39 126
         40 4
         40 13
         40 24
         40 28
         40 36
         40 127
         41 29
         41 37
         41 38
         41 43
         41 44
         41 45
         41 46
         41 47
         41 128
         42 38
         42 41
         42 43
         43 4
         43 36
         43 37
         43 38
         43 41
         44 41
         44 58
         44 67
         44 76
         44 77
         44 78
         45 41
         45 67
         45 76
         45 132
         46 41
         46 58
         46 71
         46 77
         46 78
         46 133
         47 6
         47 9
         47 41
         47 87
         48 32
         48 34
         48 82
         49 13
         49 136
         50 13
         50 137
         51 52
         51 138
         52 51
         52 59
         53 25
         53 36
         53 54
         53 55
         54 25
         54 53
         54 56
         54 57
         54 141
         55 27
         55 30
         55 142
         56 14
         56 54
         56 143
         57 54
         57 68
         57 69
         57 70
         57 144
         58 9
         58 44
         58 46
         58 59
         58 145
         59 52
         59 58
         59 67
         59 146
         61 14
         62 16
         62 149
         63 16
         63 150
         64 65
         64 66
         64 151
         65 64
         65 66
         65 152
         66 64
         66 65
         66 81
         66 82
         67 9
         67 44
         67 45
         67 59
         67 154
         68 57
         68 155
         69 57
         69 156
         70 57
         70 73
         70 74
         70 157
         71 158
         72 9
         72 46
         73 26
         73 30
         73 70
         73 80
         74 70
         74 83
         74 161
         75 162
         76 44
         76 163
         77 44
         77 46
         77 164
         78 44
         78 46
         78 84
         78 165
         79 6
         79 7
         79 166
         80 26
         80 29
         80 30
         80 73
         80 83
         80 167
         81 4
         81 66
         81 168
         82 48
         82 66
         82 169
         83 26
         83 30
         83 74
         83 80
         83 170
         84 78
         84 171
         85 23
         85 172
         86 85
         87 47
         87 174
         
