   1 3
         1 5
         1 8
         1 12
         2 7
         2 11
         2 13
         3 1
         3 14
         4 5
         4 9
         4 15
         5 1
         5 4
         5 6
         5 9
         5 10
         5 11
         5 16
         6 5
         6 7
         6 17
         7 2
         7 6
         7 8
         7 11
         7 18
         8 1
         8 7
         8 9
         8 19
         9 4
         9 5
         9 8
         9 10
         9 20
         10 5
         10 9
         10 11
         10 21
         11 2
         11 5
         11 7
         11 8
         11 10
         11 22
         
