   1 2
         1 3
         1 5
         1 31
         1 35
         2 1
         2 34
         3 1
         3 5
         3 32
         3 33
         3 37
         3 39
         3 43
         4 5
         4 6
         4 31
         5 1
         5 3
         5 6
         5 7
         5 9
         5 30
         5 32
         5 45
         6 4
         6 5
         6 24
         6 46
         7 5
         7 8
         7 47
         8 7
         8 9
         8 35
         9 5
         9 8
         9 10
         9 49
         10 9
         10 16
         10 30
         10 50
         13 14
         13 16
         13 23
         13 53
         14 54
         15 13
         15 14
         16 10
         16 13
         16 30
         16 56
         23 13
         23 14
         23 24
         23 27
         23 28
         23 63
         24 6
         24 23
         24 30
         25 26
         25 35
         26 8
         26 9
         26 10
         27 23
         27 67
         28 23
         28 29
         28 68
         29 28
         29 30
         29 69
         30 5
         30 10
         30 16
         30 24
         30 29
         30 70
         31 1
         31 4
         31 40
         32 3
         32 5
         32 72
         33 73
         34 2
         34 35
         34 74
         35 1
         35 8
         35 33
         35 34
         35 75
         36 3
         37 3
         37 38
         37 77
         38 37
         38 78
         39 3
         39 40
         39 79
         40 31
         40 39
         40 80
         
