   1 6
         1 24
         2 4
         2 6
         2 7
         2 12
         2 14
         2 17
         2 18
         2 20
         2 25
         3 14
         3 26
         4 2
         4 27
         5 6
         5 28
         6 1
         6 2
         6 5
         6 9
         6 11
         6 14
         6 16
         6 20
         6 29
         7 2
         7 30
         8 2
         9 6
         9 32
         10 14
         10 33
         11 6
         11 34
         12 2
         12 35
         13 20
         13 36
         14 2
         14 3
         14 6
         14 10
         14 20
         14 23
         14 37
         15 14
         16 39
         17 2
         17 40
         18 2
         18 41
         19 20
         19 42
         20 2
         20 6
         20 13
         20 14
         20 19
         20 21
         20 22
         20 43
         21 20
         21 44
         22 20
         22 45
         23 14
         23 46
         
