   1 31
         1 57
         2 5
         2 58
         3 31
         3 59
         4 33
         4 60
         5 2
         5 8
         5 9
         5 51
         5 61
         6 51
         6 62
         7 41
         7 51
         7 63
         8 5
         8 64
         9 5
         9 10
         9 20
         9 40
         9 41
         9 42
         9 51
         9 65
         10 9
         10 66
         11 19
         11 67
         12 26
         12 68
         13 26
         13 30
         13 31
         13 42
         13 45
         13 51
         13 53
         13 69
         14 31
         14 32
         14 33
         14 49
         14 54
         14 70
         15 30
         16 30
         16 52
         16 72
         17 20
         17 37
         17 39
         17 45
         17 51
         17 73
         18 20
         18 74
         19 11
         19 20
         19 75
         20 9
         20 17
         20 18
         20 19
         20 21
         20 22
         20 76
         21 20
         21 77
         22 20
         22 78
         23 33
         23 79
         24 33
         24 80
         25 51
         25 81
         26 12
         26 13
         26 27
         26 55
         26 82
         27 26
         27 83
         28 30
         28 84
         29 30
         29 85
         30 13
         30 16
         30 28
         30 29
         30 31
         30 86
         31 1
         31 3
         31 13
         31 14
         31 30
         31 33
         31 48
         31 52
         31 87
         32 14
         32 88
         33 4
         33 14
         33 23
         33 24
         33 31
         33 34
         33 35
         33 36
         33 47
         33 51
         33 52
         33 89
         34 33
         34 52
         34 90
         35 33
         35 55
         35 91
         36 33
         36 50
         36 55
         36 92
         37 17
         37 93
         38 45
         38 94
         39 17
         39 95
         40 9
         40 51
         40 96
         41 7
         41 9
         41 97
         42 9
         42 13
         42 56
         42 98
         43 45
         43 99
         44 45
         44 100
         45 13
         45 17
         45 38
         45 43
         45 44
         45 46
         45 101
         46 45
         46 102
         47 33
         47 103
         48 31
         48 104
         49 14
         49 105
         50 36
         50 106
         51 5
         51 6
         51 7
         51 9
         51 13
         51 17
         51 25
         51 33
         51 40
         51 55
         51 107
         52 16
         52 31
         52 33
         52 34
         52 108
         53 13
         53 109
         54 14
         54 110
         55 26
         55 35
         55 36
         55 51
         55 111
         56 42
         56 112
         
