   1 2
         1 6
         1 7
         1 8
         1 35
         2 1
         2 6
         2 8
         2 36
         4 5
         4 7
         4 8
         4 38
         5 4
         5 39
         6 1
         6 2
         6 8
         6 40
         7 1
         7 4
         7 41
         8 1
         8 2
         8 4
         8 6
         8 9
         8 21
         8 23
         8 24
         8 42
         9 8
         9 20
         9 21
         9 23
         9 24
         9 26
         9 43
         10 16
         10 17
         10 44
         11 15
         11 19
         11 20
         11 45
         12 13
         12 14
         12 20
         12 24
         13 47
         14 12
         14 15
         14 17
         14 18
         14 48
         15 11
         15 14
         15 16
         15 24
         15 49
         16 10
         16 14
         16 15
         16 20
         16 50
         17 10
         17 14
         17 18
         17 51
         18 14
         18 17
         18 21
         18 52
         19 11
         19 20
         19 53
         20 9
         20 11
         20 12
         20 15
         20 16
         20 19
         20 21
         20 22
         20 26
         20 30
         20 54
         21 8
         21 9
         21 18
         21 20
         21 23
         21 24
         21 29
         21 55
         22 20
         22 24
         22 56
         23 8
         23 9
         23 21
         23 25
         23 26
         23 57
         24 8
         24 9
         24 12
         24 15
         24 21
         24 22
         24 26
         24 30
         24 58
         25 23
         25 27
         25 28
         25 59
         26 9
         26 20
         26 23
         26 24
         26 60
         27 25
         27 61
         28 25
         28 27
         28 62
         29 63
         30 20
         30 24
         30 64
         
