   1 4
         1 7
         1 16
         1 41
         1 45
         2 41
         3 44
         4 1
         4 19
         4 41
         4 48
         5 8
         5 49
         6 7
         6 8
         6 50
         7 1
         7 6
         7 8
         7 10
         7 51
         8 5
         8 6
         8 7
         8 10
         8 12
         8 18
         8 20
         8 41
         8 44
         8 52
         9 8
         10 7
         10 8
         10 11
         10 30
         10 54
         11 10
         11 55
         12 8
         12 56
         13 41
         14 41
         15 40
         15 59
         16 1
         16 60
         17 29
         18 8
         18 62
         19 4
         19 63
         20 8
         20 64
         21 42
         22 4
         23 6
         24 8
         25 8
         26 41
         27 44
         28 41
         28 72
         29 10
         30 10
         30 74
         31 4
         32 41
         33 41
         34 41
         35 41
         35 79
         36 41
         36 80
         37 38
         38 41
         38 44
         38 82
         39 40
         40 15
         40 41
         40 84
         41 1
         41 4
         41 8
         41 28
         41 35
         41 36
         41 38
         41 40
         41 44
         41 85
         42 1
         42 40
         42 41
         43 41
         44 8
         44 38
         44 41
         44 88
         
