   1 2
         1 9
         1 64
         1 65
         1 114
         2 1
         2 115
         3 56
         3 88
         3 116
         4 5
         4 46
         4 48
         4 87
         4 89
         4 117
         5 4
         5 6
         5 7
         5 8
         5 87
         5 118
         6 5
         6 47
         7 5
         7 63
         7 81
         7 82
         7 120
         8 5
         8 9
         8 121
         9 1
         9 8
         9 64
         9 87
         9 122
         10 1
         10 64
         10 123
         11 14
         11 105
         11 124
         12 11
         12 14
         12 105
         12 125
         13 14
         13 20
         13 126
         14 11
         14 13
         14 127
         15 18
         15 85
         15 128
         16 48
         16 98
         16 129
         17 105
         17 130
         18 15
         18 44
         19 20
         19 36
         19 132
         20 13
         20 19
         20 37
         20 105
         20 133
         21 22
         21 24
         21 134
         22 21
         22 27
         22 135
         23 21
         23 84
         23 136
         24 21
         24 106
         24 137
         25 26
         25 28
         25 96
         25 138
         26 25
         26 27
         26 29
         26 90
         26 93
         26 139
         27 22
         27 26
         28 25
         28 84
         28 141
         29 142
         30 143
         31 32
         31 37
         31 78
         31 104
         31 144
         32 31
         32 37
         32 113
         32 145
         33 34
         33 35
         34 33
         34 147
         35 33
         35 36
         36 19
         36 35
         36 149
         37 20
         37 31
         37 32
         37 150
         38 20
         38 32
         38 37
         41 42
         41 50
         41 154
         42 43
         43 44
         44 46
         44 157
         46 4
         46 44
         47 6
         47 48
         47 160
         48 4
         48 16
         48 52
         48 61
         48 74
         48 85
         48 112
         48 161
         49 50
         49 162
         50 41
         50 49
         50 55
         50 85
         50 163
         51 52
         51 53
         51 58
         51 92
         51 164
         52 48
         52 51
         52 165
         53 51
         53 54
         54 53
         54 60
         54 61
         54 167
         55 50
         55 56
         55 57
         55 91
         55 112
         55 168
         56 3
         56 55
         56 95
         56 112
         56 169
         57 55
         57 58
         58 49
         58 51
         58 57
         59 62
         59 106
         59 111
         59 172
         60 61
         60 173
         61 48
         61 54
         61 60
         61 98
         61 105
         61 174
         62 59
         62 83
         63 7
         63 71
         63 81
         63 86
         63 176
         64 1
         64 9
         64 10
         64 71
         64 86
         64 177
         65 1
         65 67
         65 178
         67 65
         67 70
         67 86
         67 180
         69 70
         69 72
         70 67
         70 69
         71 63
         71 64
         71 72
         71 184
         72 69
         72 71
         72 185
         73 74
         73 76
         73 82
         73 186
         74 48
         74 73
         74 99
         74 187
         75 76
         75 104
         75 113
         76 73
         76 75
         76 77
         76 105
         77 76
         77 101
         77 190
         78 31
         78 82
         78 101
         78 104
         79 192
         80 103
         81 7
         81 194
         82 7
         82 73
         82 78
         82 102
         82 195
         83 62
         83 84
         83 196
         84 23
         84 28
         84 83
         84 197
         85 15
         85 48
         85 50
         85 198
         86 63
         86 64
         86 67
         86 199
         87 4
         87 5
         87 9
         87 200
         88 3
         88 89
         89 4
         89 88
         89 94
         89 202
         90 26
         90 91
         90 97
         90 203
         91 55
         91 90
         92 51
         92 93
         92 205
         93 26
         93 30
         93 92
         94 89
         94 95
         94 207
         95 56
         95 94
         95 96
         95 208
         96 25
         96 95
         96 97
         97 90
         97 96
         97 210
         98 16
         98 61
         98 99
         98 211
         99 74
         99 98
         99 100
         99 212
         100 99
         100 105
         100 113
         100 213
         101 77
         101 78
         101 103
         101 214
         102 79
         102 82
         102 103
         102 215
         103 101
         103 102
         103 216
         104 31
         104 75
         104 78
         104 217
         105 11
         105 12
         105 17
         105 20
         105 61
         105 76
         105 100
         105 218
         106 24
         106 59
         106 107
         106 219
         107 106
         107 220
         108 107
         109 108
         109 110
         110 111
         111 59
         111 224
         112 48
         112 55
         112 56
         113 32
         113 100
         
