   1 2
         1 3
         1 4
         1 10
         1 23
         1 29
         1 30
         1 31
         1 47
         2 1
         2 3
         2 23
         2 48
         3 49
         4 1
         4 13
         4 31
         4 32
         4 50
         5 7
         6 5
         6 10
         6 13
         6 19
         6 52
         7 10
         7 13
         7 53
         8 10
         8 13
         8 54
         10 1
         10 6
         10 7
         10 17
         10 56
         13 4
         13 6
         13 7
         13 8
         13 18
         13 26
         16 17
         16 22
         16 26
         16 62
         17 10
         17 16
         17 18
         17 22
         17 26
         17 29
         17 30
         17 31
         17 63
         18 13
         18 16
         18 17
         18 26
         18 29
         18 30
         18 31
         18 64
         19 6
         19 65
         22 68
         23 1
         23 24
         23 29
         23 30
         23 32
         23 69
         24 23
         24 30
         24 70
         26 13
         26 16
         26 17
         26 18
         26 72
         29 1
         29 17
         29 18
         29 23
         29 30
         29 31
         29 32
         29 75
         30 1
         30 17
         30 18
         30 23
         30 24
         30 29
         30 76
         31 1
         31 4
         31 17
         31 29
         31 32
         31 77
         32 4
         32 23
         32 29
         32 31
         32 78
         
