   1 42
         3 25
         3 33
         3 44
         4 33
         5 8
         6 47
         7 8
         8 1
         8 9
         8 10
         8 25
         8 26
         8 30
         8 49
         9 50
         10 8
         10 51
         11 22
         12 22
         12 53
         13 14
         13 29
         13 54
         14 13
         14 22
         14 55
         15 16
         15 56
         16 15
         16 17
         16 18
         16 22
         16 30
         16 57
         17 16
         17 58
         18 16
         18 59
         19 22
         19 60
         20 22
         20 61
         21 25
         21 29
         21 62
         22 6
         22 12
         22 14
         22 16
         22 19
         22 20
         22 25
         22 29
         22 32
         22 38
         22 63
         24 22
         25 3
         25 8
         25 21
         25 22
         25 26
         25 29
         25 32
         25 33
         25 66
         26 8
         26 25
         26 67
         27 68
         28 69
         29 13
         29 21
         29 22
         29 25
         29 28
         29 30
         30 8
         30 16
         30 27
         30 29
         30 31
         30 71
         31 30
         31 72
         32 22
         32 25
         32 73
         33 3
         33 25
         33 74
         34 38
         35 22
         37 38
         37 78
         38 22
         38 37
         38 79
         39 38
         41 22
         
