   1 2
         1 4
         1 15
         1 21
         2 1
         2 4
         2 5
         3 4
         3 12
         3 17
         3 20
         3 23
         4 1
         4 2
         4 3
         5 2
         5 8
         5 25
         6 7
         6 9
         6 26
         7 6
         7 8
         7 9
         7 15
         7 27
         8 5
         8 7
         8 10
         8 28
         9 6
         9 7
         9 10
         9 29
         10 8
         10 9
         10 13
         10 14
         10 15
         10 16
         10 30
         11 20
         11 31
         12 3
         12 11
         13 10
         13 14
         13 33
         14 34
         15 1
         15 7
         15 10
         15 14
         15 17
         15 35
         16 10
         16 17
         16 36
         17 3
         17 15
         17 18
         17 37
         18 17
         18 19
         19 18
         19 20
         19 39
         20 3
         20 11
         20 19
         
