   1 3
         1 4
         1 6
         1 8
         1 49
         2 4
         2 7
         3 1
         3 38
         3 39
         3 51
         4 1
         4 2
         4 52
         5 6
         5 8
         5 26
         5 53
         6 1
         6 5
         6 12
         6 23
         6 54
         7 2
         7 46
         7 55
         8 1
         8 5
         8 46
         8 56
         9 10
         9 11
         9 25
         9 57
         10 9
         10 33
         10 39
         10 58
         11 9
         11 12
         11 19
         11 20
         12 6
         12 11
         12 22
         12 60
         13 14
         13 28
         13 61
         14 13
         14 15
         14 17
         14 62
         15 14
         15 63
         16 64
         17 14
         17 16
         17 18
         17 65
         18 17
         18 19
         18 20
         18 66
         19 11
         19 18
         19 67
         20 11
         20 18
         20 68
         21 22
         21 23
         21 69
         22 12
         22 21
         22 70
         23 6
         23 21
         23 24
         23 26
         23 71
         24 23
         24 72
         25 9
         25 39
         25 73
         26 5
         26 23
         26 74
         27 34
         27 37
         27 75
         28 76
         30 43
         31 32
         31 34
         32 31
         32 33
         33 10
         33 32
         33 81
         34 31
         34 37
         34 82
         35 36
         35 83
         36 35
         36 37
         37 27
         37 34
         37 36
         37 44
         37 85
         38 3
         38 39
         38 47
         38 86
         39 3
         39 10
         39 25
         39 38
         40 88
         41 42
         41 45
         41 89
         42 41
         42 43
         42 44
         42 90
         43 42
         43 91
         44 37
         44 40
         44 42
         45 41
         45 46
         45 93
         46 7
         46 8
         46 45
         46 47
         46 94
         47 38
         47 46
         47 95
         
