   1 15
         1 37
         2 31
         2 38
         3 13
         3 39
         4 15
         4 40
         5 28
         5 41
         6 31
         6 42
         7 14
         7 43
         8 28
         8 44
         9 28
         9 45
         10 30
         10 46
         11 30
         11 47
         12 30
         12 48
         13 3
         13 32
         13 33
         13 49
         14 7
         14 27
         14 33
         14 50
         15 1
         15 4
         15 31
         15 32
         15 51
         16 30
         16 52
         17 30
         17 53
         18 28
         18 54
         19 28
         19 55
         20 56
         21 28
         21 57
         22 30
         22 58
         23 30
         23 59
         24 29
         24 60
         25 29
         25 61
         26 29
         26 32
         26 62
         27 14
         27 63
         28 5
         28 8
         28 9
         28 18
         28 19
         28 20
         28 21
         28 35
         28 64
         29 24
         29 25
         29 26
         29 65
         30 10
         30 11
         30 12
         30 16
         30 17
         30 22
         30 23
         30 34
         30 66
         31 2
         31 6
         31 15
         31 34
         31 67
         32 13
         32 15
         32 26
         32 68
         33 13
         33 14
         33 35
         33 69
         34 30
         34 31
         34 70
         35 28
         35 33
         35 71
         
