   1 14
         1 29
         2 14
         2 30
         3 21
         3 31
         4 23
         4 32
         5 15
         5 33
         6 26
         6 34
         7 14
         7 35
         8 21
         8 36
         9 12
         9 37
         10 11
         10 23
         10 38
         11 10
         11 15
         11 39
         12 9
         12 25
         12 40
         13 25
         13 41
         14 1
         14 2
         14 7
         14 17
         14 21
         14 26
         14 42
         15 5
         15 11
         15 16
         15 21
         15 25
         15 43
         16 15
         16 17
         16 19
         16 21
         16 44
         17 14
         17 16
         17 45
         18 20
         18 46
         19 16
         19 47
         20 18
         20 21
         20 48
         21 3
         21 8
         21 14
         21 15
         21 16
         21 20
         21 24
         21 25
         21 27
         21 49
         22 23
         22 50
         23 4
         23 10
         23 22
         23 51
         24 21
         24 52
         25 12
         25 13
         25 15
         25 21
         25 53
         26 6
         26 14
         26 54
         27 21
         27 55
         
