   1 2
         1 16
         1 25
         2 1
         2 7
         2 11
         2 26
         3 12
         3 27
         4 16
         4 28
         5 29
         6 5
         6 11
         6 17
         6 30
         7 2
         7 31
         8 11
         9 11
         9 33
         10 13
         10 14
         10 34
         11 2
         11 6
         11 9
         11 12
         11 14
         11 35
         12 3
         12 11
         12 16
         12 18
         12 19
         12 20
         12 21
         12 22
         12 24
         12 36
         13 10
         13 37
         14 7
         14 10
         14 11
         14 38
         15 16
         15 24
         15 39
         16 1
         16 4
         16 12
         16 15
         16 40
         17 6
         17 18
         17 41
         18 12
         18 17
         18 42
         19 12
         19 43
         20 12
         20 44
         21 12
         21 45
         22 12
         22 46
         23 22
         24 12
         24 48
         
