   1 4
         1 7
         1 38
         2 7
         2 39
         3 4
         3 29
         3 40
         4 1
         4 3
         4 41
         5 6
         5 8
         5 42
         6 5
         6 9
         6 43
         7 1
         7 2
         7 12
         7 44
         8 5
         8 12
         8 15
         8 45
         9 6
         9 10
         9 13
         9 15
         9 18
         9 46
         10 9
         10 47
         11 18
         11 48
         12 7
         12 8
         12 15
         12 28
         12 49
         13 9
         13 15
         13 17
         13 18
         13 24
         13 50
         14 15
         14 28
         14 51
         15 8
         15 9
         15 12
         15 13
         15 14
         15 20
         15 21
         15 22
         15 24
         15 27
         15 28
         15 34
         15 52
         16 17
         16 53
         17 13
         17 16
         17 54
         18 9
         18 11
         18 13
         18 55
         19 15
         20 15
         20 57
         21 15
         21 58
         22 59
         23 29
         23 36
         23 60
         24 61
         26 27
         26 63
         27 15
         27 26
         28 12
         28 14
         28 15
         28 65
         29 3
         29 23
         29 66
         30 15
         31 33
         31 68
         32 33
         32 69
         33 31
         33 32
         33 34
         33 35
         33 70
         34 15
         34 33
         34 71
         35 33
         35 36
         35 72
         36 23
         36 35
         36 73
         37 15
         
