   1 2
         1 4
         2 1
         2 14
         2 26
         3 7
         3 20
         3 31
         4 1
         4 7
         4 32
         5 6
         5 8
         5 33
         6 5
         6 9
         6 34
         7 3
         7 4
         7 8
         7 35
         8 5
         8 7
         8 36
         9 6
         9 10
         9 37
         10 9
         10 17
         10 38
         11 12
         11 18
         11 39
         12 11
         12 13
         13 12
         13 14
         13 16
         14 2
         14 13
         15 26
         15 27
         15 43
         16 13
         16 17
         17 10
         17 16
         17 18
         17 45
         18 11
         18 17
         18 46
         19 23
         19 28
         19 47
         20 3
         20 27
         20 28
         20 48
         21 22
         21 24
         22 21
         22 23
         23 19
         23 22
         24 21
         24 25
         24 52
         25 24
         25 26
         25 53
         26 2
         26 15
         26 25
         26 54
         27 15
         27 20
         28 19
         28 20
         
