   1 12
         1 19
         2 12
         2 20
         3 10
         3 11
         3 21
         4 12
         4 22
         5 12
         5 23
         6 7
         6 8
         6 12
         6 24
         7 6
         7 12
         7 25
         8 6
         8 12
         8 26
         9 16
         9 18
         9 27
         10 3
         10 11
         10 28
         11 3
         11 10
         11 12
         11 16
         11 29
         12 1
         12 2
         12 4
         12 5
         12 6
         12 7
         12 8
         12 11
         12 16
         12 30
         13 16
         13 31
         14 16
         14 32
         15 16
         15 33
         16 9
         16 11
         16 12
         16 13
         16 14
         16 15
         16 17
         16 18
         16 34
         17 16
         17 35
         18 9
         18 16
         18 36
         
