   1 2
         1 4
         1 18
         2 1
         2 15
         2 19
         3 4
         3 9
         3 14
         3 20
         4 1
         4 3
         5 12
         5 14
         5 22
         6 7
         6 13
         6 23
         7 6
         7 15
         7 24
         8 11
         8 12
         8 25
         9 3
         9 12
         9 26
         10 11
         10 16
         10 27
         11 8
         11 10
         11 17
         11 28
         12 5
         12 8
         12 9
         12 29
         13 6
         13 14
         13 30
         14 3
         14 5
         14 13
         14 31
         15 2
         15 7
         15 32
         16 10
         16 17
         16 33
         17 11
         17 34
         
