   1 5
         1 7
         1 8
         1 27
         2 3
         2 7
         2 28
         3 2
         3 4
         3 18
         3 25
         3 29
         4 3
         4 8
         4 30
         5 1
         5 11
         6 9
         6 17
         6 32
         7 1
         7 2
         7 33
         8 1
         8 2
         8 4
         9 6
         9 10
         9 35
         10 9
         10 11
         10 14
         10 36
         11 5
         11 10
         11 16
         11 37
         12 13
         12 16
         12 38
         13 12
         13 14
         13 39
         14 10
         14 13
         14 40
         15 17
         15 41
         16 11
         16 12
         16 42
         17 6
         17 15
         17 18
         17 26
         18 3
         18 17
         18 44
         19 20
         19 45
         20 19
         20 21
         20 46
         21 20
         21 23
         21 47
         22 20
         22 23
         22 48
         23 21
         23 22
         23 24
         23 49
         24 23
         24 25
         24 26
         24 50
         25 3
         25 24
         26 17
         26 24
         26 52
         
