   1 83
         1 125
         1 180
         2 3
         2 119
         2 125
         2 181
         3 2
         3 182
         4 3
         5 125
         7 8
         7 19
         8 7
         8 65
         8 187
         9 61
         9 188
         10 12
         10 14
         10 189
         11 17
         11 190
         12 10
         12 93
         13 69
         13 73
         13 192
         14 10
         14 15
         14 16
         15 14
         15 73
         15 194
         16 14
         16 40
         16 195
         17 11
         17 49
         17 196
         19 7
         19 24
         19 198
         20 199
         21 19
         22 25
         22 107
         22 201
         23 106
         23 116
         24 19
         24 20
         24 98
         25 22
         25 204
         26 27
         26 28
         26 205
         27 26
         27 31
         28 26
         28 103
         28 129
         28 207
         29 30
         29 115
         30 29
         30 33
         31 27
         31 126
         31 210
         33 30
         33 126
         34 38
         34 133
         34 213
         35 34
         36 40
         36 123
         36 215
         37 216
         38 34
         38 41
         38 217
         39 218
         40 16
         40 36
         40 37
         41 38
         41 123
         42 122
         42 221
         43 86
         43 122
         43 222
         44 46
         44 58
         44 64
         44 102
         44 223
         45 46
         45 57
         45 224
         46 44
         46 45
         46 225
         48 58
         48 75
         48 227
         49 17
         49 50
         49 51
         49 52
         49 57
         49 102
         49 228
         50 229
         51 49
         51 122
         51 230
         52 49
         52 101
         52 231
         53 54
         53 101
         53 232
         54 53
         54 55
         54 233
         55 54
         55 94
         55 234
         56 235
         57 45
         57 49
         57 101
         57 236
         58 44
         58 48
         58 237
         59 60
         59 61
         59 64
         59 65
         60 59
         60 61
         60 76
         60 239
         61 9
         61 59
         61 60
         61 240
         62 9
         63 64
         63 242
         64 44
         64 59
         64 63
         64 243
         65 8
         65 59
         65 244
         66 68
         66 70
         66 121
         66 245
         67 121
         67 124
         67 246
         68 66
         68 124
         69 13
         69 56
         69 70
         70 66
         70 69
         71 121
         71 250
         72 100
         72 109
         72 251
         73 13
         73 15
         73 252
         74 108
         75 48
         75 80
         76 60
         76 79
         77 78
         77 121
         77 256
         78 77
         78 79
         79 76
         79 78
         80 75
         80 124
         80 259
         81 85
         81 98
         82 83
         83 1
         83 84
         83 262
         84 83
         84 85
         84 263
         85 81
         85 84
         85 264
         86 43
         86 88
         86 265
         87 88
         87 89
         87 90
         88 86
         88 87
         88 267
         89 87
         89 92
         89 268
         90 269
         91 92
         91 93
         92 89
         92 91
         93 12
         93 91
         93 272
         94 55
         94 96
         94 273
         95 96
         95 97
         96 94
         96 95
         96 275
         97 95
         97 135
         97 276
         98 24
         98 81
         98 99
         98 277
         99 98
         99 135
         99 278
         100 72
         100 130
         100 134
         100 279
         101 52
         101 53
         101 57
         101 280
         102 44
         102 49
         102 281
         103 28
         103 108
         103 109
         103 128
         103 282
         104 105
         104 106
         105 104
         105 110
         106 23
         106 104
         106 127
         106 285
         107 22
         107 127
         107 286
         108 103
         108 109
         108 138
         108 287
         109 72
         109 103
         109 108
         109 110
         109 288
         110 105
         110 109
         110 289
         111 110
         112 113
         112 127
         112 291
         113 112
         113 115
         113 292
         114 119
         114 293
         115 29
         115 113
         115 294
         116 23
         116 117
         117 116
         117 296
         118 119
         118 297
         119 2
         119 114
         119 118
         119 126
         119 298
         121 66
         121 67
         121 71
         121 77
         122 42
         122 43
         122 51
         122 301
         123 36
         123 39
         123 41
         123 302
         124 67
         124 68
         124 80
         125 1
         125 2
         125 304
         126 31
         126 33
         126 119
         126 305
         127 106
         127 107
         127 112
         127 306
         128 103
         128 307
         129 28
         129 128
         129 308
         130 100
         130 131
         130 309
         131 130
         131 132
         131 310
         132 131
         132 133
         132 311
         133 34
         133 132
         133 312
         134 100
         134 135
         134 313
         135 97
         135 99
         135 134
         135 136
         135 314
         136 135
         136 137
         137 136
         137 138
         137 316
         138 108
         138 137
         138 317
         
