   1 17
         1 22
         2 3
         2 4
         2 5
         2 7
         2 23
         3 2
         3 13
         3 21
         3 24
         4 2
         4 25
         5 2
         5 4
         5 8
         6 27
         7 2
         7 28
         8 5
         8 6
         8 7
         8 29
         9 10
         9 15
         10 11
         11 16
         11 19
         11 32
         12 13
         12 14
         12 15
         12 20
         12 33
         13 3
         13 12
         13 34
         14 35
         15 12
         15 14
         15 16
         16 11
         16 15
         16 37
         17 1
         17 38
         19 11
         19 20
         19 40
         20 12
         20 17
         20 19
         20 21
         21 1
         21 3
         21 20
         21 42
         
