   1 2
         1 4
         1 13
         1 46
         2 1
         2 7
         2 28
         2 47
         3 4
         3 15
         3 37
         3 48
         4 1
         4 3
         4 49
         5 6
         5 38
         5 40
         5 50
         6 5
         6 7
         6 9
         7 2
         7 6
         7 52
         9 6
         9 41
         9 54
         10 6
         10 9
         11 14
         11 19
         11 56
         13 1
         13 14
         13 27
         14 11
         14 13
         14 15
         14 22
         15 3
         15 14
         15 16
         15 37
         15 60
         16 15
         16 61
         17 15
         18 17
         18 19
         18 25
         18 36
         19 11
         19 18
         19 20
         19 64
         20 19
         20 21
         21 20
         21 23
         21 25
         21 66
         22 14
         22 25
         22 32
         23 68
         25 18
         25 21
         25 22
         25 23
         25 70
         26 27
         27 13
         27 32
         28 2
         28 35
         29 74
         30 38
         30 75
         31 28
         32 22
         32 27
         32 33
         32 34
         32 77
         33 32
         33 35
         33 78
         34 32
         34 33
         34 35
         34 79
         35 28
         35 29
         35 33
         35 34
         35 80
         36 16
         36 18
         36 37
         36 81
         37 3
         37 15
         37 36
         37 44
         37 82
         38 5
         38 30
         38 83
         39 38
         39 84
         40 5
         40 39
         41 9
         41 42
         42 41
         42 44
         42 87
         44 37
         44 42
         44 89
         45 36
         45 44
         
