   1 2
         1 5
         2 1
         2 17
         2 20
         3 4
         3 21
         4 3
         4 18
         5 1
         5 8
         5 23
         6 3
         7 8
         8 5
         8 26
         9 10
         9 12
         9 27
         10 9
         10 28
         11 12
         11 14
         11 29
         12 9
         12 11
         12 30
         13 14
         13 16
         13 31
         14 11
         14 13
         14 32
         15 16
         15 18
         15 33
         16 13
         16 15
         16 34
         17 2
         17 18
         17 35
         18 4
         18 15
         18 17
         18 36
         
