   1 36
         1 39
         1 51
         1 75
         2 16
         2 25
         2 62
         2 76
         3 41
         3 43
         3 62
         3 77
         4 36
         4 37
         4 70
         4 78
         5 79
         6 41
         6 80
         7 81
         8 82
         9 15
         9 31
         9 40
         9 83
         10 84
         11 85
         12 86
         13 7
         13 16
         13 23
         13 87
         14 25
         14 88
         15 9
         15 43
         15 89
         16 2
         16 13
         16 90
         17 91
         18 17
         18 43
         18 92
         19 50
         19 61
         19 63
         19 93
         20 21
         20 48
         20 64
         20 94
         21 20
         21 35
         21 52
         21 95
         22 23
         22 26
         22 71
         23 13
         23 22
         23 26
         23 35
         23 97
         24 30
         24 44
         24 98
         25 2
         25 14
         25 30
         25 99
         26 22
         26 23
         26 100
         27 24
         27 30
         27 101
         28 102
         29 56
         29 63
         30 10
         30 24
         30 25
         30 27
         30 32
         30 51
         30 104
         31 9
         31 36
         31 105
         32 106
         33 64
         33 107
         34 43
         34 47
         35 21
         35 23
         35 109
         36 1
         36 4
         36 31
         36 71
         36 110
         37 4
         37 71
         37 111
         38 51
         38 112
         39 113
         40 9
         40 51
         40 114
         41 3
         41 5
         41 6
         41 8
         41 11
         41 12
         41 18
         41 28
         41 115
         42 18
         42 41
         43 3
         43 15
         43 18
         43 34
         43 46
         43 117
         44 24
         44 45
         44 46
         45 44
         45 47
         46 43
         46 44
         46 120
         47 121
         48 20
         48 56
         48 64
         48 122
         49 30
         50 19
         50 61
         50 67
         50 124
         51 1
         51 30
         51 38
         51 40
         51 55
         51 57
         51 66
         51 125
         52 21
         52 56
         52 126
         54 61
         54 128
         55 129
         56 29
         56 48
         56 52
         57 131
         58 65
         59 133
         61 19
         61 50
         61 54
         61 135
         62 2
         62 3
         62 136
         63 19
         63 29
         63 137
         64 20
         64 33
         64 48
         64 138
         65 59
         65 73
         65 139
         66 51
         66 71
         66 74
         67 50
         67 70
         67 141
         68 70
         68 142
         69 68
         69 71
         70 4
         70 67
         70 68
         70 71
         70 144
         71 22
         71 36
         71 37
         71 66
         71 69
         71 70
         71 72
         71 145
         72 146
         73 65
         73 74
         73 147
         74 66
         74 73
         
