   1 2
         1 7
         1 13
         1 18
         1 21
         1 31
         2 1
         2 3
         2 32
         3 2
         3 4
         3 22
         3 33
         4 34
         7 1
         7 11
         7 14
         7 15
         7 28
         7 37
         8 7
         10 11
         10 40
         11 7
         11 10
         11 23
         11 24
         11 26
         11 27
         11 41
         13 43
         14 7
         14 44
         15 7
         15 45
         18 1
         18 48
         21 1
         21 30
         22 3
         22 23
         22 52
         23 11
         23 22
         23 27
         23 53
         24 11
         24 26
         24 54
         26 11
         26 24
         26 56
         27 11
         27 23
         27 57
         28 7
         28 58
         30 60
         
