   1 2
         1 3
         1 19
         2 1
         2 4
         2 7
         2 20
         3 1
         3 21
         4 2
         4 22
         5 13
         7 2
         7 13
         7 25
         8 13
         8 26
         9 13
         11 12
         12 13
         12 30
         13 7
         13 8
         13 12
         13 16
         13 17
         13 31
         14 16
         15 33
         16 13
         16 15
         16 34
         17 13
         17 35
         18 13
         
