   1 2
         1 7
         1 29
         2 1
         2 4
         2 7
         2 30
         3 4
         3 7
         3 16
         3 21
         3 31
         4 2
         4 3
         4 26
         4 32
         5 15
         5 33
         6 15
         7 1
         7 2
         7 3
         7 35
         8 17
         8 22
         8 36
         9 10
         9 24
         9 25
         10 9
         10 14
         10 38
         11 12
         11 18
         11 39
         12 11
         12 13
         12 40
         13 12
         13 14
         13 41
         14 10
         14 13
         15 5
         15 21
         15 25
         15 43
         16 3
         16 20
         16 21
         16 22
         16 44
         17 8
         17 23
         17 24
         17 45
         18 11
         18 46
         19 20
         19 28
         19 47
         20 16
         20 19
         20 48
         21 3
         21 15
         21 16
         21 23
         21 49
         22 8
         22 16
         22 50
         23 17
         23 21
         23 51
         24 9
         24 17
         24 25
         24 52
         25 9
         25 15
         25 23
         25 24
         25 53
         26 4
         26 27
         26 54
         27 26
         27 28
         27 55
         28 19
         28 27
         28 56
         
