   1 2
         1 8
         2 1
         2 7
         2 37
         3 8
         4 1
         5 6
         5 8
         5 40
         6 5
         6 7
         6 18
         6 24
         6 41
         7 2
         7 6
         8 1
         8 5
         8 26
         8 43
         9 10
         9 19
         9 44
         10 9
         10 15
         11 12
         11 16
         11 46
         12 11
         12 13
         13 12
         13 14
         13 48
         14 13
         14 28
         14 49
         15 10
         15 21
         15 50
         16 11
         16 17
         16 51
         17 16
         17 22
         18 6
         18 19
         19 9
         19 18
         20 55
         21 15
         21 31
         21 56
         22 17
         22 23
         22 57
         23 22
         23 24
         23 58
         24 6
         24 23
         24 25
         24 59
         25 20
         25 24
         25 60
         26 8
         26 31
         26 61
         27 3
         28 14
         28 29
         29 28
         29 30
         30 29
         30 31
         30 65
         31 21
         31 26
         31 30
         31 32
         31 35
         32 31
         32 33
         33 32
         33 34
         33 68
         34 35
         34 69
         35 31
         35 34
         
