   1 15
         1 18
         2 14
         2 19
         3 14
         3 20
         4 15
         4 21
         5 10
         5 22
         6 10
         6 23
         7 12
         7 24
         8 14
         8 25
         9 14
         9 26
         10 5
         10 6
         10 14
         10 27
         11 12
         11 14
         11 28
         12 7
         12 13
         12 14
         12 29
         13 12
         13 30
         14 2
         14 3
         14 8
         14 9
         14 10
         14 11
         14 12
         14 15
         14 31
         15 1
         15 4
         15 14
         15 32
         
