   1 2
         1 4
         1 20
         2 1
         2 7
         2 21
         3 4
         3 11
         3 22
         4 1
         4 3
         4 23
         5 6
         5 8
         5 24
         6 5
         6 9
         6 25
         7 2
         7 8
         7 26
         8 5
         8 7
         8 27
         9 6
         9 15
         9 19
         9 28
         10 19
         10 29
         11 3
         11 19
         11 30
         12 13
         12 16
         12 31
         13 12
         13 14
         13 15
         13 32
         14 13
         14 33
         15 9
         15 13
         15 34
         16 12
         16 17
         16 35
         17 16
         17 18
         17 36
         18 17
         18 19
         18 37
         19 9
         19 10
         19 11
         19 18
         19 38
         
