   1 21
         1 31
         2 21
         2 32
         3 29
         3 33
         4 30
         4 34
         5 8
         5 35
         6 7
         6 36
         7 6
         7 8
         7 30
         7 37
         8 5
         8 7
         8 38
         9 30
         9 39
         10 30
         10 40
         11 30
         11 41
         12 30
         12 42
         13 30
         13 43
         14 30
         14 44
         15 30
         15 45
         16 30
         17 30
         17 47
         18 30
         18 48
         19 30
         19 49
         20 30
         20 50
         21 1
         21 2
         21 23
         21 51
         22 29
         22 52
         23 21
         23 24
         23 26
         23 27
         23 28
         23 29
         23 30
         23 53
         24 23
         24 25
         24 54
         25 24
         25 55
         26 23
         26 56
         27 23
         27 57
         28 23
         28 58
         29 3
         29 22
         29 23
         29 59
         30 4
         30 7
         30 9
         30 10
         30 11
         30 12
         30 13
         30 14
         30 15
         30 17
         30 18
         30 19
         30 20
         30 23
         30 60
         
