   1 2
         1 5
         1 7
         1 14
         1 22
         1 24
         2 1
         2 25
         3 14
         3 26
         4 14
         4 27
         5 1
         5 6
         5 8
         5 28
         6 5
         6 9
         6 10
         6 29
         7 1
         7 30
         8 5
         8 31
         9 6
         9 32
         10 6
         10 33
         11 34
         12 16
         12 35
         13 16
         13 36
         14 1
         14 3
         14 4
         14 11
         14 15
         14 22
         14 23
         14 37
         15 14
         15 38
         16 12
         16 13
         16 17
         16 18
         16 22
         16 39
         17 16
         17 40
         18 16
         18 19
         18 20
         18 41
         19 18
         19 42
         20 18
         20 43
         21 22
         21 44
         22 1
         22 14
         22 16
         22 21
         22 45
         23 14
         23 46
         
