   1 2
         1 4
         1 8
         2 24
         2 33
         3 4
         3 14
         3 23
         4 1
         4 3
         4 35
         5 6
         5 16
         5 30
         5 36
         6 5
         6 17
         7 8
         7 26
         7 38
         8 1
         8 7
         8 39
         9 10
         9 31
         9 40
         10 9
         10 17
         10 41
         11 12
         11 20
         11 42
         12 11
         12 13
         12 43
         13 12
         13 18
         13 44
         14 3
         14 20
         14 21
         14 45
         15 16
         15 20
         16 5
         16 15
         17 6
         17 10
         17 48
         18 13
         18 19
         18 49
         19 18
         19 21
         20 11
         20 14
         20 15
         20 51
         21 14
         21 19
         21 52
         22 23
         22 31
         22 53
         23 3
         23 22
         23 54
         24 55
         26 7
         26 30
         26 57
         27 26
         29 60
         30 5
         30 26
         30 29
         30 61
         31 9
         31 22
         31 62
         
