   1 28
         1 36
         2 28
         2 37
         3 30
         3 38
         4 28
         4 39
         5 9
         5 28
         5 40
         6 28
         6 41
         7 18
         7 27
         7 28
         7 42
         8 28
         8 43
         9 5
         9 44
         10 28
         11 29
         11 46
         12 29
         13 29
         13 48
         14 29
         14 49
         15 29
         15 50
         16 29
         17 52
         18 7
         18 29
         18 53
         19 29
         19 54
         20 28
         20 55
         21 28
         21 56
         22 29
         22 57
         23 29
         23 58
         24 59
         25 29
         25 60
         26 27
         26 30
         26 61
         27 7
         27 26
         27 31
         27 62
         28 1
         28 2
         28 4
         28 5
         28 6
         28 7
         28 8
         28 20
         28 21
         28 29
         28 63
         29 11
         29 13
         29 14
         29 15
         29 17
         29 18
         29 19
         29 22
         29 23
         29 24
         29 25
         29 28
         29 30
         29 64
         30 3
         30 26
         30 29
         30 31
         30 33
         30 34
         30 35
         30 65
         31 27
         31 30
         31 32
         31 66
         32 31
         32 67
         33 30
         33 68
         34 30
         34 69
         35 30
         35 70
         
