   1 13
         1 23
         2 20
         2 24
         3 4
         3 14
         3 25
         4 1
         4 3
         4 26
         5 8
         5 9
         5 27
         6 9
         6 15
         7 2
         7 29
         8 5
         8 7
         8 10
         8 18
         8 20
         8 30
         9 5
         9 31
         10 32
         11 19
         11 20
         12 19
         12 34
         13 1
         13 14
         13 21
         13 35
         14 3
         14 13
         14 20
         14 36
         15 9
         15 18
         15 37
         17 39
         18 8
         18 15
         18 17
         18 19
         18 20
         18 40
         19 11
         19 12
         19 18
         20 2
         20 8
         20 14
         20 18
         20 42
         21 12
         21 13
         21 43
         
