   1 2
         1 4
         1 34
         2 1
         2 7
         2 35
         3 4
         3 25
         4 1
         4 3
         5 6
         5 38
         6 5
         6 7
         6 39
         7 2
         7 6
         7 8
         7 9
         7 14
         7 40
         8 5
         8 7
         8 41
         9 7
         9 10
         9 13
         9 42
         10 9
         10 19
         10 43
         11 12
         11 14
         11 44
         12 11
         12 33
         12 45
         13 9
         13 46
         14 7
         14 11
         14 20
         14 47
         15 19
         15 22
         15 48
         16 17
         16 23
         16 49
         17 16
         17 18
         17 50
         18 17
         18 19
         18 51
         19 10
         19 15
         19 18
         19 52
         20 14
         20 21
         20 26
         20 53
         21 20
         21 22
         21 54
         22 15
         22 21
         22 23
         22 55
         23 16
         23 22
         24 25
         24 33
         24 57
         25 3
         25 24
         25 58
         26 20
         26 27
         26 59
         27 26
         27 28
         27 60
         28 27
         28 29
         28 32
         28 61
         29 28
         29 30
         29 62
         30 29
         30 31
         30 63
         31 30
         31 33
         31 64
         32 28
         32 33
         33 12
         33 24
         33 31
         33 32
         33 66
         
