   1 4
         1 26
         2 3
         2 4
         2 7
         2 11
         2 12
         2 15
         2 22
         2 27
         3 2
         3 4
         3 14
         3 17
         3 28
         4 1
         4 2
         4 3
         4 10
         4 29
         5 25
         5 30
         6 7
         6 9
         6 21
         6 25
         6 31
         7 2
         7 6
         7 8
         7 25
         7 32
         8 7
         8 23
         8 33
         9 6
         9 34
         10 4
         10 35
         11 2
         11 36
         12 2
         12 37
         13 17
         13 38
         14 3
         14 39
         15 2
         15 40
         16 25
         16 41
         17 3
         17 13
         17 42
         18 25
         18 43
         19 25
         19 44
         20 25
         20 45
         21 6
         21 46
         22 2
         22 47
         23 8
         23 48
         24 25
         24 49
         25 5
         25 6
         25 7
         25 16
         25 18
         25 19
         25 20
         25 24
         25 50
         
