   1 2
         1 5
         1 7
         1 13
         1 18
         1 19
         1 20
         1 21
         1 31
         2 1
         2 3
         2 29
         2 32
         3 2
         3 4
         3 22
         3 33
         4 3
         4 34
         5 1
         5 35
         6 7
         6 36
         7 1
         7 6
         7 8
         7 11
         7 14
         7 15
         7 28
         7 37
         8 7
         8 38
         9 11
         9 39
         10 11
         10 40
         11 7
         11 9
         11 10
         11 23
         11 24
         11 25
         11 26
         11 27
         11 41
         12 30
         12 42
         13 1
         13 43
         14 7
         14 44
         15 7
         15 45
         16 22
         16 46
         17 21
         17 47
         18 1
         18 48
         19 1
         19 49
         20 1
         20 50
         21 1
         21 17
         21 30
         21 51
         22 3
         22 16
         22 23
         22 52
         23 11
         23 22
         23 27
         23 53
         24 11
         24 25
         24 26
         24 54
         25 11
         25 24
         25 55
         26 11
         26 24
         26 56
         27 11
         27 23
         27 57
         28 7
         28 58
         29 2
         29 59
         30 12
         30 21
         30 60
         
