   1 5
         1 14
         2 5
         3 16
         4 6
         4 17
         5 1
         5 3
         5 11
         5 12
         5 18
         6 4
         6 8
         6 9
         6 10
         6 11
         6 12
         6 19
         7 6
         8 6
         8 21
         9 6
         9 10
         9 11
         9 12
         9 22
         10 6
         10 9
         10 23
         11 5
         11 6
         11 9
         11 13
         11 24
         12 5
         12 6
         12 9
         12 13
         12 25
         13 11
         13 12
         13 26
         
