   1 2
         1 3
         1 4
         1 5
         1 6
         1 7
         1 8
         1 9
         1 10
         1 139
         2 1
         2 11
         2 28
         2 29
         2 31
         2 32
         2 71
         2 102
         2 103
         2 106
         2 107
         2 108
         2 109
         2 110
         2 140
         3 1
         3 11
         3 13
         3 28
         3 31
         3 71
         3 102
         3 107
         3 109
         3 141
         4 1
         4 11
         4 12
         4 13
         4 142
         5 1
         5 11
         5 29
         5 31
         5 32
         5 71
         5 102
         5 107
         5 109
         5 143
         6 1
         6 144
         7 1
         7 13
         7 60
         7 71
         7 79
         7 87
         7 95
         7 116
         7 117
         7 118
         7 145
         8 1
         8 12
         8 13
         8 60
         8 71
         8 79
         8 87
         8 95
         8 116
         8 117
         8 146
         9 1
         9 12
         9 13
         9 60
         9 71
         9 79
         9 87
         9 95
         9 116
         9 117
         9 147
         10 1
         10 12
         10 13
         10 60
         10 71
         10 79
         10 87
         10 95
         10 116
         10 117
         10 148
         11 2
         11 3
         11 4
         11 5
         11 58
         11 59
         11 75
         11 84
         11 86
         11 102
         11 111
         11 112
         11 113
         11 114
         11 115
         11 116
         11 149
         12 4
         12 8
         12 9
         12 10
         12 25
         12 26
         12 27
         12 28
         12 29
         12 30
         12 31
         12 32
         12 150
         13 3
         13 4
         13 7
         13 8
         13 9
         13 10
         13 151
         14 15
         14 16
         14 17
         14 18
         14 152
         15 14
         15 16
         15 17
         15 18
         15 21
         15 33
         15 34
         15 98
         15 153
         16 14
         16 15
         16 17
         16 35
         16 36
         16 37
         16 38
         16 52
         16 154
         17 14
         17 15
         17 16
         17 33
         17 155
         18 14
         18 15
         18 34
         18 35
         18 156
         19 20
         19 21
         19 22
         19 23
         19 24
         19 157
         20 19
         20 22
         20 94
         20 158
         21 15
         21 19
         21 22
         21 35
         21 67
         21 118
         21 121
         21 133
         21 159
         22 19
         22 20
         22 21
         22 38
         22 60
         22 73
         22 122
         22 129
         22 133
         22 160
         23 19
         23 91
         23 92
         23 93
         23 161
         24 19
         24 91
         24 92
         24 93
         24 162
         25 12
         25 71
         25 105
         25 163
         26 12
         26 71
         26 105
         26 164
         27 12
         27 71
         27 105
         27 165
         28 2
         28 3
         28 12
         28 166
         29 2
         29 5
         29 12
         29 167
         30 12
         30 168
         31 2
         31 3
         31 5
         31 12
         31 169
         32 2
         32 5
         32 12
         32 170
         33 15
         33 17
         33 35
         33 36
         33 37
         33 38
         33 171
         34 15
         34 18
         34 35
         34 38
         34 60
         34 61
         34 64
         34 69
         34 70
         34 95
         34 98
         34 99
         34 100
         34 101
         34 172
         35 16
         35 18
         35 21
         35 33
         35 34
         35 98
         35 173
         36 16
         36 33
         36 174
         37 16
         37 33
         37 50
         37 53
         37 54
         37 55
         37 60
         37 175
         38 16
         38 22
         38 33
         38 34
         38 55
         38 61
         38 64
         38 66
         38 176
         39 40
         39 41
         39 42
         39 43
         39 177
         40 39
         40 44
         40 58
         40 67
         40 178
         41 39
         41 44
         41 58
         41 67
         41 179
         42 39
         42 44
         42 58
         42 60
         42 67
         42 180
         43 39
         43 44
         43 56
         43 58
         43 62
         43 67
         43 68
         43 181
         44 40
         44 41
         44 42
         44 43
         44 45
         44 46
         44 47
         44 48
         44 182
         45 44
         45 56
         45 57
         45 67
         45 68
         45 183
         46 44
         46 58
         46 67
         46 68
         46 184
         47 44
         47 56
         47 62
         47 68
         47 185
         48 44
         48 58
         48 67
         48 186
         49 50
         49 51
         49 187
         50 37
         50 49
         50 52
         50 53
         50 188
         51 49
         51 53
         51 65
         51 70
         51 101
         51 134
         51 136
         51 137
         51 138
         51 189
         52 16
         52 50
         52 53
         52 54
         52 55
         52 190
         53 37
         53 50
         53 51
         53 52
         53 54
         53 61
         53 69
         53 70
         53 191
         54 37
         54 52
         54 53
         54 65
         54 70
         54 134
         54 136
         54 137
         54 138
         54 192
         55 37
         55 38
         55 52
         55 63
         55 64
         55 65
         55 66
         55 193
         56 43
         56 45
         56 47
         56 57
         56 58
         56 59
         56 194
         57 45
         57 56
         57 62
         57 104
         57 195
         58 11
         58 40
         58 41
         58 42
         58 43
         58 46
         58 48
         58 56
         58 62
         58 67
         58 118
         58 132
         58 196
         59 11
         59 56
         59 62
         59 67
         59 132
         59 197
         60 7
         60 8
         60 9
         60 10
         60 22
         60 34
         60 37
         60 42
         60 91
         60 92
         60 94
         60 95
         60 99
         60 118
         60 119
         60 121
         60 131
         60 198
         61 34
         61 38
         61 53
         61 63
         61 64
         61 65
         61 66
         61 199
         62 43
         62 47
         62 57
         62 58
         62 59
         62 200
         63 55
         63 61
         63 201
         64 34
         64 38
         64 55
         64 61
         64 70
         64 100
         64 123
         64 202
         65 51
         65 54
         65 55
         65 61
         65 66
         65 127
         65 128
         65 138
         65 203
         66 38
         66 55
         66 61
         66 65
         66 100
         66 123
         66 204
         67 21
         67 40
         67 41
         67 42
         67 43
         67 45
         67 46
         67 48
         67 58
         67 59
         67 71
         67 73
         67 132
         67 205
         68 43
         68 45
         68 46
         68 47
         68 206
         69 34
         69 53
         69 207
         70 34
         70 51
         70 53
         70 54
         70 64
         70 100
         70 123
         70 208
         71 2
         71 3
         71 5
         71 7
         71 8
         71 9
         71 10
         71 25
         71 26
         71 27
         71 67
         71 72
         71 73
         71 74
         71 209
         72 71
         72 89
         72 121
         72 122
         72 210
         73 22
         73 67
         73 71
         73 96
         73 97
         73 118
         73 211
         74 71
         74 82
         74 88
         74 89
         74 90
         74 95
         74 121
         74 122
         74 212
         75 11
         75 76
         75 77
         75 78
         75 213
         76 75
         76 84
         76 86
         76 214
         77 75
         77 79
         77 80
         77 84
         77 86
         77 215
         78 75
         78 84
         78 86
         78 216
         79 7
         79 8
         79 9
         79 10
         79 77
         79 80
         79 217
         80 77
         80 79
         80 85
         80 87
         80 218
         81 83
         81 219
         82 74
         82 83
         82 88
         82 122
         82 220
         83 81
         83 82
         83 88
         83 89
         83 90
         83 221
         84 11
         84 76
         84 77
         84 78
         84 222
         85 80
         85 86
         85 87
         85 223
         86 11
         86 76
         86 77
         86 78
         86 85
         86 224
         87 7
         87 8
         87 9
         87 10
         87 80
         87 85
         87 225
         88 74
         88 82
         88 83
         88 121
         88 122
         88 226
         89 72
         89 74
         89 83
         89 121
         89 122
         89 227
         90 74
         90 83
         90 121
         90 122
         90 228
         91 23
         91 24
         91 60
         91 96
         91 97
         91 117
         91 118
         91 119
         91 120
         91 229
         92 23
         92 24
         92 60
         92 95
         92 96
         92 97
         92 122
         92 230
         93 23
         93 24
         93 94
         93 231
         94 20
         94 60
         94 93
         94 95
         94 96
         94 97
         94 232
         95 7
         95 8
         95 9
         95 10
         95 34
         95 60
         95 74
         95 92
         95 94
         95 121
         95 131
         95 233
         96 73
         96 91
         96 92
         96 94
         96 117
         96 120
         96 234
         97 73
         97 91
         97 92
         97 94
         97 117
         97 120
         97 235
         98 15
         98 34
         98 35
         98 236
         99 34
         99 60
         99 237
         100 34
         100 64
         100 66
         100 70
         100 238
         101 34
         101 51
         101 135
         101 239
         102 2
         102 3
         102 5
         102 11
         102 103
         102 240
         103 2
         103 102
         103 241
         104 57
         104 242
         105 25
         105 26
         105 27
         105 114
         105 243
         106 2
         106 244
         107 2
         107 3
         107 5
         107 245
         108 2
         108 246
         109 2
         109 3
         109 5
         109 247
         110 2
         110 248
         111 11
         111 249
         112 11
         112 250
         113 11
         113 251
         114 11
         114 105
         114 252
         115 11
         115 253
         116 7
         116 8
         116 9
         116 10
         116 11
         116 254
         117 7
         117 8
         117 9
         117 10
         117 91
         117 96
         117 97
         117 118
         117 255
         118 7
         118 21
         118 58
         118 60
         118 73
         118 91
         118 117
         118 256
         119 60
         119 91
         119 257
         120 91
         120 96
         120 97
         120 258
         121 21
         121 60
         121 72
         121 74
         121 88
         121 89
         121 90
         121 95
         121 122
         121 129
         121 130
         121 259
         122 22
         122 72
         122 74
         122 82
         122 88
         122 89
         122 90
         122 92
         122 121
         122 130
         122 131
         122 260
         123 64
         123 66
         123 70
         123 261
         124 125
         124 126
         124 262
         125 124
         125 126
         125 128
         125 263
         126 124
         126 125
         126 137
         126 264
         127 65
         127 265
         128 65
         128 125
         128 137
         128 266
         129 22
         129 121
         129 267
         130 121
         130 122
         130 268
         131 60
         131 95
         131 122
         131 269
         132 58
         132 59
         132 67
         132 270
         133 21
         133 22
         133 271
         134 51
         134 54
         134 135
         134 272
         135 101
         135 134
         135 273
         136 51
         136 54
         136 274
         137 51
         137 54
         137 126
         137 128
         137 275
         138 51
         138 54
         138 65
         138 276
         
