   1 3
         1 18
         2 3
         2 19
         3 1
         3 2
         3 4
         3 6
         3 20
         4 3
         4 21
         5 10
         5 22
         6 3
         6 12
         6 13
         7 11
         7 24
         8 12
         8 25
         9 12
         9 26
         10 5
         10 11
         10 13
         10 27
         11 7
         11 10
         11 12
         11 28
         12 6
         12 8
         12 9
         12 11
         12 13
         12 14
         12 15
         12 16
         12 17
         12 29
         13 6
         13 10
         13 12
         13 14
         13 30
         14 12
         14 13
         14 31
         15 12
         15 13
         15 32
         16 12
         16 13
         16 33
         17 12
         17 34
         
