   1 3
         1 8
         1 12
         2 3
         2 5
         2 15
         3 1
         3 2
         3 16
         5 2
         5 13
         5 18
         6 7
         6 10
         6 19
         7 6
         7 8
         7 13
         7 20
         8 1
         8 7
         8 21
         9 10
         10 6
         10 12
         10 23
         11 24
         12 1
         12 10
         12 11
         12 13
         12 25
         13 5
         13 7
         13 12
         13 26
         
