   1 16
         1 25
         2 8
         2 26
         3 16
         3 27
         4 16
         4 28
         5 29
         6 8
         6 30
         7 8
         7 31
         8 2
         8 5
         8 6
         8 7
         8 10
         8 11
         8 16
         8 18
         8 19
         8 21
         8 32
         9 10
         10 8
         10 14
         10 16
         10 17
         10 21
         10 34
         11 8
         11 35
         12 21
         12 36
         13 16
         13 37
         14 10
         14 38
         15 16
         15 39
         16 1
         16 3
         16 4
         16 8
         16 10
         16 13
         16 15
         16 21
         16 40
         17 10
         17 41
         18 8
         18 42
         19 8
         19 43
         20 21
         20 44
         21 8
         21 10
         21 12
         21 16
         21 20
         21 22
         21 23
         21 45
         22 21
         22 46
         23 21
         23 47
         24 21
         
