data;

set V := 1 2 3 4 5 6 7 8 9 10 11 12 13 14 15 16 17 18 19 20 21 22 23 24 25 26 27 28 29 30 31 32 33 34 35 36 37 38;

set A := 1 4
         1 7
         1 11
         1 20
         2 4
         2 7
         2 21
         3 11
         3 16
         3 22
         4 1
         4 2
         4 9
         4 17
         4 23
         5 6
         5 8
         5 24
         6 5
         6 25
         7 1
         7 2
         7 8
         7 26
         8 5
         8 7
         8 27
         9 4
         9 28
         10 16
         10 17
         10 29
         11 1
         11 3
         11 30
         12 13
         12 14
         12 31
         13 12
         13 15
         13 32
         14 12
         14 15
         14 16
         14 19
         14 33
         15 13
         15 14
         15 17
         15 18
         15 34
         16 3
         16 10
         16 14
         16 17
         16 35
         17 4
         17 10
         17 15
         17 16
         17 36
         18 15
         18 37
         19 14
         19 18
         19 38
         ;

set S := 1 2 3 4 5 6 7 8 9 10 11 12 13 14 15 16 17 18 19 20 21 22 23 24 25 26 27 28 29 30 31 32 33 34 35 36 37 38 39 40 41 42 43 44 45 46 47 48 49 50 51 52 53 54 55 56 57 58 59 60 61 62 63 64 65 66 67 68 69 70 71 72 73 74 75 76 77 78 79 80 81 82 83 84 85 86 87 88 89 90 91 92 93 94 95 96 97 98 99 100 101 102 103 104 105 106 107 108 109 110 111 112 113 114 115 116 117 118 119 120 121 122 123 124 125 126 127 128 129 130 131 132 133 134 135 136 137 138 139 140 141 142 143 144 145 146 147 148 149 150 151 152 153 154 155 156 157 158 159 160 161 162 163 164 165 166 167 168 169 170 171 172 173 174 175 176 177 178 179 180 181 182 183 184 185 186 187 188 189 190 191 192 193 194 195 196 197 198 199 200 201 202 203 204 205 206 207 208 209 210 211 212 213 214 215 216 217 218 219 220 221 222 223 224 225 226 227 228 229 230 231 232 233 234 235 236 237 238 239 240 241 242 243 244 245 246 247 248 249 250 251 252 253 254 255 256 257 258 259 260 261 262 263 264 265 266 267 268 269 270 271 272 273;

set F[1] := 1 4
            4 2
            2 21
            ;
set F[2] := 1 11
            11 3
            3 22
            ;
set F[3] := 1 4
            4 23
            ;
set F[4] := 1 7
            7 8
            8 5
            5 24
            ;
set F[5] := 1 7
            7 8
            8 5
            5 6
            6 25
            ;
set F[6] := 1 7
            7 26
            ;
set F[7] := 1 7
            7 8
            8 27
            ;
set F[8] := 1 4
            4 9
            9 28
            ;
set F[9] := 1 4
            4 17
            17 10
            10 29
            ;
set F[10] := 1 11
             11 30
             ;
set F[11] := 1 11
             11 3
             3 16
             16 14
             14 12
             12 31
             ;
set F[12] := 1 4
             4 17
             17 15
             15 13
             13 32
             ;
set F[13] := 1 11
             11 3
             3 16
             16 14
             14 33
             ;
set F[14] := 1 4
             4 17
             17 15
             15 34
             ;
set F[15] := 1 11
             11 3
             3 16
             16 35
             ;
set F[16] := 1 4
             4 17
             17 36
             ;
set F[17] := 1 4
             4 17
             17 15
             15 18
             18 37
             ;
set F[18] := 1 11
             11 3
             3 16
             16 14
             14 19
             19 38
             ;
set F[19] := 2 4
             4 1
             1 20
             ;
set F[20] := 2 4
             4 1
             1 11
             11 3
             3 22
             ;
set F[21] := 2 4
             4 23
             ;
set F[22] := 2 7
             7 8
             8 5
             5 24
             ;
set F[23] := 2 7
             7 8
             8 5
             5 6
             6 25
             ;
set F[24] := 2 7
             7 26
             ;
set F[25] := 2 7
             7 8
             8 27
             ;
set F[26] := 2 4
             4 9
             9 28
             ;
set F[27] := 2 4
             4 17
             17 10
             10 29
             ;
set F[28] := 2 4
             4 1
             1 11
             11 30
             ;
set F[29] := 2 4
             4 17
             17 15
             15 13
             13 12
             12 31
             ;
set F[30] := 2 4
             4 17
             17 15
             15 13
             13 32
             ;
set F[31] := 2 4
             4 17
             17 15
             15 14
             14 33
             ;
set F[32] := 2 4
             4 17
             17 15
             15 34
             ;
set F[33] := 2 4
             4 17
             17 16
             16 35
             ;
set F[34] := 2 4
             4 17
             17 36
             ;
set F[35] := 2 4
             4 17
             17 15
             15 18
             18 37
             ;
set F[36] := 2 4
             4 17
             17 15
             15 14
             14 19
             19 38
             ;
set F[37] := 3 11
             11 1
             1 20
             ;
set F[38] := 3 11
             11 1
             1 4
             4 2
             2 21
             ;
set F[39] := 3 11
             11 1
             1 4
             4 23
             ;
set F[40] := 3 11
             11 1
             1 7
             7 8
             8 5
             5 24
             ;
set F[41] := 3 11
             11 1
             1 7
             7 8
             8 5
             5 6
             6 25
             ;
set F[42] := 3 11
             11 1
             1 7
             7 26
             ;
set F[43] := 3 11
             11 1
             1 7
             7 8
             8 27
             ;
set F[44] := 3 11
             11 1
             1 4
             4 9
             9 28
             ;
set F[45] := 3 16
             16 10
             10 29
             ;
set F[46] := 3 11
             11 30
             ;
set F[47] := 3 16
             16 14
             14 12
             12 31
             ;
set F[48] := 3 16
             16 14
             14 12
             12 13
             13 32
             ;
set F[49] := 3 16
             16 14
             14 33
             ;
set F[50] := 3 16
             16 14
             14 15
             15 34
             ;
set F[51] := 3 16
             16 35
             ;
set F[52] := 3 16
             16 17
             17 36
             ;
set F[53] := 3 16
             16 14
             14 19
             19 18
             18 37
             ;
set F[54] := 3 16
             16 14
             14 19
             19 38
             ;
set F[55] := 4 1
             1 20
             ;
set F[56] := 4 2
             2 21
             ;
set F[57] := 4 1
             1 11
             11 3
             3 22
             ;
set F[58] := 4 1
             1 7
             7 8
             8 5
             5 24
             ;
set F[59] := 4 1
             1 7
             7 8
             8 5
             5 6
             6 25
             ;
set F[60] := 4 1
             1 7
             7 26
             ;
set F[61] := 4 1
             1 7
             7 8
             8 27
             ;
set F[62] := 4 9
             9 28
             ;
set F[63] := 4 17
             17 10
             10 29
             ;
set F[64] := 4 1
             1 11
             11 30
             ;
set F[65] := 4 17
             17 15
             15 13
             13 12
             12 31
             ;
set F[66] := 4 17
             17 15
             15 13
             13 32
             ;
set F[67] := 4 17
             17 15
             15 14
             14 33
             ;
set F[68] := 4 17
             17 15
             15 34
             ;
set F[69] := 4 17
             17 16
             16 35
             ;
set F[70] := 4 17
             17 36
             ;
set F[71] := 4 17
             17 15
             15 18
             18 37
             ;
set F[72] := 4 17
             17 15
             15 14
             14 19
             19 38
             ;
set F[73] := 5 8
             8 7
             7 1
             1 20
             ;
set F[74] := 5 8
             8 7
             7 2
             2 21
             ;
set F[75] := 5 8
             8 7
             7 1
             1 11
             11 3
             3 16
             16 35
             ;
set F[76] := 5 8
             8 7
             7 1
             1 4
             4 17
             17 36
             ;
set F[77] := 6 5
             5 8
             8 7
             7 1
             1 20
             ;
set F[78] := 6 5
             5 8
             8 7
             7 2
             2 21
             ;
set F[79] := 6 5
             5 8
             8 7
             7 1
             1 11
             11 3
             3 22
             ;
set F[80] := 6 5
             5 8
             8 7
             7 1
             1 4
             4 23
             ;
set F[81] := 6 5
             5 24
             ;
set F[82] := 6 5
             5 8
             8 7
             7 1
             1 11
             11 30
             ;
set F[83] := 6 5
             5 8
             8 7
             7 1
             1 11
             11 3
             3 16
             16 14
             14 12
             12 31
             ;
set F[84] := 6 5
             5 8
             8 7
             7 1
             1 4
             4 17
             17 15
             15 13
             13 32
             ;
set F[85] := 6 5
             5 8
             8 7
             7 1
             1 11
             11 3
             3 16
             16 14
             14 33
             ;
set F[86] := 6 5
             5 8
             8 7
             7 1
             1 4
             4 17
             17 15
             15 34
             ;
set F[87] := 6 5
             5 8
             8 7
             7 1
             1 11
             11 3
             3 16
             16 35
             ;
set F[88] := 6 5
             5 8
             8 7
             7 1
             1 4
             4 17
             17 36
             ;
set F[89] := 7 1
             1 20
             ;
set F[90] := 7 2
             2 21
             ;
set F[91] := 7 1
             1 11
             11 3
             3 22
             ;
set F[92] := 7 1
             1 4
             4 23
             ;
set F[93] := 7 8
             8 5
             5 24
             ;
set F[94] := 7 8
             8 5
             5 6
             6 25
             ;
set F[95] := 7 1
             1 4
             4 9
             9 28
             ;
set F[96] := 7 1
             1 4
             4 17
             17 10
             10 29
             ;
set F[97] := 7 1
             1 11
             11 30
             ;
set F[98] := 7 1
             1 11
             11 3
             3 16
             16 14
             14 12
             12 31
             ;
set F[99] := 7 1
             1 4
             4 17
             17 15
             15 13
             13 32
             ;
set F[100] := 7 1
              1 11
              11 3
              3 16
              16 14
              14 33
              ;
set F[101] := 7 1
              1 4
              4 17
              17 15
              15 34
              ;
set F[102] := 7 1
              1 11
              11 3
              3 16
              16 35
              ;
set F[103] := 7 1
              1 4
              4 17
              17 36
              ;
set F[104] := 7 1
              1 11
              11 3
              3 16
              16 14
              14 19
              19 38
              ;
set F[105] := 8 7
              7 1
              1 20
              ;
set F[106] := 8 7
              7 2
              2 21
              ;
set F[107] := 8 7
              7 1
              1 11
              11 3
              3 22
              ;
set F[108] := 8 7
              7 1
              1 4
              4 23
              ;
set F[109] := 8 5
              5 24
              ;
set F[110] := 8 5
              5 6
              6 25
              ;
set F[111] := 8 7
              7 26
              ;
set F[112] := 8 7
              7 1
              1 4
              4 9
              9 28
              ;
set F[113] := 8 7
              7 1
              1 4
              4 17
              17 10
              10 29
              ;
set F[114] := 8 7
              7 1
              1 11
              11 30
              ;
set F[115] := 8 7
              7 1
              1 11
              11 3
              3 16
              16 14
              14 12
              12 31
              ;
set F[116] := 8 7
              7 1
              1 4
              4 17
              17 15
              15 13
              13 32
              ;
set F[117] := 8 7
              7 1
              1 11
              11 3
              3 16
              16 14
              14 33
              ;
set F[118] := 8 7
              7 1
              1 4
              4 17
              17 15
              15 34
              ;
set F[119] := 8 7
              7 1
              1 11
              11 3
              3 16
              16 35
              ;
set F[120] := 8 7
              7 1
              1 4
              4 17
              17 36
              ;
set F[121] := 8 7
              7 1
              1 11
              11 3
              3 16
              16 14
              14 19
              19 38
              ;
set F[122] := 9 4
              4 1
              1 20
              ;
set F[123] := 9 4
              4 2
              2 21
              ;
set F[124] := 9 4
              4 1
              1 11
              11 3
              3 22
              ;
set F[125] := 9 4
              4 23
              ;
set F[126] := 9 4
              4 1
              1 7
              7 8
              8 5
              5 24
              ;
set F[127] := 9 4
              4 1
              1 11
              11 30
              ;
set F[128] := 9 4
              4 17
              17 15
              15 13
              13 12
              12 31
              ;
set F[129] := 9 4
              4 17
              17 15
              15 13
              13 32
              ;
set F[130] := 9 4
              4 17
              17 15
              15 14
              14 33
              ;
set F[131] := 9 4
              4 17
              17 15
              15 34
              ;
set F[132] := 9 4
              4 17
              17 16
              16 35
              ;
set F[133] := 9 4
              4 17
              17 36
              ;
set F[134] := 10 17
              17 4
              4 1
              1 20
              ;
set F[135] := 10 17
              17 4
              4 2
              2 21
              ;
set F[136] := 10 16
              16 3
              3 22
              ;
set F[137] := 10 16
              16 35
              ;
set F[138] := 10 17
              17 36
              ;
set F[139] := 11 1
              1 20
              ;
set F[140] := 11 1
              1 4
              4 2
              2 21
              ;
set F[141] := 11 3
              3 22
              ;
set F[142] := 11 1
              1 4
              4 23
              ;
set F[143] := 11 1
              1 7
              7 8
              8 5
              5 24
              ;
set F[144] := 11 1
              1 7
              7 8
              8 5
              5 6
              6 25
              ;
set F[145] := 11 1
              1 7
              7 26
              ;
set F[146] := 11 1
              1 7
              7 8
              8 27
              ;
set F[147] := 11 1
              1 4
              4 9
              9 28
              ;
set F[148] := 11 3
              3 16
              16 10
              10 29
              ;
set F[149] := 11 3
              3 16
              16 14
              14 12
              12 31
              ;
set F[150] := 11 1
              1 4
              4 17
              17 15
              15 13
              13 32
              ;
set F[151] := 11 3
              3 16
              16 14
              14 33
              ;
set F[152] := 11 1
              1 4
              4 17
              17 15
              15 34
              ;
set F[153] := 11 3
              3 16
              16 35
              ;
set F[154] := 11 1
              1 4
              4 17
              17 36
              ;
set F[155] := 11 3
              3 16
              16 14
              14 19
              19 38
              ;
set F[156] := 12 13
              13 15
              15 17
              17 4
              4 1
              1 20
              ;
set F[157] := 12 13
              13 15
              15 17
              17 4
              4 2
              2 21
              ;
set F[158] := 12 14
              14 16
              16 3
              3 22
              ;
set F[159] := 12 13
              13 15
              15 17
              17 4
              4 23
              ;
set F[160] := 12 13
              13 15
              15 17
              17 4
              4 1
              1 7
              7 8
              8 5
              5 24
              ;
set F[161] := 12 13
              13 15
              15 17
              17 4
              4 1
              1 7
              7 8
              8 5
              5 6
              6 25
              ;
set F[162] := 12 13
              13 15
              15 17
              17 4
              4 1
              1 7
              7 26
              ;
set F[163] := 12 13
              13 15
              15 17
              17 4
              4 1
              1 7
              7 8
              8 27
              ;
set F[164] := 12 13
              13 15
              15 17
              17 4
              4 9
              9 28
              ;
set F[165] := 12 14
              14 16
              16 10
              10 29
              ;
set F[166] := 12 14
              14 16
              16 3
              3 11
              11 30
              ;
set F[167] := 12 13
              13 32
              ;
set F[168] := 12 14
              14 33
              ;
set F[169] := 12 13
              13 15
              15 34
              ;
set F[170] := 12 14
              14 16
              16 35
              ;
set F[171] := 12 13
              13 15
              15 17
              17 36
              ;
set F[172] := 12 13
              13 15
              15 18
              18 37
              ;
set F[173] := 12 14
              14 19
              19 38
              ;
set F[174] := 13 15
              15 17
              17 4
              4 1
              1 20
              ;
set F[175] := 13 15
              15 17
              17 4
              4 2
              2 21
              ;
set F[176] := 13 12
              12 14
              14 16
              16 3
              3 22
              ;
set F[177] := 13 15
              15 17
              17 4
              4 23
              ;
set F[178] := 13 15
              15 17
              17 4
              4 1
              1 7
              7 8
              8 5
              5 24
              ;
set F[179] := 13 15
              15 17
              17 4
              4 1
              1 7
              7 8
              8 5
              5 6
              6 25
              ;
set F[180] := 13 15
              15 17
              17 4
              4 1
              1 7
              7 26
              ;
set F[181] := 13 15
              15 17
              17 10
              10 29
              ;
set F[182] := 13 12
              12 14
              14 16
              16 3
              3 11
              11 30
              ;
set F[183] := 13 12
              12 31
              ;
set F[184] := 13 12
              12 14
              14 33
              ;
set F[185] := 13 15
              15 34
              ;
set F[186] := 13 12
              12 14
              14 16
              16 35
              ;
set F[187] := 13 15
              15 17
              17 36
              ;
set F[188] := 14 15
              15 17
              17 4
              4 1
              1 20
              ;
set F[189] := 14 15
              15 17
              17 4
              4 2
              2 21
              ;
set F[190] := 14 16
              16 3
              3 22
              ;
set F[191] := 14 15
              15 17
              17 4
              4 23
              ;
set F[192] := 14 15
              15 17
              17 4
              4 1
              1 7
              7 8
              8 5
              5 24
              ;
set F[193] := 14 15
              15 17
              17 4
              4 1
              1 7
              7 8
              8 5
              5 6
              6 25
              ;
set F[194] := 14 15
              15 17
              17 4
              4 1
              1 7
              7 26
              ;
set F[195] := 14 16
              16 10
              10 29
              ;
set F[196] := 14 16
              16 3
              3 11
              11 30
              ;
set F[197] := 14 12
              12 31
              ;
set F[198] := 14 12
              12 13
              13 32
              ;
set F[199] := 14 15
              15 34
              ;
set F[200] := 14 16
              16 35
              ;
set F[201] := 14 15
              15 17
              17 36
              ;
set F[202] := 15 17
              17 4
              4 1
              1 20
              ;
set F[203] := 15 17
              17 4
              4 2
              2 21
              ;
set F[204] := 15 14
              14 16
              16 3
              3 22
              ;
set F[205] := 15 17
              17 4
              4 23
              ;
set F[206] := 15 17
              17 4
              4 1
              1 7
              7 8
              8 5
              5 24
              ;
set F[207] := 15 17
              17 4
              4 1
              1 7
              7 8
              8 5
              5 6
              6 25
              ;
set F[208] := 15 17
              17 4
              4 1
              1 7
              7 26
              ;
set F[209] := 15 17
              17 10
              10 29
              ;
set F[210] := 15 14
              14 16
              16 3
              3 11
              11 30
              ;
set F[211] := 15 13
              13 12
              12 31
              ;
set F[212] := 15 13
              13 32
              ;
set F[213] := 15 14
              14 33
              ;
set F[214] := 15 14
              14 16
              16 35
              ;
set F[215] := 15 17
              17 36
              ;
set F[216] := 16 3
              3 11
              11 1
              1 20
              ;
set F[217] := 16 17
              17 4
              4 2
              2 21
              ;
set F[218] := 16 3
              3 22
              ;
set F[219] := 16 17
              17 4
              4 23
              ;
set F[220] := 16 3
              3 11
              11 1
              1 7
              7 8
              8 5
              5 24
              ;
set F[221] := 16 3
              3 11
              11 1
              1 7
              7 8
              8 5
              5 6
              6 25
              ;
set F[222] := 16 3
              3 11
              11 1
              1 7
              7 26
              ;
set F[223] := 16 3
              3 11
              11 1
              1 7
              7 8
              8 27
              ;
set F[224] := 16 17
              17 4
              4 9
              9 28
              ;
set F[225] := 16 10
              10 29
              ;
set F[226] := 16 3
              3 11
              11 30
              ;
set F[227] := 16 14
              14 12
              12 31
              ;
set F[228] := 16 14
              14 12
              12 13
              13 32
              ;
set F[229] := 16 14
              14 33
              ;
set F[230] := 16 14
              14 15
              15 34
              ;
set F[231] := 16 17
              17 36
              ;
set F[232] := 16 14
              14 19
              19 18
              18 37
              ;
set F[233] := 16 14
              14 19
              19 38
              ;
set F[234] := 17 4
              4 1
              1 20
              ;
set F[235] := 17 4
              4 2
              2 21
              ;
set F[236] := 17 16
              16 3
              3 22
              ;
set F[237] := 17 4
              4 23
              ;
set F[238] := 17 4
              4 1
              1 7
              7 8
              8 5
              5 24
              ;
set F[239] := 17 4
              4 1
              1 7
              7 8
              8 5
              5 6
              6 25
              ;
set F[240] := 17 4
              4 1
              1 7
              7 26
              ;
set F[241] := 17 4
              4 1
              1 7
              7 8
              8 27
              ;
set F[242] := 17 4
              4 9
              9 28
              ;
set F[243] := 17 10
              10 29
              ;
set F[244] := 17 4
              4 1
              1 11
              11 30
              ;
set F[245] := 17 15
              15 13
              13 12
              12 31
              ;
set F[246] := 17 15
              15 13
              13 32
              ;
set F[247] := 17 15
              15 14
              14 33
              ;
set F[248] := 17 15
              15 34
              ;
set F[249] := 17 16
              16 35
              ;
set F[250] := 17 15
              15 18
              18 37
              ;
set F[251] := 17 15
              15 14
              14 19
              19 38
              ;
set F[252] := 18 15
              15 17
              17 4
              4 1
              1 20
              ;
set F[253] := 18 15
              15 17
              17 4
              4 2
              2 21
              ;
set F[254] := 18 15
              15 14
              14 16
              16 3
              3 22
              ;
set F[255] := 18 15
              15 17
              17 4
              4 23
              ;
set F[256] := 18 15
              15 14
              14 16
              16 3
              3 11
              11 30
              ;
set F[257] := 18 15
              15 13
              13 12
              12 31
              ;
set F[258] := 18 15
              15 13
              13 32
              ;
set F[259] := 18 15
              15 34
              ;
set F[260] := 18 15
              15 14
              14 16
              16 35
              ;
set F[261] := 18 15
              15 17
              17 36
              ;
set F[262] := 19 14
              14 15
              15 17
              17 4
              4 1
              1 20
              ;
set F[263] := 19 14
              14 15
              15 17
              17 4
              4 2
              2 21
              ;
set F[264] := 19 14
              14 16
              16 3
              3 22
              ;
set F[265] := 19 14
              14 15
              15 17
              17 4
              4 23
              ;
set F[266] := 19 14
              14 15
              15 17
              17 4
              4 1
              1 7
              7 8
              8 5
              5 24
              ;
set F[267] := 19 14
              14 16
              16 3
              3 11
              11 30
              ;
set F[268] := 19 14
              14 12
              12 31
              ;
set F[269] := 19 14
              14 12
              12 13
              13 32
              ;
set F[270] := 19 14
              14 33
              ;
set F[271] := 19 14
              14 15
              15 34
              ;
set F[272] := 19 14
              14 16
              16 35
              ;
set F[273] := 19 14
              14 15
              15 17
              17 36
              ;
set Last[1] := 2 21;
set Last[2] := 3 22;
set Last[3] := 4 23;
set Last[4] := 5 24;
set Last[5] := 6 25;
set Last[6] := 7 26;
set Last[7] := 8 27;
set Last[8] := 9 28;
set Last[9] := 10 29;
set Last[10] := 11 30;
set Last[11] := 12 31;
set Last[12] := 13 32;
set Last[13] := 14 33;
set Last[14] := 15 34;
set Last[15] := 16 35;
set Last[16] := 17 36;
set Last[17] := 18 37;
set Last[18] := 19 38;
set Last[19] := 1 20;
set Last[20] := 3 22;
set Last[21] := 4 23;
set Last[22] := 5 24;
set Last[23] := 6 25;
set Last[24] := 7 26;
set Last[25] := 8 27;
set Last[26] := 9 28;
set Last[27] := 10 29;
set Last[28] := 11 30;
set Last[29] := 12 31;
set Last[30] := 13 32;
set Last[31] := 14 33;
set Last[32] := 15 34;
set Last[33] := 16 35;
set Last[34] := 17 36;
set Last[35] := 18 37;
set Last[36] := 19 38;
set Last[37] := 1 20;
set Last[38] := 2 21;
set Last[39] := 4 23;
set Last[40] := 5 24;
set Last[41] := 6 25;
set Last[42] := 7 26;
set Last[43] := 8 27;
set Last[44] := 9 28;
set Last[45] := 10 29;
set Last[46] := 11 30;
set Last[47] := 12 31;
set Last[48] := 13 32;
set Last[49] := 14 33;
set Last[50] := 15 34;
set Last[51] := 16 35;
set Last[52] := 17 36;
set Last[53] := 18 37;
set Last[54] := 19 38;
set Last[55] := 1 20;
set Last[56] := 2 21;
set Last[57] := 3 22;
set Last[58] := 5 24;
set Last[59] := 6 25;
set Last[60] := 7 26;
set Last[61] := 8 27;
set Last[62] := 9 28;
set Last[63] := 10 29;
set Last[64] := 11 30;
set Last[65] := 12 31;
set Last[66] := 13 32;
set Last[67] := 14 33;
set Last[68] := 15 34;
set Last[69] := 16 35;
set Last[70] := 17 36;
set Last[71] := 18 37;
set Last[72] := 19 38;
set Last[73] := 1 20;
set Last[74] := 2 21;
set Last[75] := 16 35;
set Last[76] := 17 36;
set Last[77] := 1 20;
set Last[78] := 2 21;
set Last[79] := 3 22;
set Last[80] := 4 23;
set Last[81] := 5 24;
set Last[82] := 11 30;
set Last[83] := 12 31;
set Last[84] := 13 32;
set Last[85] := 14 33;
set Last[86] := 15 34;
set Last[87] := 16 35;
set Last[88] := 17 36;
set Last[89] := 1 20;
set Last[90] := 2 21;
set Last[91] := 3 22;
set Last[92] := 4 23;
set Last[93] := 5 24;
set Last[94] := 6 25;
set Last[95] := 9 28;
set Last[96] := 10 29;
set Last[97] := 11 30;
set Last[98] := 12 31;
set Last[99] := 13 32;
set Last[100] := 14 33;
set Last[101] := 15 34;
set Last[102] := 16 35;
set Last[103] := 17 36;
set Last[104] := 19 38;
set Last[105] := 1 20;
set Last[106] := 2 21;
set Last[107] := 3 22;
set Last[108] := 4 23;
set Last[109] := 5 24;
set Last[110] := 6 25;
set Last[111] := 7 26;
set Last[112] := 9 28;
set Last[113] := 10 29;
set Last[114] := 11 30;
set Last[115] := 12 31;
set Last[116] := 13 32;
set Last[117] := 14 33;
set Last[118] := 15 34;
set Last[119] := 16 35;
set Last[120] := 17 36;
set Last[121] := 19 38;
set Last[122] := 1 20;
set Last[123] := 2 21;
set Last[124] := 3 22;
set Last[125] := 4 23;
set Last[126] := 5 24;
set Last[127] := 11 30;
set Last[128] := 12 31;
set Last[129] := 13 32;
set Last[130] := 14 33;
set Last[131] := 15 34;
set Last[132] := 16 35;
set Last[133] := 17 36;
set Last[134] := 1 20;
set Last[135] := 2 21;
set Last[136] := 3 22;
set Last[137] := 16 35;
set Last[138] := 17 36;
set Last[139] := 1 20;
set Last[140] := 2 21;
set Last[141] := 3 22;
set Last[142] := 4 23;
set Last[143] := 5 24;
set Last[144] := 6 25;
set Last[145] := 7 26;
set Last[146] := 8 27;
set Last[147] := 9 28;
set Last[148] := 10 29;
set Last[149] := 12 31;
set Last[150] := 13 32;
set Last[151] := 14 33;
set Last[152] := 15 34;
set Last[153] := 16 35;
set Last[154] := 17 36;
set Last[155] := 19 38;
set Last[156] := 1 20;
set Last[157] := 2 21;
set Last[158] := 3 22;
set Last[159] := 4 23;
set Last[160] := 5 24;
set Last[161] := 6 25;
set Last[162] := 7 26;
set Last[163] := 8 27;
set Last[164] := 9 28;
set Last[165] := 10 29;
set Last[166] := 11 30;
set Last[167] := 13 32;
set Last[168] := 14 33;
set Last[169] := 15 34;
set Last[170] := 16 35;
set Last[171] := 17 36;
set Last[172] := 18 37;
set Last[173] := 19 38;
set Last[174] := 1 20;
set Last[175] := 2 21;
set Last[176] := 3 22;
set Last[177] := 4 23;
set Last[178] := 5 24;
set Last[179] := 6 25;
set Last[180] := 7 26;
set Last[181] := 10 29;
set Last[182] := 11 30;
set Last[183] := 12 31;
set Last[184] := 14 33;
set Last[185] := 15 34;
set Last[186] := 16 35;
set Last[187] := 17 36;
set Last[188] := 1 20;
set Last[189] := 2 21;
set Last[190] := 3 22;
set Last[191] := 4 23;
set Last[192] := 5 24;
set Last[193] := 6 25;
set Last[194] := 7 26;
set Last[195] := 10 29;
set Last[196] := 11 30;
set Last[197] := 12 31;
set Last[198] := 13 32;
set Last[199] := 15 34;
set Last[200] := 16 35;
set Last[201] := 17 36;
set Last[202] := 1 20;
set Last[203] := 2 21;
set Last[204] := 3 22;
set Last[205] := 4 23;
set Last[206] := 5 24;
set Last[207] := 6 25;
set Last[208] := 7 26;
set Last[209] := 10 29;
set Last[210] := 11 30;
set Last[211] := 12 31;
set Last[212] := 13 32;
set Last[213] := 14 33;
set Last[214] := 16 35;
set Last[215] := 17 36;
set Last[216] := 1 20;
set Last[217] := 2 21;
set Last[218] := 3 22;
set Last[219] := 4 23;
set Last[220] := 5 24;
set Last[221] := 6 25;
set Last[222] := 7 26;
set Last[223] := 8 27;
set Last[224] := 9 28;
set Last[225] := 10 29;
set Last[226] := 11 30;
set Last[227] := 12 31;
set Last[228] := 13 32;
set Last[229] := 14 33;
set Last[230] := 15 34;
set Last[231] := 17 36;
set Last[232] := 18 37;
set Last[233] := 19 38;
set Last[234] := 1 20;
set Last[235] := 2 21;
set Last[236] := 3 22;
set Last[237] := 4 23;
set Last[238] := 5 24;
set Last[239] := 6 25;
set Last[240] := 7 26;
set Last[241] := 8 27;
set Last[242] := 9 28;
set Last[243] := 10 29;
set Last[244] := 11 30;
set Last[245] := 12 31;
set Last[246] := 13 32;
set Last[247] := 14 33;
set Last[248] := 15 34;
set Last[249] := 16 35;
set Last[250] := 18 37;
set Last[251] := 19 38;
set Last[252] := 1 20;
set Last[253] := 2 21;
set Last[254] := 3 22;
set Last[255] := 4 23;
set Last[256] := 11 30;
set Last[257] := 12 31;
set Last[258] := 13 32;
set Last[259] := 15 34;
set Last[260] := 16 35;
set Last[261] := 17 36;
set Last[262] := 1 20;
set Last[263] := 2 21;
set Last[264] := 3 22;
set Last[265] := 4 23;
set Last[266] := 5 24;
set Last[267] := 11 30;
set Last[268] := 12 31;
set Last[269] := 13 32;
set Last[270] := 14 33;
set Last[271] := 15 34;
set Last[272] := 16 35;
set Last[273] := 17 36;

param q := 5;

end;
