data;

set V := 1 2 3 4 5 6 7 8 9 10 11 12 13 14 15 16 17 18 19 20 21 22 23 24 26 27 28 29 30 31 32 33 34 35 36 38;

set A := 1 4
         1 7
         1 11
         1 20
         2 4
         2 7
         2 21
         3 11
         3 16
         3 22
         4 1
         4 2
         4 9
         4 17
         4 23
         5 8
         5 24
         6 5
         7 1
         7 2
         7 8
         7 26
         8 5
         8 7
         8 27
         9 4
         9 28
         10 16
         10 17
         10 29
         11 1
         11 3
         11 30
         12 13
         12 14
         12 31
         13 12
         13 15
         13 32
         14 12
         14 15
         14 16
         14 19
         14 33
         15 13
         15 14
         15 17
         15 34
         16 3
         16 14
         16 17
         16 35
         17 4
         17 10
         17 15
         17 16
         17 36
         18 15
         19 14
         19 38
         ;

set S := 1 2 3 4 5 6 7 8 9 10 11 12 13 14 15 16 17 18 19 20 21 22 23 24 25 26 27 28 29 30 31 32 33 34 35 36 37 38 39 40 41 42 43 44 45 46 47 48 49 50 51 52 53 54 55 56 57 58 59 60 61 62 63 64 65 66 67 68 69 70 71 72 73 74 75 76 77 78 79 80 81 82 83 84 85 86 87 88 89 90 91 92 93 94 95 96 97 98 99 100 101 102 103 104 105 106 107 108 109 110 111 112 113 114 115 116 117 118 119 120 121 122 123 124 125 126 127 128 129 130 131 132 133 134 135 136 137 138 139 140 141 142 143 144 145 146 147 148 149 150 151 152 153 154 155 156 157 158 159 160 161 162 163 164 165 166 167 168 169 170 171 172 173 174 175 176 177 178 179 180 181 182 183 184 185 186 187 188 189 190 191 192 193 194 195 196 197 198 199 200 201 202 203 204 205;

set F[1] := 1 4
            4 2
            2 21
            ;
set F[2] := 1 11
            11 3
            3 22
            ;
set F[3] := 1 4
            4 23
            ;
set F[4] := 1 7
            7 8
            8 5
            5 24
            ;
set F[5] := 1 7
            7 26
            ;
set F[6] := 1 7
            7 8
            8 27
            ;
set F[7] := 1 4
            4 9
            9 28
            ;
set F[8] := 1 4
            4 17
            17 10
            10 29
            ;
set F[9] := 1 11
            11 30
            ;
set F[10] := 1 11
             11 3
             3 16
             16 14
             14 12
             12 31
             ;
set F[11] := 1 4
             4 17
             17 15
             15 13
             13 32
             ;
set F[12] := 1 11
             11 3
             3 16
             16 14
             14 33
             ;
set F[13] := 1 4
             4 17
             17 15
             15 34
             ;
set F[14] := 1 11
             11 3
             3 16
             16 35
             ;
set F[15] := 1 4
             4 17
             17 36
             ;
set F[16] := 1 11
             11 3
             3 16
             16 14
             14 19
             19 38
             ;
set F[17] := 2 4
             4 1
             1 20
             ;
set F[18] := 2 4
             4 1
             1 11
             11 3
             3 22
             ;
set F[19] := 2 4
             4 23
             ;
set F[20] := 2 7
             7 8
             8 5
             5 24
             ;
set F[21] := 2 7
             7 26
             ;
set F[22] := 2 7
             7 8
             8 27
             ;
set F[23] := 2 4
             4 1
             1 11
             11 30
             ;
set F[24] := 2 4
             4 17
             17 15
             15 13
             13 12
             12 31
             ;
set F[25] := 2 4
             4 17
             17 15
             15 13
             13 32
             ;
set F[26] := 2 4
             4 17
             17 15
             15 14
             14 33
             ;
set F[27] := 2 4
             4 17
             17 15
             15 34
             ;
set F[28] := 2 4
             4 17
             17 16
             16 35
             ;
set F[29] := 2 4
             4 17
             17 36
             ;
set F[30] := 3 11
             11 1
             1 20
             ;
set F[31] := 3 11
             11 1
             1 4
             4 2
             2 21
             ;
set F[32] := 3 11
             11 1
             1 4
             4 23
             ;
set F[33] := 3 11
             11 1
             1 7
             7 8
             8 5
             5 24
             ;
set F[34] := 3 11
             11 1
             1 7
             7 26
             ;
set F[35] := 3 11
             11 1
             1 7
             7 8
             8 27
             ;
set F[36] := 3 11
             11 1
             1 4
             4 9
             9 28
             ;
set F[37] := 3 11
             11 30
             ;
set F[38] := 3 16
             16 14
             14 12
             12 31
             ;
set F[39] := 3 16
             16 14
             14 12
             12 13
             13 32
             ;
set F[40] := 3 16
             16 14
             14 33
             ;
set F[41] := 3 16
             16 14
             14 15
             15 34
             ;
set F[42] := 3 16
             16 35
             ;
set F[43] := 3 16
             16 17
             17 36
             ;
set F[44] := 3 16
             16 14
             14 19
             19 38
             ;
set F[45] := 4 1
             1 20
             ;
set F[46] := 4 2
             2 21
             ;
set F[47] := 4 1
             1 11
             11 3
             3 22
             ;
set F[48] := 4 1
             1 7
             7 8
             8 5
             5 24
             ;
set F[49] := 4 1
             1 7
             7 26
             ;
set F[50] := 4 1
             1 7
             7 8
             8 27
             ;
set F[51] := 4 9
             9 28
             ;
set F[52] := 4 17
             17 10
             10 29
             ;
set F[53] := 4 1
             1 11
             11 30
             ;
set F[54] := 4 17
             17 15
             15 13
             13 12
             12 31
             ;
set F[55] := 4 17
             17 15
             15 13
             13 32
             ;
set F[56] := 4 17
             17 15
             15 14
             14 33
             ;
set F[57] := 4 17
             17 15
             15 34
             ;
set F[58] := 4 17
             17 16
             16 35
             ;
set F[59] := 4 17
             17 36
             ;
set F[60] := 4 17
             17 15
             15 14
             14 19
             19 38
             ;
set F[61] := 5 8
             8 7
             7 1
             1 20
             ;
set F[62] := 5 8
             8 7
             7 2
             2 21
             ;
set F[63] := 5 8
             8 7
             7 1
             1 11
             11 3
             3 22
             ;
set F[64] := 5 8
             8 7
             7 1
             1 4
             4 23
             ;
set F[65] := 5 8
             8 7
             7 26
             ;
set F[66] := 5 8
             8 27
             ;
set F[67] := 5 8
             8 7
             7 1
             1 11
             11 30
             ;
set F[68] := 5 8
             8 7
             7 1
             1 11
             11 3
             3 16
             16 14
             14 12
             12 31
             ;
set F[69] := 5 8
             8 7
             7 1
             1 4
             4 17
             17 15
             15 13
             13 32
             ;
set F[70] := 5 8
             8 7
             7 1
             1 11
             11 3
             3 16
             16 14
             14 33
             ;
set F[71] := 5 8
             8 7
             7 1
             1 4
             4 17
             17 15
             15 34
             ;
set F[72] := 5 8
             8 7
             7 1
             1 11
             11 3
             3 16
             16 35
             ;
set F[73] := 5 8
             8 7
             7 1
             1 4
             4 17
             17 36
             ;
set F[74] := 6 5
             5 8
             8 7
             7 1
             1 20
             ;
set F[75] := 6 5
             5 8
             8 7
             7 2
             2 21
             ;
set F[76] := 6 5
             5 8
             8 7
             7 1
             1 11
             11 3
             3 22
             ;
set F[77] := 6 5
             5 8
             8 7
             7 1
             1 4
             4 23
             ;
set F[78] := 6 5
             5 24
             ;
set F[79] := 6 5
             5 8
             8 7
             7 26
             ;
set F[80] := 6 5
             5 8
             8 27
             ;
set F[81] := 6 5
             5 8
             8 7
             7 1
             1 11
             11 30
             ;
set F[82] := 6 5
             5 8
             8 7
             7 1
             1 11
             11 3
             3 16
             16 14
             14 12
             12 31
             ;
set F[83] := 6 5
             5 8
             8 7
             7 1
             1 11
             11 3
             3 16
             16 14
             14 33
             ;
set F[84] := 6 5
             5 8
             8 7
             7 1
             1 11
             11 3
             3 16
             16 35
             ;
set F[85] := 6 5
             5 8
             8 7
             7 1
             1 4
             4 17
             17 36
             ;
set F[86] := 7 1
             1 20
             ;
set F[87] := 7 1
             1 11
             11 3
             3 22
             ;
set F[88] := 7 1
             1 11
             11 3
             3 16
             16 14
             14 33
             ;
set F[89] := 7 1
             1 4
             4 17
             17 36
             ;
set F[90] := 8 7
             7 1
             1 20
             ;
set F[91] := 8 7
             7 2
             2 21
             ;
set F[92] := 8 7
             7 1
             1 11
             11 3
             3 22
             ;
set F[93] := 8 7
             7 1
             1 4
             4 23
             ;
set F[94] := 8 5
             5 24
             ;
set F[95] := 8 7
             7 26
             ;
set F[96] := 8 7
             7 1
             1 11
             11 30
             ;
set F[97] := 8 7
             7 1
             1 11
             11 3
             3 16
             16 14
             14 12
             12 31
             ;
set F[98] := 8 7
             7 1
             1 4
             4 17
             17 15
             15 13
             13 32
             ;
set F[99] := 8 7
             7 1
             1 11
             11 3
             3 16
             16 14
             14 33
             ;
set F[100] := 8 7
              7 1
              1 4
              4 17
              17 15
              15 34
              ;
set F[101] := 8 7
              7 1
              1 11
              11 3
              3 16
              16 35
              ;
set F[102] := 8 7
              7 1
              1 4
              4 17
              17 36
              ;
set F[103] := 9 4
              4 1
              1 20
              ;
set F[104] := 9 4
              4 17
              17 15
              15 14
              14 33
              ;
set F[105] := 9 4
              4 17
              17 36
              ;
set F[106] := 10 17
              17 4
              4 1
              1 20
              ;
set F[107] := 10 16
              16 14
              14 33
              ;
set F[108] := 10 17
              17 36
              ;
set F[109] := 11 1
              1 20
              ;
set F[110] := 11 1
              1 4
              4 2
              2 21
              ;
set F[111] := 11 3
              3 22
              ;
set F[112] := 11 1
              1 4
              4 23
              ;
set F[113] := 11 1
              1 7
              7 8
              8 5
              5 24
              ;
set F[114] := 11 1
              1 7
              7 26
              ;
set F[115] := 11 1
              1 7
              7 8
              8 27
              ;
set F[116] := 11 3
              3 16
              16 14
              14 12
              12 31
              ;
set F[117] := 11 3
              3 16
              16 14
              14 33
              ;
set F[118] := 11 3
              3 16
              16 35
              ;
set F[119] := 11 1
              1 4
              4 17
              17 36
              ;
set F[120] := 12 13
              13 15
              15 17
              17 4
              4 1
              1 20
              ;
set F[121] := 12 13
              13 15
              15 17
              17 4
              4 2
              2 21
              ;
set F[122] := 12 14
              14 16
              16 3
              3 22
              ;
set F[123] := 12 13
              13 15
              15 17
              17 4
              4 23
              ;
set F[124] := 12 13
              13 15
              15 17
              17 4
              4 1
              1 7
              7 8
              8 5
              5 24
              ;
set F[125] := 12 13
              13 15
              15 17
              17 4
              4 1
              1 7
              7 26
              ;
set F[126] := 12 13
              13 15
              15 17
              17 4
              4 1
              1 7
              7 8
              8 27
              ;
set F[127] := 12 14
              14 16
              16 3
              3 11
              11 30
              ;
set F[128] := 12 13
              13 32
              ;
set F[129] := 12 14
              14 33
              ;
set F[130] := 12 13
              13 15
              15 34
              ;
set F[131] := 12 14
              14 16
              16 35
              ;
set F[132] := 12 13
              13 15
              15 17
              17 36
              ;
set F[133] := 12 14
              14 19
              19 38
              ;
set F[134] := 13 15
              15 17
              17 4
              4 1
              1 20
              ;
set F[135] := 13 15
              15 17
              17 4
              4 2
              2 21
              ;
set F[136] := 13 12
              12 14
              14 16
              16 3
              3 22
              ;
set F[137] := 13 15
              15 17
              17 4
              4 23
              ;
set F[138] := 13 15
              15 17
              17 4
              4 1
              1 7
              7 8
              8 5
              5 24
              ;
set F[139] := 13 15
              15 17
              17 4
              4 1
              1 7
              7 26
              ;
set F[140] := 13 15
              15 17
              17 4
              4 1
              1 7
              7 8
              8 27
              ;
set F[141] := 13 12
              12 14
              14 16
              16 3
              3 11
              11 30
              ;
set F[142] := 13 12
              12 31
              ;
set F[143] := 13 12
              12 14
              14 33
              ;
set F[144] := 13 15
              15 34
              ;
set F[145] := 13 12
              12 14
              14 16
              16 35
              ;
set F[146] := 13 15
              15 17
              17 36
              ;
set F[147] := 14 15
              15 17
              17 4
              4 1
              1 20
              ;
set F[148] := 14 15
              15 17
              17 4
              4 2
              2 21
              ;
set F[149] := 14 16
              16 3
              3 22
              ;
set F[150] := 14 15
              15 17
              17 4
              4 23
              ;
set F[151] := 14 15
              15 17
              17 4
              4 1
              1 7
              7 8
              8 5
              5 24
              ;
set F[152] := 14 15
              15 17
              17 4
              4 1
              1 7
              7 26
              ;
set F[153] := 14 15
              15 17
              17 4
              4 1
              1 7
              7 8
              8 27
              ;
set F[154] := 14 16
              16 3
              3 11
              11 30
              ;
set F[155] := 14 12
              12 31
              ;
set F[156] := 14 16
              16 35
              ;
set F[157] := 14 15
              15 17
              17 36
              ;
set F[158] := 15 17
              17 4
              4 1
              1 20
              ;
set F[159] := 15 17
              17 4
              4 2
              2 21
              ;
set F[160] := 15 14
              14 16
              16 3
              3 22
              ;
set F[161] := 15 17
              17 4
              4 23
              ;
set F[162] := 15 17
              17 4
              4 1
              1 7
              7 8
              8 5
              5 24
              ;
set F[163] := 15 17
              17 4
              4 1
              1 7
              7 26
              ;
set F[164] := 15 17
              17 4
              4 1
              1 7
              7 8
              8 27
              ;
set F[165] := 15 14
              14 16
              16 3
              3 11
              11 30
              ;
set F[166] := 15 13
              13 12
              12 31
              ;
set F[167] := 15 14
              14 33
              ;
set F[168] := 15 14
              14 16
              16 35
              ;
set F[169] := 15 17
              17 36
              ;
set F[170] := 16 3
              3 11
              11 1
              1 20
              ;
set F[171] := 16 17
              17 4
              4 2
              2 21
              ;
set F[172] := 16 3
              3 22
              ;
set F[173] := 16 17
              17 4
              4 23
              ;
set F[174] := 16 3
              3 11
              11 1
              1 7
              7 8
              8 5
              5 24
              ;
set F[175] := 16 3
              3 11
              11 1
              1 7
              7 26
              ;
set F[176] := 16 3
              3 11
              11 1
              1 7
              7 8
              8 27
              ;
set F[177] := 16 3
              3 11
              11 30
              ;
set F[178] := 16 14
              14 12
              12 31
              ;
set F[179] := 16 14
              14 12
              12 13
              13 32
              ;
set F[180] := 16 14
              14 33
              ;
set F[181] := 16 14
              14 15
              15 34
              ;
set F[182] := 16 17
              17 36
              ;
set F[183] := 17 4
              4 1
              1 20
              ;
set F[184] := 17 4
              4 2
              2 21
              ;
set F[185] := 17 16
              16 3
              3 22
              ;
set F[186] := 17 4
              4 23
              ;
set F[187] := 17 4
              4 1
              1 7
              7 8
              8 5
              5 24
              ;
set F[188] := 17 4
              4 1
              1 7
              7 26
              ;
set F[189] := 17 4
              4 1
              1 7
              7 8
              8 27
              ;
set F[190] := 17 4
              4 1
              1 11
              11 30
              ;
set F[191] := 17 15
              15 13
              13 12
              12 31
              ;
set F[192] := 17 15
              15 13
              13 32
              ;
set F[193] := 17 15
              15 14
              14 33
              ;
set F[194] := 17 15
              15 34
              ;
set F[195] := 17 16
              16 35
              ;
set F[196] := 18 15
              15 17
              17 4
              4 1
              1 20
              ;
set F[197] := 18 15
              15 14
              14 16
              16 3
              3 22
              ;
set F[198] := 18 15
              15 14
              14 33
              ;
set F[199] := 18 15
              15 17
              17 36
              ;
set F[200] := 19 14
              14 15
              15 17
              17 4
              4 1
              1 20
              ;
set F[201] := 19 14
              14 15
              15 17
              17 4
              4 2
              2 21
              ;
set F[202] := 19 14
              14 16
              16 3
              3 22
              ;
set F[203] := 19 14
              14 15
              15 17
              17 4
              4 1
              1 7
              7 26
              ;
set F[204] := 19 14
              14 33
              ;
set F[205] := 19 14
              14 15
              15 17
              17 36
              ;
set Last[1] := 2 21;
set Last[2] := 3 22;
set Last[3] := 4 23;
set Last[4] := 5 24;
set Last[5] := 7 26;
set Last[6] := 8 27;
set Last[7] := 9 28;
set Last[8] := 10 29;
set Last[9] := 11 30;
set Last[10] := 12 31;
set Last[11] := 13 32;
set Last[12] := 14 33;
set Last[13] := 15 34;
set Last[14] := 16 35;
set Last[15] := 17 36;
set Last[16] := 19 38;
set Last[17] := 1 20;
set Last[18] := 3 22;
set Last[19] := 4 23;
set Last[20] := 5 24;
set Last[21] := 7 26;
set Last[22] := 8 27;
set Last[23] := 11 30;
set Last[24] := 12 31;
set Last[25] := 13 32;
set Last[26] := 14 33;
set Last[27] := 15 34;
set Last[28] := 16 35;
set Last[29] := 17 36;
set Last[30] := 1 20;
set Last[31] := 2 21;
set Last[32] := 4 23;
set Last[33] := 5 24;
set Last[34] := 7 26;
set Last[35] := 8 27;
set Last[36] := 9 28;
set Last[37] := 11 30;
set Last[38] := 12 31;
set Last[39] := 13 32;
set Last[40] := 14 33;
set Last[41] := 15 34;
set Last[42] := 16 35;
set Last[43] := 17 36;
set Last[44] := 19 38;
set Last[45] := 1 20;
set Last[46] := 2 21;
set Last[47] := 3 22;
set Last[48] := 5 24;
set Last[49] := 7 26;
set Last[50] := 8 27;
set Last[51] := 9 28;
set Last[52] := 10 29;
set Last[53] := 11 30;
set Last[54] := 12 31;
set Last[55] := 13 32;
set Last[56] := 14 33;
set Last[57] := 15 34;
set Last[58] := 16 35;
set Last[59] := 17 36;
set Last[60] := 19 38;
set Last[61] := 1 20;
set Last[62] := 2 21;
set Last[63] := 3 22;
set Last[64] := 4 23;
set Last[65] := 7 26;
set Last[66] := 8 27;
set Last[67] := 11 30;
set Last[68] := 12 31;
set Last[69] := 13 32;
set Last[70] := 14 33;
set Last[71] := 15 34;
set Last[72] := 16 35;
set Last[73] := 17 36;
set Last[74] := 1 20;
set Last[75] := 2 21;
set Last[76] := 3 22;
set Last[77] := 4 23;
set Last[78] := 5 24;
set Last[79] := 7 26;
set Last[80] := 8 27;
set Last[81] := 11 30;
set Last[82] := 12 31;
set Last[83] := 14 33;
set Last[84] := 16 35;
set Last[85] := 17 36;
set Last[86] := 1 20;
set Last[87] := 3 22;
set Last[88] := 14 33;
set Last[89] := 17 36;
set Last[90] := 1 20;
set Last[91] := 2 21;
set Last[92] := 3 22;
set Last[93] := 4 23;
set Last[94] := 5 24;
set Last[95] := 7 26;
set Last[96] := 11 30;
set Last[97] := 12 31;
set Last[98] := 13 32;
set Last[99] := 14 33;
set Last[100] := 15 34;
set Last[101] := 16 35;
set Last[102] := 17 36;
set Last[103] := 1 20;
set Last[104] := 14 33;
set Last[105] := 17 36;
set Last[106] := 1 20;
set Last[107] := 14 33;
set Last[108] := 17 36;
set Last[109] := 1 20;
set Last[110] := 2 21;
set Last[111] := 3 22;
set Last[112] := 4 23;
set Last[113] := 5 24;
set Last[114] := 7 26;
set Last[115] := 8 27;
set Last[116] := 12 31;
set Last[117] := 14 33;
set Last[118] := 16 35;
set Last[119] := 17 36;
set Last[120] := 1 20;
set Last[121] := 2 21;
set Last[122] := 3 22;
set Last[123] := 4 23;
set Last[124] := 5 24;
set Last[125] := 7 26;
set Last[126] := 8 27;
set Last[127] := 11 30;
set Last[128] := 13 32;
set Last[129] := 14 33;
set Last[130] := 15 34;
set Last[131] := 16 35;
set Last[132] := 17 36;
set Last[133] := 19 38;
set Last[134] := 1 20;
set Last[135] := 2 21;
set Last[136] := 3 22;
set Last[137] := 4 23;
set Last[138] := 5 24;
set Last[139] := 7 26;
set Last[140] := 8 27;
set Last[141] := 11 30;
set Last[142] := 12 31;
set Last[143] := 14 33;
set Last[144] := 15 34;
set Last[145] := 16 35;
set Last[146] := 17 36;
set Last[147] := 1 20;
set Last[148] := 2 21;
set Last[149] := 3 22;
set Last[150] := 4 23;
set Last[151] := 5 24;
set Last[152] := 7 26;
set Last[153] := 8 27;
set Last[154] := 11 30;
set Last[155] := 12 31;
set Last[156] := 16 35;
set Last[157] := 17 36;
set Last[158] := 1 20;
set Last[159] := 2 21;
set Last[160] := 3 22;
set Last[161] := 4 23;
set Last[162] := 5 24;
set Last[163] := 7 26;
set Last[164] := 8 27;
set Last[165] := 11 30;
set Last[166] := 12 31;
set Last[167] := 14 33;
set Last[168] := 16 35;
set Last[169] := 17 36;
set Last[170] := 1 20;
set Last[171] := 2 21;
set Last[172] := 3 22;
set Last[173] := 4 23;
set Last[174] := 5 24;
set Last[175] := 7 26;
set Last[176] := 8 27;
set Last[177] := 11 30;
set Last[178] := 12 31;
set Last[179] := 13 32;
set Last[180] := 14 33;
set Last[181] := 15 34;
set Last[182] := 17 36;
set Last[183] := 1 20;
set Last[184] := 2 21;
set Last[185] := 3 22;
set Last[186] := 4 23;
set Last[187] := 5 24;
set Last[188] := 7 26;
set Last[189] := 8 27;
set Last[190] := 11 30;
set Last[191] := 12 31;
set Last[192] := 13 32;
set Last[193] := 14 33;
set Last[194] := 15 34;
set Last[195] := 16 35;
set Last[196] := 1 20;
set Last[197] := 3 22;
set Last[198] := 14 33;
set Last[199] := 17 36;
set Last[200] := 1 20;
set Last[201] := 2 21;
set Last[202] := 3 22;
set Last[203] := 7 26;
set Last[204] := 14 33;
set Last[205] := 17 36;

param q := 5;

end;
