data;

set V := 1 2 3 4 5 6 7 8 9 10 11 12 13 14 15 16 17 18 19 20 21 22 23 24 25 26 27 28 29 30 31 32 33 34 35 36 37 38 39 40 41 42 43 44 45 46;

set A := 1 3
         1 5
         1 6
         1 8
         1 24
         2 5
         2 6
         2 7
         2 9
         2 23
         2 25
         3 1
         3 4
         3 11
         3 26
         4 3
         4 11
         4 27
         5 1
         5 2
         5 28
         6 1
         6 2
         6 9
         6 13
         6 29
         7 2
         7 8
         7 30
         8 1
         8 7
         8 31
         9 2
         9 6
         9 10
         9 32
         10 9
         10 33
         11 3
         11 4
         11 14
         11 15
         11 21
         11 34
         12 14
         12 22
         12 23
         12 35
         13 6
         13 10
         13 36
         14 11
         14 12
         14 15
         14 37
         15 11
         15 14
         15 38
         16 17
         16 23
         16 39
         17 16
         17 19
         17 40
         18 19
         18 41
         19 17
         19 18
         19 20
         19 22
         19 42
         20 19
         20 21
         20 43
         21 11
         21 20
         21 44
         22 12
         22 19
         22 45
         23 2
         23 12
         23 16
         23 46
         ;

set S := 1 2 3 4 5 6 7 8 9 10 11 12 13 14 15 16 17 18 19 20 21 22 23 24 25 26 27 28 29 30 31 32 33 34 35 36 37 38 39 40 41 42 43 44 45 46 47 48 49 50 51 52 53 54 55 56 57 58 59 60 61 62 63 64 65 66 67 68 69 70 71 72 73 74 75 76 77 78 79 80 81 82 83 84 85 86 87 88 89 90 91 92 93 94 95 96 97 98 99 100 101 102 103 104 105 106 107 108 109 110 111 112 113 114 115 116 117 118 119 120 121 122 123 124 125 126 127 128 129 130 131 132 133 134 135 136 137 138 139 140 141 142 143 144 145 146 147 148 149 150 151 152 153 154 155 156 157 158 159 160 161 162 163 164 165 166 167 168 169 170 171 172 173 174 175 176 177 178 179 180 181 182 183 184 185 186 187 188 189 190 191 192 193 194 195 196 197 198 199 200 201 202 203 204 205 206 207 208 209 210 211 212 213 214 215 216 217 218 219 220 221 222 223 224 225 226 227 228 229 230 231 232 233 234 235 236 237 238 239 240 241 242 243 244 245 246 247 248 249 250 251 252 253 254 255 256 257 258 259 260 261 262 263 264 265 266 267 268 269 270 271 272 273 274 275 276 277 278 279 280 281 282 283 284 285 286 287 288 289 290 291 292 293 294 295 296 297 298 299 300 301 302 303 304 305 306 307 308 309 310 311 312 313 314 315 316 317 318 319 320 321 322 323 324 325 326 327 328 329 330 331 332 333 334 335 336 337 338 339 340 341 342 343 344 345 346 347 348 349 350 351 352 353 354 355 356 357 358 359 360 361 362 363 364 365 366 367 368 369 370 371 372 373 374 375 376 377 378 379 380 381 382 383 384 385 386 387 388 389 390 391 392 393 394 395 396 397 398 399 400 401 402 403 404 405;

set F[1] := 1 5
            5 2
            2 25
            ;
set F[2] := 1 3
            3 26
            ;
set F[3] := 1 3
            3 4
            4 27
            ;
set F[4] := 1 5
            5 28
            ;
set F[5] := 1 6
            6 29
            ;
set F[6] := 1 8
            8 7
            7 30
            ;
set F[7] := 1 8
            8 31
            ;
set F[8] := 1 6
            6 9
            9 32
            ;
set F[9] := 1 6
            6 13
            13 10
            10 33
            ;
set F[10] := 1 3
             3 11
             11 34
             ;
set F[11] := 1 3
             3 11
             11 14
             14 12
             12 35
             ;
set F[12] := 1 6
             6 13
             13 36
             ;
set F[13] := 1 3
             3 11
             11 14
             14 37
             ;
set F[14] := 1 3
             3 11
             11 15
             15 38
             ;
set F[15] := 1 5
             5 2
             2 23
             23 16
             16 39
             ;
set F[16] := 1 5
             5 2
             2 23
             23 16
             16 17
             17 40
             ;
set F[17] := 1 3
             3 11
             11 21
             21 20
             20 19
             19 18
             18 41
             ;
set F[18] := 1 3
             3 11
             11 21
             21 20
             20 19
             19 42
             ;
set F[19] := 1 3
             3 11
             11 21
             21 20
             20 43
             ;
set F[20] := 1 3
             3 11
             11 21
             21 44
             ;
set F[21] := 1 3
             3 11
             11 14
             14 12
             12 22
             22 45
             ;
set F[22] := 1 5
             5 2
             2 23
             23 46
             ;
set F[23] := 2 5
             5 1
             1 24
             ;
set F[24] := 2 5
             5 1
             1 3
             3 26
             ;
set F[25] := 2 5
             5 1
             1 3
             3 4
             4 27
             ;
set F[26] := 2 5
             5 28
             ;
set F[27] := 2 6
             6 29
             ;
set F[28] := 2 7
             7 30
             ;
set F[29] := 2 7
             7 8
             8 31
             ;
set F[30] := 2 9
             9 32
             ;
set F[31] := 2 9
             9 10
             10 33
             ;
set F[32] := 2 23
             23 12
             12 14
             14 11
             11 34
             ;
set F[33] := 2 23
             23 12
             12 35
             ;
set F[34] := 2 23
             23 12
             12 14
             14 37
             ;
set F[35] := 2 23
             23 12
             12 14
             14 15
             15 38
             ;
set F[36] := 2 23
             23 16
             16 39
             ;
set F[37] := 2 23
             23 16
             16 17
             17 40
             ;
set F[38] := 2 23
             23 12
             12 22
             22 19
             19 18
             18 41
             ;
set F[39] := 2 23
             23 12
             12 22
             22 19
             19 42
             ;
set F[40] := 2 23
             23 12
             12 22
             22 19
             19 20
             20 43
             ;
set F[41] := 2 23
             23 12
             12 14
             14 11
             11 21
             21 44
             ;
set F[42] := 2 23
             23 12
             12 22
             22 45
             ;
set F[43] := 2 23
             23 46
             ;
set F[44] := 3 1
             1 24
             ;
set F[45] := 3 1
             1 5
             5 2
             2 25
             ;
set F[46] := 3 4
             4 27
             ;
set F[47] := 3 1
             1 5
             5 28
             ;
set F[48] := 3 1
             1 6
             6 29
             ;
set F[49] := 3 1
             1 8
             8 7
             7 30
             ;
set F[50] := 3 1
             1 8
             8 31
             ;
set F[51] := 3 1
             1 6
             6 9
             9 32
             ;
set F[52] := 3 1
             1 6
             6 13
             13 10
             10 33
             ;
set F[53] := 3 11
             11 34
             ;
set F[54] := 3 11
             11 14
             14 12
             12 35
             ;
set F[55] := 3 11
             11 14
             14 37
             ;
set F[56] := 3 11
             11 15
             15 38
             ;
set F[57] := 3 1
             1 5
             5 2
             2 23
             23 16
             16 39
             ;
set F[58] := 3 11
             11 21
             21 20
             20 19
             19 17
             17 40
             ;
set F[59] := 3 11
             11 21
             21 20
             20 19
             19 18
             18 41
             ;
set F[60] := 3 11
             11 21
             21 20
             20 19
             19 42
             ;
set F[61] := 3 11
             11 21
             21 20
             20 43
             ;
set F[62] := 3 11
             11 21
             21 44
             ;
set F[63] := 3 11
             11 14
             14 12
             12 22
             22 45
             ;
set F[64] := 3 1
             1 5
             5 2
             2 23
             23 46
             ;
set F[65] := 4 3
             3 1
             1 24
             ;
set F[66] := 4 3
             3 1
             1 5
             5 2
             2 25
             ;
set F[67] := 4 3
             3 26
             ;
set F[68] := 4 3
             3 1
             1 5
             5 28
             ;
set F[69] := 4 3
             3 1
             1 6
             6 29
             ;
set F[70] := 4 3
             3 1
             1 8
             8 7
             7 30
             ;
set F[71] := 4 3
             3 1
             1 8
             8 31
             ;
set F[72] := 4 3
             3 1
             1 6
             6 9
             9 32
             ;
set F[73] := 4 11
             11 34
             ;
set F[74] := 4 11
             11 14
             14 12
             12 35
             ;
set F[75] := 4 11
             11 14
             14 37
             ;
set F[76] := 4 11
             11 15
             15 38
             ;
set F[77] := 4 11
             11 21
             21 20
             20 19
             19 18
             18 41
             ;
set F[78] := 4 11
             11 21
             21 20
             20 19
             19 42
             ;
set F[79] := 4 11
             11 21
             21 44
             ;
set F[80] := 4 11
             11 14
             14 12
             12 22
             22 45
             ;
set F[81] := 4 11
             11 14
             14 12
             12 23
             23 46
             ;
set F[82] := 5 1
             1 24
             ;
set F[83] := 5 2
             2 25
             ;
set F[84] := 5 1
             1 6
             6 29
             ;
set F[85] := 5 2
             2 7
             7 30
             ;
set F[86] := 5 1
             1 8
             8 31
             ;
set F[87] := 5 2
             2 9
             9 32
             ;
set F[88] := 5 1
             1 3
             3 11
             11 34
             ;
set F[89] := 5 2
             2 23
             23 12
             12 35
             ;
set F[90] := 5 1
             1 3
             3 11
             11 14
             14 37
             ;
set F[91] := 5 1
             1 3
             3 11
             11 15
             15 38
             ;
set F[92] := 5 2
             2 23
             23 12
             12 22
             22 19
             19 18
             18 41
             ;
set F[93] := 5 2
             2 23
             23 12
             12 22
             22 19
             19 42
             ;
set F[94] := 5 1
             1 3
             3 11
             11 21
             21 44
             ;
set F[95] := 5 2
             2 23
             23 12
             12 22
             22 45
             ;
set F[96] := 5 2
             2 23
             23 46
             ;
set F[97] := 6 1
             1 24
             ;
set F[98] := 6 2
             2 25
             ;
set F[99] := 6 1
             1 3
             3 26
             ;
set F[100] := 6 1
              1 3
              3 4
              4 27
              ;
set F[101] := 6 1
              1 5
              5 28
              ;
set F[102] := 6 2
              2 7
              7 30
              ;
set F[103] := 6 1
              1 8
              8 31
              ;
set F[104] := 6 9
              9 32
              ;
set F[105] := 6 13
              13 10
              10 33
              ;
set F[106] := 6 1
              1 3
              3 11
              11 34
              ;
set F[107] := 6 2
              2 23
              23 12
              12 35
              ;
set F[108] := 6 13
              13 36
              ;
set F[109] := 6 1
              1 3
              3 11
              11 14
              14 37
              ;
set F[110] := 6 1
              1 3
              3 11
              11 15
              15 38
              ;
set F[111] := 6 2
              2 23
              23 16
              16 39
              ;
set F[112] := 6 2
              2 23
              23 16
              16 17
              17 40
              ;
set F[113] := 6 2
              2 23
              23 12
              12 22
              22 19
              19 18
              18 41
              ;
set F[114] := 6 2
              2 23
              23 12
              12 22
              22 19
              19 42
              ;
set F[115] := 6 1
              1 3
              3 11
              11 21
              21 20
              20 43
              ;
set F[116] := 6 1
              1 3
              3 11
              11 21
              21 44
              ;
set F[117] := 6 2
              2 23
              23 12
              12 22
              22 45
              ;
set F[118] := 6 2
              2 23
              23 46
              ;
set F[119] := 7 8
              8 1
              1 24
              ;
set F[120] := 7 2
              2 25
              ;
set F[121] := 7 8
              8 1
              1 3
              3 26
              ;
set F[122] := 7 8
              8 1
              1 3
              3 4
              4 27
              ;
set F[123] := 7 2
              2 5
              5 28
              ;
set F[124] := 7 2
              2 6
              6 29
              ;
set F[125] := 7 8
              8 31
              ;
set F[126] := 7 2
              2 9
              9 32
              ;
set F[127] := 7 2
              2 9
              9 10
              10 33
              ;
set F[128] := 7 8
              8 1
              1 3
              3 11
              11 34
              ;
set F[129] := 7 2
              2 23
              23 12
              12 35
              ;
set F[130] := 7 2
              2 23
              23 12
              12 14
              14 37
              ;
set F[131] := 7 2
              2 23
              23 12
              12 14
              14 15
              15 38
              ;
set F[132] := 7 2
              2 23
              23 16
              16 17
              17 40
              ;
set F[133] := 7 2
              2 23
              23 12
              12 22
              22 19
              19 18
              18 41
              ;
set F[134] := 7 2
              2 23
              23 12
              12 22
              22 19
              19 42
              ;
set F[135] := 7 2
              2 23
              23 12
              12 22
              22 19
              19 20
              20 43
              ;
set F[136] := 7 8
              8 1
              1 3
              3 11
              11 21
              21 44
              ;
set F[137] := 7 2
              2 23
              23 12
              12 22
              22 45
              ;
set F[138] := 7 2
              2 23
              23 46
              ;
set F[139] := 8 1
              1 24
              ;
set F[140] := 8 7
              7 2
              2 25
              ;
set F[141] := 8 1
              1 3
              3 26
              ;
set F[142] := 8 1
              1 3
              3 4
              4 27
              ;
set F[143] := 8 1
              1 5
              5 28
              ;
set F[144] := 8 1
              1 6
              6 29
              ;
set F[145] := 8 7
              7 30
              ;
set F[146] := 8 1
              1 6
              6 9
              9 32
              ;
set F[147] := 8 1
              1 6
              6 13
              13 10
              10 33
              ;
set F[148] := 8 1
              1 3
              3 11
              11 34
              ;
set F[149] := 8 7
              7 2
              2 23
              23 12
              12 35
              ;
set F[150] := 8 1
              1 3
              3 11
              11 14
              14 37
              ;
set F[151] := 8 1
              1 3
              3 11
              11 15
              15 38
              ;
set F[152] := 8 7
              7 2
              2 23
              23 16
              16 17
              17 40
              ;
set F[153] := 8 1
              1 3
              3 11
              11 21
              21 20
              20 19
              19 18
              18 41
              ;
set F[154] := 8 1
              1 3
              3 11
              11 21
              21 20
              20 19
              19 42
              ;
set F[155] := 8 1
              1 3
              3 11
              11 21
              21 20
              20 43
              ;
set F[156] := 8 1
              1 3
              3 11
              11 21
              21 44
              ;
set F[157] := 8 7
              7 2
              2 23
              23 12
              12 22
              22 45
              ;
set F[158] := 8 7
              7 2
              2 23
              23 46
              ;
set F[159] := 9 6
              6 1
              1 24
              ;
set F[160] := 9 2
              2 25
              ;
set F[161] := 9 6
              6 1
              1 3
              3 26
              ;
set F[162] := 9 2
              2 5
              5 28
              ;
set F[163] := 9 6
              6 29
              ;
set F[164] := 9 2
              2 7
              7 30
              ;
set F[165] := 9 2
              2 7
              7 8
              8 31
              ;
set F[166] := 9 6
              6 1
              1 3
              3 11
              11 34
              ;
set F[167] := 9 2
              2 23
              23 12
              12 35
              ;
set F[168] := 9 2
              2 23
              23 12
              12 14
              14 37
              ;
set F[169] := 9 2
              2 23
              23 12
              12 14
              14 15
              15 38
              ;
set F[170] := 9 2
              2 23
              23 12
              12 22
              22 19
              19 18
              18 41
              ;
set F[171] := 9 2
              2 23
              23 12
              12 22
              22 19
              19 42
              ;
set F[172] := 9 6
              6 1
              1 3
              3 11
              11 21
              21 44
              ;
set F[173] := 9 2
              2 23
              23 12
              12 22
              22 45
              ;
set F[174] := 9 2
              2 23
              23 46
              ;
set F[175] := 10 9
              9 6
              6 1
              1 24
              ;
set F[176] := 10 9
              9 2
              2 25
              ;
set F[177] := 10 9
              9 6
              6 1
              1 3
              3 26
              ;
set F[178] := 10 9
              9 2
              2 5
              5 28
              ;
set F[179] := 10 9
              9 6
              6 29
              ;
set F[180] := 10 9
              9 2
              2 7
              7 30
              ;
set F[181] := 10 9
              9 2
              2 7
              7 8
              8 31
              ;
set F[182] := 10 9
              9 32
              ;
set F[183] := 10 9
              9 6
              6 1
              1 3
              3 11
              11 34
              ;
set F[184] := 10 9
              9 2
              2 23
              23 12
              12 35
              ;
set F[185] := 10 9
              9 2
              2 23
              23 12
              12 14
              14 37
              ;
set F[186] := 10 9
              9 2
              2 23
              23 12
              12 14
              14 15
              15 38
              ;
set F[187] := 10 9
              9 2
              2 23
              23 12
              12 22
              22 19
              19 18
              18 41
              ;
set F[188] := 10 9
              9 2
              2 23
              23 12
              12 22
              22 19
              19 42
              ;
set F[189] := 10 9
              9 6
              6 1
              1 3
              3 11
              11 21
              21 44
              ;
set F[190] := 10 9
              9 2
              2 23
              23 12
              12 22
              22 45
              ;
set F[191] := 10 9
              9 2
              2 23
              23 46
              ;
set F[192] := 11 3
              3 1
              1 24
              ;
set F[193] := 11 3
              3 1
              1 5
              5 2
              2 25
              ;
set F[194] := 11 3
              3 26
              ;
set F[195] := 11 4
              4 27
              ;
set F[196] := 11 3
              3 1
              1 5
              5 28
              ;
set F[197] := 11 3
              3 1
              1 6
              6 29
              ;
set F[198] := 11 3
              3 1
              1 8
              8 7
              7 30
              ;
set F[199] := 11 3
              3 1
              1 8
              8 31
              ;
set F[200] := 11 3
              3 1
              1 6
              6 9
              9 32
              ;
set F[201] := 11 3
              3 1
              1 6
              6 13
              13 10
              10 33
              ;
set F[202] := 11 14
              14 12
              12 35
              ;
set F[203] := 11 3
              3 1
              1 6
              6 13
              13 36
              ;
set F[204] := 11 14
              14 37
              ;
set F[205] := 11 15
              15 38
              ;
set F[206] := 11 14
              14 12
              12 23
              23 16
              16 39
              ;
set F[207] := 11 21
              21 20
              20 19
              19 17
              17 40
              ;
set F[208] := 11 21
              21 20
              20 19
              19 18
              18 41
              ;
set F[209] := 11 21
              21 20
              20 19
              19 42
              ;
set F[210] := 11 21
              21 20
              20 43
              ;
set F[211] := 11 21
              21 44
              ;
set F[212] := 11 14
              14 12
              12 22
              22 45
              ;
set F[213] := 11 14
              14 12
              12 23
              23 46
              ;
set F[214] := 12 14
              14 11
              11 3
              3 1
              1 24
              ;
set F[215] := 12 23
              23 2
              2 25
              ;
set F[216] := 12 14
              14 11
              11 3
              3 26
              ;
set F[217] := 12 23
              23 2
              2 5
              5 28
              ;
set F[218] := 12 23
              23 2
              2 6
              6 29
              ;
set F[219] := 12 23
              23 2
              2 7
              7 30
              ;
set F[220] := 12 23
              23 2
              2 7
              7 8
              8 31
              ;
set F[221] := 12 23
              23 2
              2 9
              9 32
              ;
set F[222] := 12 14
              14 11
              11 34
              ;
set F[223] := 12 14
              14 37
              ;
set F[224] := 12 14
              14 15
              15 38
              ;
set F[225] := 12 22
              22 19
              19 18
              18 41
              ;
set F[226] := 12 22
              22 19
              19 42
              ;
set F[227] := 12 14
              14 11
              11 21
              21 44
              ;
set F[228] := 12 22
              22 45
              ;
set F[229] := 12 23
              23 46
              ;
set F[230] := 13 6
              6 1
              1 24
              ;
set F[231] := 13 6
              6 2
              2 25
              ;
set F[232] := 13 6
              6 1
              1 3
              3 26
              ;
set F[233] := 13 6
              6 1
              1 3
              3 4
              4 27
              ;
set F[234] := 13 6
              6 1
              1 5
              5 28
              ;
set F[235] := 13 6
              6 29
              ;
set F[236] := 13 6
              6 2
              2 7
              7 30
              ;
set F[237] := 13 6
              6 1
              1 8
              8 31
              ;
set F[238] := 13 6
              6 9
              9 32
              ;
set F[239] := 13 10
              10 33
              ;
set F[240] := 13 6
              6 1
              1 3
              3 11
              11 34
              ;
set F[241] := 13 6
              6 2
              2 23
              23 12
              12 35
              ;
set F[242] := 13 6
              6 1
              1 3
              3 11
              11 14
              14 37
              ;
set F[243] := 13 6
              6 1
              1 3
              3 11
              11 15
              15 38
              ;
set F[244] := 13 6
              6 2
              2 23
              23 16
              16 17
              17 40
              ;
set F[245] := 13 6
              6 2
              2 23
              23 12
              12 22
              22 19
              19 18
              18 41
              ;
set F[246] := 13 6
              6 2
              2 23
              23 12
              12 22
              22 19
              19 42
              ;
set F[247] := 13 6
              6 1
              1 3
              3 11
              11 21
              21 20
              20 43
              ;
set F[248] := 13 6
              6 1
              1 3
              3 11
              11 21
              21 44
              ;
set F[249] := 13 6
              6 2
              2 23
              23 12
              12 22
              22 45
              ;
set F[250] := 13 6
              6 2
              2 23
              23 46
              ;
set F[251] := 14 11
              11 3
              3 1
              1 24
              ;
set F[252] := 14 12
              12 23
              23 2
              2 25
              ;
set F[253] := 14 11
              11 3
              3 26
              ;
set F[254] := 14 11
              11 4
              4 27
              ;
set F[255] := 14 11
              11 3
              3 1
              1 5
              5 28
              ;
set F[256] := 14 11
              11 3
              3 1
              1 6
              6 29
              ;
set F[257] := 14 12
              12 23
              23 2
              2 7
              7 30
              ;
set F[258] := 14 11
              11 3
              3 1
              1 8
              8 31
              ;
set F[259] := 14 12
              12 23
              23 2
              2 9
              9 32
              ;
set F[260] := 14 11
              11 34
              ;
set F[261] := 14 12
              12 35
              ;
set F[262] := 14 15
              15 38
              ;
set F[263] := 14 12
              12 22
              22 19
              19 18
              18 41
              ;
set F[264] := 14 12
              12 22
              22 19
              19 42
              ;
set F[265] := 14 11
              11 21
              21 44
              ;
set F[266] := 14 12
              12 22
              22 45
              ;
set F[267] := 14 12
              12 23
              23 46
              ;
set F[268] := 15 11
              11 3
              3 1
              1 24
              ;
set F[269] := 15 14
              14 12
              12 23
              23 2
              2 25
              ;
set F[270] := 15 11
              11 3
              3 1
              1 5
              5 28
              ;
set F[271] := 15 11
              11 3
              3 1
              1 6
              6 29
              ;
set F[272] := 15 11
              11 3
              3 1
              1 6
              6 9
              9 32
              ;
set F[273] := 15 11
              11 34
              ;
set F[274] := 15 14
              14 12
              12 35
              ;
set F[275] := 15 14
              14 37
              ;
set F[276] := 15 14
              14 12
              12 23
              23 46
              ;
set F[277] := 16 23
              23 2
              2 5
              5 1
              1 24
              ;
set F[278] := 16 23
              23 2
              2 25
              ;
set F[279] := 16 23
              23 2
              2 5
              5 1
              1 3
              3 26
              ;
set F[280] := 16 23
              23 12
              12 14
              14 11
              11 4
              4 27
              ;
set F[281] := 16 23
              23 2
              2 5
              5 28
              ;
set F[282] := 16 23
              23 2
              2 6
              6 29
              ;
set F[283] := 16 23
              23 2
              2 7
              7 30
              ;
set F[284] := 16 23
              23 2
              2 7
              7 8
              8 31
              ;
set F[285] := 16 23
              23 2
              2 9
              9 32
              ;
set F[286] := 16 23
              23 2
              2 9
              9 10
              10 33
              ;
set F[287] := 16 23
              23 12
              12 14
              14 11
              11 34
              ;
set F[288] := 16 23
              23 12
              12 35
              ;
set F[289] := 16 23
              23 12
              12 14
              14 37
              ;
set F[290] := 16 23
              23 12
              12 14
              14 15
              15 38
              ;
set F[291] := 16 17
              17 40
              ;
set F[292] := 16 17
              17 19
              19 18
              18 41
              ;
set F[293] := 16 17
              17 19
              19 42
              ;
set F[294] := 16 17
              17 19
              19 20
              20 43
              ;
set F[295] := 16 17
              17 19
              19 20
              20 21
              21 44
              ;
set F[296] := 16 17
              17 19
              19 22
              22 45
              ;
set F[297] := 16 23
              23 46
              ;
set F[298] := 17 16
              16 23
              23 2
              2 5
              5 1
              1 24
              ;
set F[299] := 17 16
              16 23
              23 2
              2 25
              ;
set F[300] := 17 19
              19 20
              20 21
              21 11
              11 3
              3 26
              ;
set F[301] := 17 19
              19 20
              20 21
              21 11
              11 4
              4 27
              ;
set F[302] := 17 16
              16 23
              23 2
              2 5
              5 28
              ;
set F[303] := 17 16
              16 23
              23 2
              2 6
              6 29
              ;
set F[304] := 17 16
              16 23
              23 2
              2 7
              7 30
              ;
set F[305] := 17 16
              16 23
              23 2
              2 7
              7 8
              8 31
              ;
set F[306] := 17 16
              16 23
              23 2
              2 9
              9 32
              ;
set F[307] := 17 16
              16 23
              23 2
              2 9
              9 10
              10 33
              ;
set F[308] := 17 19
              19 20
              20 21
              21 11
              11 34
              ;
set F[309] := 17 16
              16 23
              23 12
              12 35
              ;
set F[310] := 17 16
              16 23
              23 12
              12 14
              14 37
              ;
set F[311] := 17 16
              16 23
              23 12
              12 14
              14 15
              15 38
              ;
set F[312] := 17 16
              16 39
              ;
set F[313] := 17 19
              19 18
              18 41
              ;
set F[314] := 17 19
              19 42
              ;
set F[315] := 17 19
              19 20
              20 43
              ;
set F[316] := 17 19
              19 20
              20 21
              21 44
              ;
set F[317] := 17 19
              19 22
              22 45
              ;
set F[318] := 17 16
              16 23
              23 46
              ;
set F[319] := 18 19
              19 20
              20 21
              21 11
              11 3
              3 1
              1 24
              ;
set F[320] := 18 19
              19 17
              17 16
              16 23
              23 2
              2 25
              ;
set F[321] := 18 19
              19 20
              20 21
              21 11
              11 3
              3 26
              ;
set F[322] := 18 19
              19 20
              20 21
              21 11
              11 4
              4 27
              ;
set F[323] := 18 19
              19 17
              17 16
              16 23
              23 2
              2 5
              5 28
              ;
set F[324] := 18 19
              19 17
              17 16
              16 23
              23 2
              2 6
              6 29
              ;
set F[325] := 18 19
              19 17
              17 16
              16 23
              23 2
              2 7
              7 30
              ;
set F[326] := 18 19
              19 17
              17 16
              16 23
              23 2
              2 7
              7 8
              8 31
              ;
set F[327] := 18 19
              19 17
              17 16
              16 23
              23 2
              2 9
              9 32
              ;
set F[328] := 18 19
              19 20
              20 21
              21 11
              11 34
              ;
set F[329] := 18 19
              19 22
              22 12
              12 35
              ;
set F[330] := 18 19
              19 22
              22 12
              12 14
              14 37
              ;
set F[331] := 18 19
              19 20
              20 21
              21 11
              11 15
              15 38
              ;
set F[332] := 18 19
              19 42
              ;
set F[333] := 18 19
              19 20
              20 21
              21 44
              ;
set F[334] := 18 19
              19 22
              22 45
              ;
set F[335] := 18 19
              19 17
              17 16
              16 23
              23 46
              ;
set F[336] := 19 20
              20 21
              21 11
              11 3
              3 1
              1 24
              ;
set F[337] := 19 17
              17 16
              16 23
              23 2
              2 25
              ;
set F[338] := 19 17
              17 16
              16 23
              23 2
              2 5
              5 28
              ;
set F[339] := 19 17
              17 16
              16 23
              23 2
              2 6
              6 29
              ;
set F[340] := 19 17
              17 16
              16 23
              23 2
              2 9
              9 32
              ;
set F[341] := 19 20
              20 21
              21 11
              11 34
              ;
set F[342] := 19 22
              22 12
              12 35
              ;
set F[343] := 19 22
              22 12
              12 14
              14 37
              ;
set F[344] := 19 17
              17 16
              16 23
              23 46
              ;
set F[345] := 20 21
              21 11
              11 3
              3 1
              1 24
              ;
set F[346] := 20 19
              19 17
              17 16
              16 23
              23 2
              2 25
              ;
set F[347] := 20 21
              21 11
              11 3
              3 26
              ;
set F[348] := 20 21
              21 11
              11 4
              4 27
              ;
set F[349] := 20 21
              21 11
              11 3
              3 1
              1 5
              5 28
              ;
set F[350] := 20 21
              21 11
              11 3
              3 1
              1 6
              6 29
              ;
set F[351] := 20 19
              19 17
              17 16
              16 23
              23 2
              2 7
              7 30
              ;
set F[352] := 20 21
              21 11
              11 3
              3 1
              1 8
              8 31
              ;
set F[353] := 20 19
              19 17
              17 16
              16 23
              23 2
              2 9
              9 32
              ;
set F[354] := 20 19
              19 17
              17 16
              16 23
              23 2
              2 9
              9 10
              10 33
              ;
set F[355] := 20 21
              21 11
              11 34
              ;
set F[356] := 20 19
              19 22
              22 12
              12 35
              ;
set F[357] := 20 21
              21 11
              11 14
              14 37
              ;
set F[358] := 20 21
              21 11
              11 15
              15 38
              ;
set F[359] := 20 19
              19 17
              17 40
              ;
set F[360] := 20 19
              19 18
              18 41
              ;
set F[361] := 20 19
              19 42
              ;
set F[362] := 20 21
              21 44
              ;
set F[363] := 20 19
              19 22
              22 45
              ;
set F[364] := 20 19
              19 17
              17 16
              16 23
              23 46
              ;
set F[365] := 21 11
              11 3
              3 1
              1 24
              ;
set F[366] := 21 11
              11 3
              3 1
              1 5
              5 2
              2 25
              ;
set F[367] := 21 11
              11 3
              3 26
              ;
set F[368] := 21 11
              11 4
              4 27
              ;
set F[369] := 21 11
              11 3
              3 1
              1 5
              5 28
              ;
set F[370] := 21 11
              11 3
              3 1
              1 6
              6 29
              ;
set F[371] := 21 11
              11 3
              3 1
              1 8
              8 7
              7 30
              ;
set F[372] := 21 11
              11 3
              3 1
              1 8
              8 31
              ;
set F[373] := 21 11
              11 3
              3 1
              1 6
              6 9
              9 32
              ;
set F[374] := 21 11
              11 34
              ;
set F[375] := 21 11
              11 14
              14 12
              12 35
              ;
set F[376] := 21 11
              11 14
              14 37
              ;
set F[377] := 21 11
              11 15
              15 38
              ;
set F[378] := 21 20
              20 19
              19 18
              18 41
              ;
set F[379] := 21 20
              20 19
              19 42
              ;
set F[380] := 21 20
              20 19
              19 22
              22 45
              ;
set F[381] := 21 11
              11 14
              14 12
              12 23
              23 46
              ;
set F[382] := 22 12
              12 14
              14 11
              11 3
              3 1
              1 24
              ;
set F[383] := 22 12
              12 23
              23 2
              2 25
              ;
set F[384] := 22 12
              12 23
              23 2
              2 5
              5 28
              ;
set F[385] := 22 12
              12 23
              23 2
              2 6
              6 29
              ;
set F[386] := 22 12
              12 23
              23 2
              2 9
              9 32
              ;
set F[387] := 22 12
              12 14
              14 11
              11 34
              ;
set F[388] := 22 12
              12 35
              ;
set F[389] := 22 12
              12 23
              23 46
              ;
set F[390] := 23 2
              2 5
              5 1
              1 24
              ;
set F[391] := 23 2
              2 25
              ;
set F[392] := 23 2
              2 5
              5 1
              1 3
              3 26
              ;
set F[393] := 23 2
              2 5
              5 28
              ;
set F[394] := 23 2
              2 6
              6 29
              ;
set F[395] := 23 2
              2 7
              7 30
              ;
set F[396] := 23 2
              2 7
              7 8
              8 31
              ;
set F[397] := 23 2
              2 9
              9 32
              ;
set F[398] := 23 12
              12 14
              14 11
              11 34
              ;
set F[399] := 23 12
              12 35
              ;
set F[400] := 23 12
              12 14
              14 37
              ;
set F[401] := 23 12
              12 14
              14 15
              15 38
              ;
set F[402] := 23 12
              12 22
              22 19
              19 18
              18 41
              ;
set F[403] := 23 12
              12 22
              22 19
              19 42
              ;
set F[404] := 23 12
              12 14
              14 11
              11 21
              21 44
              ;
set F[405] := 23 12
              12 22
              22 45
              ;
set Last[1] := 2 25;
set Last[2] := 3 26;
set Last[3] := 4 27;
set Last[4] := 5 28;
set Last[5] := 6 29;
set Last[6] := 7 30;
set Last[7] := 8 31;
set Last[8] := 9 32;
set Last[9] := 10 33;
set Last[10] := 11 34;
set Last[11] := 12 35;
set Last[12] := 13 36;
set Last[13] := 14 37;
set Last[14] := 15 38;
set Last[15] := 16 39;
set Last[16] := 17 40;
set Last[17] := 18 41;
set Last[18] := 19 42;
set Last[19] := 20 43;
set Last[20] := 21 44;
set Last[21] := 22 45;
set Last[22] := 23 46;
set Last[23] := 1 24;
set Last[24] := 3 26;
set Last[25] := 4 27;
set Last[26] := 5 28;
set Last[27] := 6 29;
set Last[28] := 7 30;
set Last[29] := 8 31;
set Last[30] := 9 32;
set Last[31] := 10 33;
set Last[32] := 11 34;
set Last[33] := 12 35;
set Last[34] := 14 37;
set Last[35] := 15 38;
set Last[36] := 16 39;
set Last[37] := 17 40;
set Last[38] := 18 41;
set Last[39] := 19 42;
set Last[40] := 20 43;
set Last[41] := 21 44;
set Last[42] := 22 45;
set Last[43] := 23 46;
set Last[44] := 1 24;
set Last[45] := 2 25;
set Last[46] := 4 27;
set Last[47] := 5 28;
set Last[48] := 6 29;
set Last[49] := 7 30;
set Last[50] := 8 31;
set Last[51] := 9 32;
set Last[52] := 10 33;
set Last[53] := 11 34;
set Last[54] := 12 35;
set Last[55] := 14 37;
set Last[56] := 15 38;
set Last[57] := 16 39;
set Last[58] := 17 40;
set Last[59] := 18 41;
set Last[60] := 19 42;
set Last[61] := 20 43;
set Last[62] := 21 44;
set Last[63] := 22 45;
set Last[64] := 23 46;
set Last[65] := 1 24;
set Last[66] := 2 25;
set Last[67] := 3 26;
set Last[68] := 5 28;
set Last[69] := 6 29;
set Last[70] := 7 30;
set Last[71] := 8 31;
set Last[72] := 9 32;
set Last[73] := 11 34;
set Last[74] := 12 35;
set Last[75] := 14 37;
set Last[76] := 15 38;
set Last[77] := 18 41;
set Last[78] := 19 42;
set Last[79] := 21 44;
set Last[80] := 22 45;
set Last[81] := 23 46;
set Last[82] := 1 24;
set Last[83] := 2 25;
set Last[84] := 6 29;
set Last[85] := 7 30;
set Last[86] := 8 31;
set Last[87] := 9 32;
set Last[88] := 11 34;
set Last[89] := 12 35;
set Last[90] := 14 37;
set Last[91] := 15 38;
set Last[92] := 18 41;
set Last[93] := 19 42;
set Last[94] := 21 44;
set Last[95] := 22 45;
set Last[96] := 23 46;
set Last[97] := 1 24;
set Last[98] := 2 25;
set Last[99] := 3 26;
set Last[100] := 4 27;
set Last[101] := 5 28;
set Last[102] := 7 30;
set Last[103] := 8 31;
set Last[104] := 9 32;
set Last[105] := 10 33;
set Last[106] := 11 34;
set Last[107] := 12 35;
set Last[108] := 13 36;
set Last[109] := 14 37;
set Last[110] := 15 38;
set Last[111] := 16 39;
set Last[112] := 17 40;
set Last[113] := 18 41;
set Last[114] := 19 42;
set Last[115] := 20 43;
set Last[116] := 21 44;
set Last[117] := 22 45;
set Last[118] := 23 46;
set Last[119] := 1 24;
set Last[120] := 2 25;
set Last[121] := 3 26;
set Last[122] := 4 27;
set Last[123] := 5 28;
set Last[124] := 6 29;
set Last[125] := 8 31;
set Last[126] := 9 32;
set Last[127] := 10 33;
set Last[128] := 11 34;
set Last[129] := 12 35;
set Last[130] := 14 37;
set Last[131] := 15 38;
set Last[132] := 17 40;
set Last[133] := 18 41;
set Last[134] := 19 42;
set Last[135] := 20 43;
set Last[136] := 21 44;
set Last[137] := 22 45;
set Last[138] := 23 46;
set Last[139] := 1 24;
set Last[140] := 2 25;
set Last[141] := 3 26;
set Last[142] := 4 27;
set Last[143] := 5 28;
set Last[144] := 6 29;
set Last[145] := 7 30;
set Last[146] := 9 32;
set Last[147] := 10 33;
set Last[148] := 11 34;
set Last[149] := 12 35;
set Last[150] := 14 37;
set Last[151] := 15 38;
set Last[152] := 17 40;
set Last[153] := 18 41;
set Last[154] := 19 42;
set Last[155] := 20 43;
set Last[156] := 21 44;
set Last[157] := 22 45;
set Last[158] := 23 46;
set Last[159] := 1 24;
set Last[160] := 2 25;
set Last[161] := 3 26;
set Last[162] := 5 28;
set Last[163] := 6 29;
set Last[164] := 7 30;
set Last[165] := 8 31;
set Last[166] := 11 34;
set Last[167] := 12 35;
set Last[168] := 14 37;
set Last[169] := 15 38;
set Last[170] := 18 41;
set Last[171] := 19 42;
set Last[172] := 21 44;
set Last[173] := 22 45;
set Last[174] := 23 46;
set Last[175] := 1 24;
set Last[176] := 2 25;
set Last[177] := 3 26;
set Last[178] := 5 28;
set Last[179] := 6 29;
set Last[180] := 7 30;
set Last[181] := 8 31;
set Last[182] := 9 32;
set Last[183] := 11 34;
set Last[184] := 12 35;
set Last[185] := 14 37;
set Last[186] := 15 38;
set Last[187] := 18 41;
set Last[188] := 19 42;
set Last[189] := 21 44;
set Last[190] := 22 45;
set Last[191] := 23 46;
set Last[192] := 1 24;
set Last[193] := 2 25;
set Last[194] := 3 26;
set Last[195] := 4 27;
set Last[196] := 5 28;
set Last[197] := 6 29;
set Last[198] := 7 30;
set Last[199] := 8 31;
set Last[200] := 9 32;
set Last[201] := 10 33;
set Last[202] := 12 35;
set Last[203] := 13 36;
set Last[204] := 14 37;
set Last[205] := 15 38;
set Last[206] := 16 39;
set Last[207] := 17 40;
set Last[208] := 18 41;
set Last[209] := 19 42;
set Last[210] := 20 43;
set Last[211] := 21 44;
set Last[212] := 22 45;
set Last[213] := 23 46;
set Last[214] := 1 24;
set Last[215] := 2 25;
set Last[216] := 3 26;
set Last[217] := 5 28;
set Last[218] := 6 29;
set Last[219] := 7 30;
set Last[220] := 8 31;
set Last[221] := 9 32;
set Last[222] := 11 34;
set Last[223] := 14 37;
set Last[224] := 15 38;
set Last[225] := 18 41;
set Last[226] := 19 42;
set Last[227] := 21 44;
set Last[228] := 22 45;
set Last[229] := 23 46;
set Last[230] := 1 24;
set Last[231] := 2 25;
set Last[232] := 3 26;
set Last[233] := 4 27;
set Last[234] := 5 28;
set Last[235] := 6 29;
set Last[236] := 7 30;
set Last[237] := 8 31;
set Last[238] := 9 32;
set Last[239] := 10 33;
set Last[240] := 11 34;
set Last[241] := 12 35;
set Last[242] := 14 37;
set Last[243] := 15 38;
set Last[244] := 17 40;
set Last[245] := 18 41;
set Last[246] := 19 42;
set Last[247] := 20 43;
set Last[248] := 21 44;
set Last[249] := 22 45;
set Last[250] := 23 46;
set Last[251] := 1 24;
set Last[252] := 2 25;
set Last[253] := 3 26;
set Last[254] := 4 27;
set Last[255] := 5 28;
set Last[256] := 6 29;
set Last[257] := 7 30;
set Last[258] := 8 31;
set Last[259] := 9 32;
set Last[260] := 11 34;
set Last[261] := 12 35;
set Last[262] := 15 38;
set Last[263] := 18 41;
set Last[264] := 19 42;
set Last[265] := 21 44;
set Last[266] := 22 45;
set Last[267] := 23 46;
set Last[268] := 1 24;
set Last[269] := 2 25;
set Last[270] := 5 28;
set Last[271] := 6 29;
set Last[272] := 9 32;
set Last[273] := 11 34;
set Last[274] := 12 35;
set Last[275] := 14 37;
set Last[276] := 23 46;
set Last[277] := 1 24;
set Last[278] := 2 25;
set Last[279] := 3 26;
set Last[280] := 4 27;
set Last[281] := 5 28;
set Last[282] := 6 29;
set Last[283] := 7 30;
set Last[284] := 8 31;
set Last[285] := 9 32;
set Last[286] := 10 33;
set Last[287] := 11 34;
set Last[288] := 12 35;
set Last[289] := 14 37;
set Last[290] := 15 38;
set Last[291] := 17 40;
set Last[292] := 18 41;
set Last[293] := 19 42;
set Last[294] := 20 43;
set Last[295] := 21 44;
set Last[296] := 22 45;
set Last[297] := 23 46;
set Last[298] := 1 24;
set Last[299] := 2 25;
set Last[300] := 3 26;
set Last[301] := 4 27;
set Last[302] := 5 28;
set Last[303] := 6 29;
set Last[304] := 7 30;
set Last[305] := 8 31;
set Last[306] := 9 32;
set Last[307] := 10 33;
set Last[308] := 11 34;
set Last[309] := 12 35;
set Last[310] := 14 37;
set Last[311] := 15 38;
set Last[312] := 16 39;
set Last[313] := 18 41;
set Last[314] := 19 42;
set Last[315] := 20 43;
set Last[316] := 21 44;
set Last[317] := 22 45;
set Last[318] := 23 46;
set Last[319] := 1 24;
set Last[320] := 2 25;
set Last[321] := 3 26;
set Last[322] := 4 27;
set Last[323] := 5 28;
set Last[324] := 6 29;
set Last[325] := 7 30;
set Last[326] := 8 31;
set Last[327] := 9 32;
set Last[328] := 11 34;
set Last[329] := 12 35;
set Last[330] := 14 37;
set Last[331] := 15 38;
set Last[332] := 19 42;
set Last[333] := 21 44;
set Last[334] := 22 45;
set Last[335] := 23 46;
set Last[336] := 1 24;
set Last[337] := 2 25;
set Last[338] := 5 28;
set Last[339] := 6 29;
set Last[340] := 9 32;
set Last[341] := 11 34;
set Last[342] := 12 35;
set Last[343] := 14 37;
set Last[344] := 23 46;
set Last[345] := 1 24;
set Last[346] := 2 25;
set Last[347] := 3 26;
set Last[348] := 4 27;
set Last[349] := 5 28;
set Last[350] := 6 29;
set Last[351] := 7 30;
set Last[352] := 8 31;
set Last[353] := 9 32;
set Last[354] := 10 33;
set Last[355] := 11 34;
set Last[356] := 12 35;
set Last[357] := 14 37;
set Last[358] := 15 38;
set Last[359] := 17 40;
set Last[360] := 18 41;
set Last[361] := 19 42;
set Last[362] := 21 44;
set Last[363] := 22 45;
set Last[364] := 23 46;
set Last[365] := 1 24;
set Last[366] := 2 25;
set Last[367] := 3 26;
set Last[368] := 4 27;
set Last[369] := 5 28;
set Last[370] := 6 29;
set Last[371] := 7 30;
set Last[372] := 8 31;
set Last[373] := 9 32;
set Last[374] := 11 34;
set Last[375] := 12 35;
set Last[376] := 14 37;
set Last[377] := 15 38;
set Last[378] := 18 41;
set Last[379] := 19 42;
set Last[380] := 22 45;
set Last[381] := 23 46;
set Last[382] := 1 24;
set Last[383] := 2 25;
set Last[384] := 5 28;
set Last[385] := 6 29;
set Last[386] := 9 32;
set Last[387] := 11 34;
set Last[388] := 12 35;
set Last[389] := 23 46;
set Last[390] := 1 24;
set Last[391] := 2 25;
set Last[392] := 3 26;
set Last[393] := 5 28;
set Last[394] := 6 29;
set Last[395] := 7 30;
set Last[396] := 8 31;
set Last[397] := 9 32;
set Last[398] := 11 34;
set Last[399] := 12 35;
set Last[400] := 14 37;
set Last[401] := 15 38;
set Last[402] := 18 41;
set Last[403] := 19 42;
set Last[404] := 21 44;
set Last[405] := 22 45;

param q := 5;

end;
