data;

set V := 1 2 3 4 5 6 7 8 9 10 11 12 13 14 15 16 17 19 20 21 22 23 24 26 28 29 30 31 32 33 34 35 36 37 38 42 44 45;

set A := 1 3
         1 5
         1 6
         1 8
         1 24
         2 5
         2 6
         2 7
         2 9
         2 23
         3 1
         3 11
         3 26
         4 3
         4 11
         5 1
         5 2
         5 28
         6 1
         6 9
         6 13
         6 29
         7 8
         7 30
         8 1
         8 7
         8 31
         9 2
         9 6
         9 10
         9 32
         10 9
         10 13
         10 33
         11 3
         11 14
         11 15
         11 21
         11 34
         12 14
         12 22
         12 23
         12 35
         13 10
         13 36
         14 11
         14 12
         14 37
         15 11
         15 14
         15 38
         16 17
         16 23
         17 16
         17 19
         19 17
         19 20
         19 22
         19 42
         20 19
         20 21
         21 11
         21 20
         21 44
         22 12
         22 19
         22 45
         23 2
         23 12
         ;

set S := 1 2 3 4 5 6 7 8 9 10 11 12 13 14 15 16 17 18 19 20 21 22 23 24 25 26 27 28 29 30 31 32 33 34 35 36 37 38 39 40 41 42 43 44 45 46 47 48 49 50 51 52 53 54 55 56 57 58 59 60 61 62 63 64 65 66 67 68 69 70 71 72 73 74 75 76 77 78 79 80 81 82 83 84 85 86 87 88 89 90 91 92 93 94 95 96 97 98 99 100 101 102;

set F[1] := 1 3
            3 11
            11 21
            21 20
            20 19
            19 42
            ;
set F[2] := 2 5
            5 1
            1 3
            3 26
            ;
set F[3] := 2 23
            23 12
            12 35
            ;
set F[4] := 2 6
            6 13
            13 36
            ;
set F[5] := 2 23
            23 12
            12 14
            14 37
            ;
set F[6] := 2 23
            23 12
            12 22
            22 19
            19 42
            ;
set F[7] := 3 11
            11 14
            14 12
            12 35
            ;
set F[8] := 3 11
            11 14
            14 37
            ;
set F[9] := 3 11
            11 21
            21 20
            20 19
            19 42
            ;
set F[10] := 4 3
             3 26
             ;
set F[11] := 4 3
             3 1
             1 6
             6 9
             9 32
             ;
set F[12] := 4 11
             11 14
             14 12
             12 35
             ;
set F[13] := 4 3
             3 1
             1 6
             6 13
             13 36
             ;
set F[14] := 4 11
             11 14
             14 37
             ;
set F[15] := 4 11
             11 21
             21 20
             20 19
             19 42
             ;
set F[16] := 5 2
             2 23
             23 12
             12 35
             ;
set F[17] := 5 1
             1 3
             3 11
             11 14
             14 37
             ;
set F[18] := 5 2
             2 23
             23 12
             12 22
             22 19
             19 42
             ;
set F[19] := 8 1
             1 3
             3 11
             11 21
             21 20
             20 19
             19 42
             ;
set F[20] := 9 6
             6 1
             1 3
             3 26
             ;
set F[21] := 9 2
             2 23
             23 12
             12 35
             ;
set F[22] := 9 6
             6 13
             13 36
             ;
set F[23] := 9 2
             2 23
             23 12
             12 14
             14 37
             ;
set F[24] := 9 2
             2 23
             23 12
             12 22
             22 19
             19 42
             ;
set F[25] := 10 9
             9 6
             6 1
             1 3
             3 26
             ;
set F[26] := 10 9
             9 32
             ;
set F[27] := 10 9
             9 2
             2 23
             23 12
             12 35
             ;
set F[28] := 10 13
             13 36
             ;
set F[29] := 10 9
             9 2
             2 23
             23 12
             12 14
             14 37
             ;
set F[30] := 10 9
             9 2
             2 23
             23 12
             12 22
             22 19
             19 42
             ;
set F[31] := 11 3
             3 1
             1 24
             ;
set F[32] := 11 3
             3 26
             ;
set F[33] := 11 3
             3 1
             1 5
             5 28
             ;
set F[34] := 11 3
             3 1
             1 6
             6 29
             ;
set F[35] := 11 3
             3 1
             1 8
             8 7
             7 30
             ;
set F[36] := 11 3
             3 1
             1 8
             8 31
             ;
set F[37] := 11 3
             3 1
             1 6
             6 9
             9 32
             ;
set F[38] := 11 3
             3 1
             1 6
             6 13
             13 10
             10 33
             ;
set F[39] := 11 14
             14 12
             12 35
             ;
set F[40] := 11 3
             3 1
             1 6
             6 13
             13 36
             ;
set F[41] := 11 14
             14 37
             ;
set F[42] := 11 15
             15 38
             ;
set F[43] := 11 21
             21 20
             20 19
             19 42
             ;
set F[44] := 11 21
             21 44
             ;
set F[45] := 11 14
             14 12
             12 22
             22 45
             ;
set F[46] := 12 14
             14 11
             11 3
             3 26
             ;
set F[47] := 12 23
             23 2
             2 6
             6 13
             13 36
             ;
set F[48] := 12 14
             14 37
             ;
set F[49] := 12 22
             22 19
             19 42
             ;
set F[50] := 14 12
             12 35
             ;
set F[51] := 14 12
             12 22
             22 19
             19 42
             ;
set F[52] := 15 11
             11 3
             3 26
             ;
set F[53] := 15 11
             11 3
             3 1
             1 6
             6 9
             9 32
             ;
set F[54] := 15 14
             14 12
             12 35
             ;
set F[55] := 15 11
             11 3
             3 1
             1 6
             6 13
             13 36
             ;
set F[56] := 15 14
             14 37
             ;
set F[57] := 15 11
             11 21
             21 20
             20 19
             19 42
             ;
set F[58] := 16 23
             23 2
             2 5
             5 1
             1 3
             3 26
             ;
set F[59] := 16 23
             23 12
             12 35
             ;
set F[60] := 16 23
             23 2
             2 6
             6 13
             13 36
             ;
set F[61] := 16 23
             23 12
             12 14
             14 37
             ;
set F[62] := 16 17
             17 19
             19 42
             ;
set F[63] := 17 19
             19 20
             20 21
             21 11
             11 3
             3 26
             ;
set F[64] := 17 16
             16 23
             23 2
             2 7
             7 8
             8 31
             ;
set F[65] := 17 16
             16 23
             23 2
             2 9
             9 32
             ;
set F[66] := 17 16
             16 23
             23 2
             2 9
             9 10
             10 33
             ;
set F[67] := 17 16
             16 23
             23 12
             12 35
             ;
set F[68] := 17 16
             16 23
             23 2
             2 6
             6 13
             13 36
             ;
set F[69] := 17 16
             16 23
             23 12
             12 14
             14 37
             ;
set F[70] := 17 19
             19 42
             ;
set F[71] := 19 20
             20 21
             21 11
             11 3
             3 1
             1 24
             ;
set F[72] := 19 20
             20 21
             21 11
             11 3
             3 26
             ;
set F[73] := 19 17
             17 16
             16 23
             23 2
             2 5
             5 28
             ;
set F[74] := 19 17
             17 16
             16 23
             23 2
             2 6
             6 29
             ;
set F[75] := 19 17
             17 16
             16 23
             23 2
             2 7
             7 30
             ;
set F[76] := 19 17
             17 16
             16 23
             23 2
             2 7
             7 8
             8 31
             ;
set F[77] := 19 17
             17 16
             16 23
             23 2
             2 9
             9 32
             ;
set F[78] := 19 17
             17 16
             16 23
             23 2
             2 9
             9 10
             10 33
             ;
set F[79] := 19 20
             20 21
             21 11
             11 34
             ;
set F[80] := 19 22
             22 12
             12 35
             ;
set F[81] := 19 17
             17 16
             16 23
             23 2
             2 6
             6 13
             13 36
             ;
set F[82] := 19 22
             22 12
             12 14
             14 37
             ;
set F[83] := 19 20
             20 21
             21 11
             11 15
             15 38
             ;
set F[84] := 19 20
             20 21
             21 44
             ;
set F[85] := 19 22
             22 45
             ;
set F[86] := 21 11
             11 14
             14 12
             12 35
             ;
set F[87] := 21 11
             11 14
             14 37
             ;
set F[88] := 21 20
             20 19
             19 42
             ;
set F[89] := 22 12
             12 35
             ;
set F[90] := 22 12
             12 14
             14 37
             ;
set F[91] := 22 19
             19 42
             ;
set F[92] := 23 2
             2 5
             5 1
             1 24
             ;
set F[93] := 23 2
             2 5
             5 1
             1 3
             3 26
             ;
set F[94] := 23 2
             2 5
             5 28
             ;
set F[95] := 23 2
             2 7
             7 8
             8 31
             ;
set F[96] := 23 2
             2 9
             9 32
             ;
set F[97] := 23 2
             2 9
             9 10
             10 33
             ;
set F[98] := 23 12
             12 35
             ;
set F[99] := 23 2
             2 6
             6 13
             13 36
             ;
set F[100] := 23 12
              12 14
              14 37
              ;
set F[101] := 23 12
              12 22
              22 19
              19 42
              ;
set F[102] := 23 12
              12 14
              14 11
              11 21
              21 44
              ;
set Last[1] := 19 42;
set Last[2] := 3 26;
set Last[3] := 12 35;
set Last[4] := 13 36;
set Last[5] := 14 37;
set Last[6] := 19 42;
set Last[7] := 12 35;
set Last[8] := 14 37;
set Last[9] := 19 42;
set Last[10] := 3 26;
set Last[11] := 9 32;
set Last[12] := 12 35;
set Last[13] := 13 36;
set Last[14] := 14 37;
set Last[15] := 19 42;
set Last[16] := 12 35;
set Last[17] := 14 37;
set Last[18] := 19 42;
set Last[19] := 19 42;
set Last[20] := 3 26;
set Last[21] := 12 35;
set Last[22] := 13 36;
set Last[23] := 14 37;
set Last[24] := 19 42;
set Last[25] := 3 26;
set Last[26] := 9 32;
set Last[27] := 12 35;
set Last[28] := 13 36;
set Last[29] := 14 37;
set Last[30] := 19 42;
set Last[31] := 1 24;
set Last[32] := 3 26;
set Last[33] := 5 28;
set Last[34] := 6 29;
set Last[35] := 7 30;
set Last[36] := 8 31;
set Last[37] := 9 32;
set Last[38] := 10 33;
set Last[39] := 12 35;
set Last[40] := 13 36;
set Last[41] := 14 37;
set Last[42] := 15 38;
set Last[43] := 19 42;
set Last[44] := 21 44;
set Last[45] := 22 45;
set Last[46] := 3 26;
set Last[47] := 13 36;
set Last[48] := 14 37;
set Last[49] := 19 42;
set Last[50] := 12 35;
set Last[51] := 19 42;
set Last[52] := 3 26;
set Last[53] := 9 32;
set Last[54] := 12 35;
set Last[55] := 13 36;
set Last[56] := 14 37;
set Last[57] := 19 42;
set Last[58] := 3 26;
set Last[59] := 12 35;
set Last[60] := 13 36;
set Last[61] := 14 37;
set Last[62] := 19 42;
set Last[63] := 3 26;
set Last[64] := 8 31;
set Last[65] := 9 32;
set Last[66] := 10 33;
set Last[67] := 12 35;
set Last[68] := 13 36;
set Last[69] := 14 37;
set Last[70] := 19 42;
set Last[71] := 1 24;
set Last[72] := 3 26;
set Last[73] := 5 28;
set Last[74] := 6 29;
set Last[75] := 7 30;
set Last[76] := 8 31;
set Last[77] := 9 32;
set Last[78] := 10 33;
set Last[79] := 11 34;
set Last[80] := 12 35;
set Last[81] := 13 36;
set Last[82] := 14 37;
set Last[83] := 15 38;
set Last[84] := 21 44;
set Last[85] := 22 45;
set Last[86] := 12 35;
set Last[87] := 14 37;
set Last[88] := 19 42;
set Last[89] := 12 35;
set Last[90] := 14 37;
set Last[91] := 19 42;
set Last[92] := 1 24;
set Last[93] := 3 26;
set Last[94] := 5 28;
set Last[95] := 8 31;
set Last[96] := 9 32;
set Last[97] := 10 33;
set Last[98] := 12 35;
set Last[99] := 13 36;
set Last[100] := 14 37;
set Last[101] := 19 42;
set Last[102] := 21 44;

param q := 5;

end;
