data;

set V := 1 2 3 4 5 6 7 8 9 10 11 12 13 14 15 16 17 18 19 20 21 22 23 24 25 26 27 28 29 31 33 34 35 36 37 38 39 40 41 42 43 44 45 46 47 48 49 50;

set A := 1 6
         1 26
         2 13
         2 27
         3 17
         3 28
         4 6
         4 16
         4 29
         5 8
         6 1
         6 4
         6 8
         6 31
         7 6
         8 6
         8 33
         9 16
         9 25
         9 34
         10 13
         10 18
         10 19
         10 20
         10 35
         11 21
         11 36
         12 18
         12 37
         13 2
         13 10
         13 14
         13 15
         13 21
         13 22
         13 25
         13 38
         14 13
         14 39
         15 13
         15 40
         16 4
         16 9
         16 17
         16 41
         17 3
         17 16
         17 42
         18 10
         18 12
         18 43
         19 10
         19 44
         20 10
         20 45
         21 11
         21 13
         21 46
         22 13
         22 23
         22 47
         23 22
         23 24
         23 48
         24 23
         24 49
         25 9
         25 13
         25 50
         ;

set S := 1 2 3 4 5 6 7 8 9 10 11 12 13 14 15 16 17 18 19 20 21 22 23 24 25 26 27 28 29 30 31 32 33 34 35 36 37 38 39 40 41 42 43 44 45 46 47 48 49 50 51 52 53 54 55 56 57 58 59 60 61 62 63 64 65 66 67 68 69 70 71 72 73 74 75 76 77 78 79 80 81 82 83 84 85 86 87 88 89 90 91 92 93 94 95 96 97 98 99 100 101 102 103 104 105 106 107 108 109 110 111 112 113 114 115 116 117 118 119 120 121 122 123 124 125 126 127 128 129 130 131 132 133 134 135 136 137 138 139 140 141 142 143 144 145 146 147 148 149 150 151 152 153 154 155 156 157 158 159 160 161 162 163 164 165 166 167 168 169 170 171 172 173 174 175 176 177 178 179 180 181 182 183 184 185 186 187 188 189 190 191 192 193 194 195 196 197 198 199 200 201 202 203 204 205 206 207 208 209 210 211 212 213 214 215 216 217 218 219 220 221 222 223 224 225 226 227 228 229 230 231 232 233 234 235 236 237 238 239 240 241 242 243 244 245 246 247 248 249 250 251 252 253 254 255 256 257 258 259 260 261 262 263 264 265 266 267 268 269 270 271 272 273 274 275 276 277 278 279 280 281 282 283 284 285 286 287 288 289 290 291 292 293 294 295 296 297 298 299 300 301 302 303 304 305 306 307 308 309 310 311 312 313 314 315 316 317 318 319 320 321 322 323 324 325 326 327 328 329 330 331 332 333 334 335 336 337 338 339 340 341 342 343 344 345 346 347 348 349 350 351 352 353 354 355 356 357 358 359 360 361 362 363 364 365 366 367 368 369 370 371 372 373 374 375 376 377 378 379 380 381 382 383 384 385 386 387 388 389 390 391 392 393 394 395 396 397 398 399 400 401 402 403 404 405 406 407 408 409 410 411 412 413 414 415 416 417 418 419 420 421 422 423 424 425 426 427 428 429 430 431 432 433 434 435 436 437 438 439 440 441 442 443 444 445 446 447 448 449 450 451 452 453 454 455 456 457 458 459 460 461 462 463 464 465 466 467 468 469 470 471 472 473 474 475 476 477 478 479 480;

set F[1] := 1 6
            6 4
            4 16
            16 17
            17 3
            3 28
            ;
set F[2] := 1 6
            6 4
            4 29
            ;
set F[3] := 1 6
            6 31
            ;
set F[4] := 1 6
            6 8
            8 33
            ;
set F[5] := 1 6
            6 4
            4 16
            16 9
            9 34
            ;
set F[6] := 1 6
            6 4
            4 16
            16 9
            9 25
            25 13
            13 10
            10 35
            ;
set F[7] := 1 6
            6 4
            4 16
            16 9
            9 25
            25 13
            13 21
            21 11
            11 36
            ;
set F[8] := 1 6
            6 4
            4 16
            16 9
            9 25
            25 13
            13 10
            10 18
            18 12
            12 37
            ;
set F[9] := 1 6
            6 4
            4 16
            16 9
            9 25
            25 13
            13 38
            ;
set F[10] := 1 6
             6 4
             4 16
             16 9
             9 25
             25 13
             13 14
             14 39
             ;
set F[11] := 1 6
             6 4
             4 16
             16 17
             17 42
             ;
set F[12] := 1 6
             6 4
             4 16
             16 9
             9 25
             25 13
             13 10
             10 18
             18 43
             ;
set F[13] := 1 6
             6 4
             4 16
             16 9
             9 25
             25 13
             13 10
             10 19
             19 44
             ;
set F[14] := 1 6
             6 4
             4 16
             16 9
             9 25
             25 13
             13 10
             10 20
             20 45
             ;
set F[15] := 1 6
             6 4
             4 16
             16 9
             9 25
             25 13
             13 21
             21 46
             ;
set F[16] := 1 6
             6 4
             4 16
             16 9
             9 25
             25 13
             13 22
             22 23
             23 48
             ;
set F[17] := 1 6
             6 4
             4 16
             16 9
             9 25
             25 13
             13 22
             22 23
             23 24
             24 49
             ;
set F[18] := 1 6
             6 4
             4 16
             16 9
             9 25
             25 50
             ;
set F[19] := 2 13
             13 25
             25 9
             9 16
             16 17
             17 3
             3 28
             ;
set F[20] := 2 13
             13 25
             25 9
             9 16
             16 4
             4 6
             6 31
             ;
set F[21] := 2 13
             13 25
             25 9
             9 16
             16 4
             4 6
             6 8
             8 33
             ;
set F[22] := 2 13
             13 25
             25 9
             9 34
             ;
set F[23] := 2 13
             13 10
             10 35
             ;
set F[24] := 2 13
             13 38
             ;
set F[25] := 2 13
             13 10
             10 18
             18 43
             ;
set F[26] := 2 13
             13 22
             22 23
             23 48
             ;
set F[27] := 3 17
             17 16
             16 4
             4 6
             6 1
             1 26
             ;
set F[28] := 3 17
             17 16
             16 4
             4 29
             ;
set F[29] := 3 17
             17 16
             16 4
             4 6
             6 31
             ;
set F[30] := 3 17
             17 16
             16 4
             4 6
             6 8
             8 33
             ;
set F[31] := 3 17
             17 16
             16 9
             9 34
             ;
set F[32] := 3 17
             17 16
             16 9
             9 25
             25 13
             13 10
             10 35
             ;
set F[33] := 3 17
             17 16
             16 9
             9 25
             25 13
             13 21
             21 11
             11 36
             ;
set F[34] := 3 17
             17 16
             16 9
             9 25
             25 13
             13 10
             10 18
             18 12
             12 37
             ;
set F[35] := 3 17
             17 16
             16 9
             9 25
             25 13
             13 38
             ;
set F[36] := 3 17
             17 16
             16 9
             9 25
             25 13
             13 14
             14 39
             ;
set F[37] := 3 17
             17 16
             16 41
             ;
set F[38] := 3 17
             17 42
             ;
set F[39] := 3 17
             17 16
             16 9
             9 25
             25 13
             13 10
             10 18
             18 43
             ;
set F[40] := 3 17
             17 16
             16 9
             9 25
             25 13
             13 10
             10 19
             19 44
             ;
set F[41] := 3 17
             17 16
             16 9
             9 25
             25 13
             13 10
             10 20
             20 45
             ;
set F[42] := 3 17
             17 16
             16 9
             9 25
             25 13
             13 21
             21 46
             ;
set F[43] := 3 17
             17 16
             16 9
             9 25
             25 13
             13 22
             22 47
             ;
set F[44] := 3 17
             17 16
             16 9
             9 25
             25 13
             13 22
             22 23
             23 48
             ;
set F[45] := 3 17
             17 16
             16 9
             9 25
             25 13
             13 22
             22 23
             23 24
             24 49
             ;
set F[46] := 3 17
             17 16
             16 9
             9 25
             25 50
             ;
set F[47] := 4 6
             6 1
             1 26
             ;
set F[48] := 4 16
             16 17
             17 3
             3 28
             ;
set F[49] := 4 6
             6 31
             ;
set F[50] := 4 6
             6 8
             8 33
             ;
set F[51] := 4 16
             16 9
             9 34
             ;
set F[52] := 4 16
             16 9
             9 25
             25 13
             13 10
             10 35
             ;
set F[53] := 4 16
             16 9
             9 25
             25 13
             13 21
             21 11
             11 36
             ;
set F[54] := 4 16
             16 9
             9 25
             25 13
             13 10
             10 18
             18 12
             12 37
             ;
set F[55] := 4 16
             16 9
             9 25
             25 13
             13 38
             ;
set F[56] := 4 16
             16 9
             9 25
             25 13
             13 14
             14 39
             ;
set F[57] := 4 16
             16 41
             ;
set F[58] := 4 16
             16 17
             17 42
             ;
set F[59] := 4 16
             16 9
             9 25
             25 13
             13 10
             10 18
             18 43
             ;
set F[60] := 4 16
             16 9
             9 25
             25 13
             13 10
             10 19
             19 44
             ;
set F[61] := 4 16
             16 9
             9 25
             25 13
             13 10
             10 20
             20 45
             ;
set F[62] := 4 16
             16 9
             9 25
             25 13
             13 21
             21 46
             ;
set F[63] := 4 16
             16 9
             9 25
             25 13
             13 22
             22 47
             ;
set F[64] := 4 16
             16 9
             9 25
             25 13
             13 22
             22 23
             23 48
             ;
set F[65] := 4 16
             16 9
             9 25
             25 13
             13 22
             22 23
             23 24
             24 49
             ;
set F[66] := 4 16
             16 9
             9 25
             25 50
             ;
set F[67] := 5 8
             8 6
             6 1
             1 26
             ;
set F[68] := 5 8
             8 6
             6 4
             4 16
             16 17
             17 3
             3 28
             ;
set F[69] := 5 8
             8 6
             6 4
             4 29
             ;
set F[70] := 5 8
             8 6
             6 31
             ;
set F[71] := 5 8
             8 33
             ;
set F[72] := 5 8
             8 6
             6 4
             4 16
             16 9
             9 34
             ;
set F[73] := 5 8
             8 6
             6 4
             4 16
             16 9
             9 25
             25 13
             13 10
             10 35
             ;
set F[74] := 5 8
             8 6
             6 4
             4 16
             16 9
             9 25
             25 13
             13 21
             21 11
             11 36
             ;
set F[75] := 5 8
             8 6
             6 4
             4 16
             16 9
             9 25
             25 13
             13 10
             10 18
             18 12
             12 37
             ;
set F[76] := 5 8
             8 6
             6 4
             4 16
             16 9
             9 25
             25 13
             13 38
             ;
set F[77] := 5 8
             8 6
             6 4
             4 16
             16 9
             9 25
             25 13
             13 14
             14 39
             ;
set F[78] := 5 8
             8 6
             6 4
             4 16
             16 41
             ;
set F[79] := 5 8
             8 6
             6 4
             4 16
             16 17
             17 42
             ;
set F[80] := 5 8
             8 6
             6 4
             4 16
             16 9
             9 25
             25 13
             13 10
             10 18
             18 43
             ;
set F[81] := 5 8
             8 6
             6 4
             4 16
             16 9
             9 25
             25 13
             13 10
             10 19
             19 44
             ;
set F[82] := 5 8
             8 6
             6 4
             4 16
             16 9
             9 25
             25 13
             13 10
             10 20
             20 45
             ;
set F[83] := 5 8
             8 6
             6 4
             4 16
             16 9
             9 25
             25 13
             13 21
             21 46
             ;
set F[84] := 5 8
             8 6
             6 4
             4 16
             16 9
             9 25
             25 13
             13 22
             22 47
             ;
set F[85] := 5 8
             8 6
             6 4
             4 16
             16 9
             9 25
             25 13
             13 22
             22 23
             23 48
             ;
set F[86] := 5 8
             8 6
             6 4
             4 16
             16 9
             9 25
             25 13
             13 22
             22 23
             23 24
             24 49
             ;
set F[87] := 5 8
             8 6
             6 4
             4 16
             16 9
             9 25
             25 50
             ;
set F[88] := 6 1
             1 26
             ;
set F[89] := 6 4
             4 16
             16 17
             17 3
             3 28
             ;
set F[90] := 6 4
             4 29
             ;
set F[91] := 6 8
             8 33
             ;
set F[92] := 6 4
             4 16
             16 9
             9 34
             ;
set F[93] := 6 4
             4 16
             16 9
             9 25
             25 13
             13 10
             10 35
             ;
set F[94] := 6 4
             4 16
             16 9
             9 25
             25 13
             13 21
             21 11
             11 36
             ;
set F[95] := 6 4
             4 16
             16 9
             9 25
             25 13
             13 10
             10 18
             18 12
             12 37
             ;
set F[96] := 6 4
             4 16
             16 9
             9 25
             25 13
             13 38
             ;
set F[97] := 6 4
             4 16
             16 9
             9 25
             25 13
             13 14
             14 39
             ;
set F[98] := 6 4
             4 16
             16 41
             ;
set F[99] := 6 4
             4 16
             16 17
             17 42
             ;
set F[100] := 6 4
              4 16
              16 9
              9 25
              25 13
              13 10
              10 18
              18 43
              ;
set F[101] := 6 4
              4 16
              16 9
              9 25
              25 13
              13 10
              10 19
              19 44
              ;
set F[102] := 6 4
              4 16
              16 9
              9 25
              25 13
              13 10
              10 20
              20 45
              ;
set F[103] := 6 4
              4 16
              16 9
              9 25
              25 13
              13 21
              21 46
              ;
set F[104] := 6 4
              4 16
              16 9
              9 25
              25 13
              13 22
              22 47
              ;
set F[105] := 6 4
              4 16
              16 9
              9 25
              25 13
              13 22
              22 23
              23 48
              ;
set F[106] := 6 4
              4 16
              16 9
              9 25
              25 13
              13 22
              22 23
              23 24
              24 49
              ;
set F[107] := 6 4
              4 16
              16 9
              9 25
              25 50
              ;
set F[108] := 7 6
              6 1
              1 26
              ;
set F[109] := 7 6
              6 4
              4 16
              16 17
              17 3
              3 28
              ;
set F[110] := 7 6
              6 4
              4 29
              ;
set F[111] := 7 6
              6 31
              ;
set F[112] := 7 6
              6 8
              8 33
              ;
set F[113] := 7 6
              6 4
              4 16
              16 9
              9 34
              ;
set F[114] := 7 6
              6 4
              4 16
              16 9
              9 25
              25 13
              13 10
              10 35
              ;
set F[115] := 7 6
              6 4
              4 16
              16 9
              9 25
              25 13
              13 21
              21 11
              11 36
              ;
set F[116] := 7 6
              6 4
              4 16
              16 9
              9 25
              25 13
              13 10
              10 18
              18 12
              12 37
              ;
set F[117] := 7 6
              6 4
              4 16
              16 9
              9 25
              25 13
              13 38
              ;
set F[118] := 7 6
              6 4
              4 16
              16 9
              9 25
              25 13
              13 14
              14 39
              ;
set F[119] := 7 6
              6 4
              4 16
              16 41
              ;
set F[120] := 7 6
              6 4
              4 16
              16 17
              17 42
              ;
set F[121] := 7 6
              6 4
              4 16
              16 9
              9 25
              25 13
              13 10
              10 18
              18 43
              ;
set F[122] := 7 6
              6 4
              4 16
              16 9
              9 25
              25 13
              13 10
              10 19
              19 44
              ;
set F[123] := 7 6
              6 4
              4 16
              16 9
              9 25
              25 13
              13 10
              10 20
              20 45
              ;
set F[124] := 7 6
              6 4
              4 16
              16 9
              9 25
              25 13
              13 21
              21 46
              ;
set F[125] := 7 6
              6 4
              4 16
              16 9
              9 25
              25 13
              13 22
              22 47
              ;
set F[126] := 7 6
              6 4
              4 16
              16 9
              9 25
              25 13
              13 22
              22 23
              23 48
              ;
set F[127] := 7 6
              6 4
              4 16
              16 9
              9 25
              25 13
              13 22
              22 23
              23 24
              24 49
              ;
set F[128] := 7 6
              6 4
              4 16
              16 9
              9 25
              25 50
              ;
set F[129] := 8 6
              6 1
              1 26
              ;
set F[130] := 8 6
              6 4
              4 16
              16 17
              17 3
              3 28
              ;
set F[131] := 8 6
              6 4
              4 29
              ;
set F[132] := 8 6
              6 31
              ;
set F[133] := 8 6
              6 4
              4 16
              16 9
              9 34
              ;
set F[134] := 8 6
              6 4
              4 16
              16 9
              9 25
              25 13
              13 10
              10 35
              ;
set F[135] := 8 6
              6 4
              4 16
              16 9
              9 25
              25 13
              13 21
              21 11
              11 36
              ;
set F[136] := 8 6
              6 4
              4 16
              16 9
              9 25
              25 13
              13 10
              10 18
              18 12
              12 37
              ;
set F[137] := 8 6
              6 4
              4 16
              16 9
              9 25
              25 13
              13 38
              ;
set F[138] := 8 6
              6 4
              4 16
              16 9
              9 25
              25 13
              13 14
              14 39
              ;
set F[139] := 8 6
              6 4
              4 16
              16 41
              ;
set F[140] := 8 6
              6 4
              4 16
              16 17
              17 42
              ;
set F[141] := 8 6
              6 4
              4 16
              16 9
              9 25
              25 13
              13 10
              10 18
              18 43
              ;
set F[142] := 8 6
              6 4
              4 16
              16 9
              9 25
              25 13
              13 10
              10 19
              19 44
              ;
set F[143] := 8 6
              6 4
              4 16
              16 9
              9 25
              25 13
              13 10
              10 20
              20 45
              ;
set F[144] := 8 6
              6 4
              4 16
              16 9
              9 25
              25 13
              13 21
              21 46
              ;
set F[145] := 8 6
              6 4
              4 16
              16 9
              9 25
              25 13
              13 22
              22 47
              ;
set F[146] := 8 6
              6 4
              4 16
              16 9
              9 25
              25 13
              13 22
              22 23
              23 48
              ;
set F[147] := 8 6
              6 4
              4 16
              16 9
              9 25
              25 13
              13 22
              22 23
              23 24
              24 49
              ;
set F[148] := 8 6
              6 4
              4 16
              16 9
              9 25
              25 50
              ;
set F[149] := 9 16
              16 4
              4 6
              6 1
              1 26
              ;
set F[150] := 9 16
              16 17
              17 3
              3 28
              ;
set F[151] := 9 16
              16 4
              4 29
              ;
set F[152] := 9 16
              16 4
              4 6
              6 31
              ;
set F[153] := 9 16
              16 4
              4 6
              6 8
              8 33
              ;
set F[154] := 9 25
              25 13
              13 10
              10 35
              ;
set F[155] := 9 25
              25 13
              13 21
              21 11
              11 36
              ;
set F[156] := 9 25
              25 13
              13 10
              10 18
              18 12
              12 37
              ;
set F[157] := 9 25
              25 13
              13 38
              ;
set F[158] := 9 25
              25 13
              13 14
              14 39
              ;
set F[159] := 9 16
              16 41
              ;
set F[160] := 9 16
              16 17
              17 42
              ;
set F[161] := 9 25
              25 13
              13 10
              10 18
              18 43
              ;
set F[162] := 9 25
              25 13
              13 10
              10 19
              19 44
              ;
set F[163] := 9 25
              25 13
              13 10
              10 20
              20 45
              ;
set F[164] := 9 25
              25 13
              13 21
              21 46
              ;
set F[165] := 9 25
              25 13
              13 22
              22 47
              ;
set F[166] := 9 25
              25 13
              13 22
              22 23
              23 48
              ;
set F[167] := 9 25
              25 13
              13 22
              22 23
              23 24
              24 49
              ;
set F[168] := 9 25
              25 50
              ;
set F[169] := 10 13
              13 25
              25 9
              9 16
              16 4
              4 6
              6 1
              1 26
              ;
set F[170] := 10 13
              13 25
              25 9
              9 16
              16 17
              17 3
              3 28
              ;
set F[171] := 10 13
              13 25
              25 9
              9 16
              16 4
              4 29
              ;
set F[172] := 10 13
              13 25
              25 9
              9 16
              16 4
              4 6
              6 31
              ;
set F[173] := 10 13
              13 25
              25 9
              9 16
              16 4
              4 6
              6 8
              8 33
              ;
set F[174] := 10 13
              13 25
              25 9
              9 34
              ;
set F[175] := 10 13
              13 21
              21 11
              11 36
              ;
set F[176] := 10 18
              18 12
              12 37
              ;
set F[177] := 10 13
              13 38
              ;
set F[178] := 10 13
              13 14
              14 39
              ;
set F[179] := 10 13
              13 25
              25 9
              9 16
              16 41
              ;
set F[180] := 10 13
              13 25
              25 9
              9 16
              16 17
              17 42
              ;
set F[181] := 10 18
              18 43
              ;
set F[182] := 10 19
              19 44
              ;
set F[183] := 10 20
              20 45
              ;
set F[184] := 10 13
              13 21
              21 46
              ;
set F[185] := 10 13
              13 22
              22 47
              ;
set F[186] := 10 13
              13 22
              22 23
              23 48
              ;
set F[187] := 10 13
              13 22
              22 23
              23 24
              24 49
              ;
set F[188] := 10 13
              13 25
              25 50
              ;
set F[189] := 11 21
              21 13
              13 25
              25 9
              9 16
              16 4
              4 6
              6 1
              1 26
              ;
set F[190] := 11 21
              21 13
              13 25
              25 9
              9 16
              16 17
              17 3
              3 28
              ;
set F[191] := 11 21
              21 13
              13 25
              25 9
              9 16
              16 4
              4 29
              ;
set F[192] := 11 21
              21 13
              13 25
              25 9
              9 16
              16 4
              4 6
              6 31
              ;
set F[193] := 11 21
              21 13
              13 25
              25 9
              9 16
              16 4
              4 6
              6 8
              8 33
              ;
set F[194] := 11 21
              21 13
              13 25
              25 9
              9 34
              ;
set F[195] := 11 21
              21 13
              13 10
              10 35
              ;
set F[196] := 11 21
              21 13
              13 10
              10 18
              18 12
              12 37
              ;
set F[197] := 11 21
              21 13
              13 38
              ;
set F[198] := 11 21
              21 13
              13 14
              14 39
              ;
set F[199] := 11 21
              21 13
              13 25
              25 9
              9 16
              16 41
              ;
set F[200] := 11 21
              21 13
              13 25
              25 9
              9 16
              16 17
              17 42
              ;
set F[201] := 11 21
              21 13
              13 10
              10 18
              18 43
              ;
set F[202] := 11 21
              21 13
              13 10
              10 19
              19 44
              ;
set F[203] := 11 21
              21 13
              13 10
              10 20
              20 45
              ;
set F[204] := 11 21
              21 46
              ;
set F[205] := 11 21
              21 13
              13 22
              22 47
              ;
set F[206] := 11 21
              21 13
              13 22
              22 23
              23 48
              ;
set F[207] := 11 21
              21 13
              13 22
              22 23
              23 24
              24 49
              ;
set F[208] := 11 21
              21 13
              13 25
              25 50
              ;
set F[209] := 12 18
              18 10
              10 13
              13 25
              25 9
              9 16
              16 4
              4 6
              6 1
              1 26
              ;
set F[210] := 12 18
              18 10
              10 13
              13 25
              25 9
              9 16
              16 17
              17 3
              3 28
              ;
set F[211] := 12 18
              18 10
              10 13
              13 25
              25 9
              9 16
              16 4
              4 29
              ;
set F[212] := 12 18
              18 10
              10 13
              13 25
              25 9
              9 16
              16 4
              4 6
              6 31
              ;
set F[213] := 12 18
              18 10
              10 13
              13 25
              25 9
              9 16
              16 4
              4 6
              6 8
              8 33
              ;
set F[214] := 12 18
              18 10
              10 13
              13 25
              25 9
              9 34
              ;
set F[215] := 12 18
              18 10
              10 35
              ;
set F[216] := 12 18
              18 10
              10 13
              13 21
              21 11
              11 36
              ;
set F[217] := 12 18
              18 10
              10 13
              13 38
              ;
set F[218] := 12 18
              18 10
              10 13
              13 14
              14 39
              ;
set F[219] := 12 18
              18 10
              10 13
              13 25
              25 9
              9 16
              16 41
              ;
set F[220] := 12 18
              18 10
              10 13
              13 25
              25 9
              9 16
              16 17
              17 42
              ;
set F[221] := 12 18
              18 43
              ;
set F[222] := 12 18
              18 10
              10 19
              19 44
              ;
set F[223] := 12 18
              18 10
              10 20
              20 45
              ;
set F[224] := 12 18
              18 10
              10 13
              13 21
              21 46
              ;
set F[225] := 12 18
              18 10
              10 13
              13 22
              22 47
              ;
set F[226] := 12 18
              18 10
              10 13
              13 22
              22 23
              23 48
              ;
set F[227] := 12 18
              18 10
              10 13
              13 22
              22 23
              23 24
              24 49
              ;
set F[228] := 12 18
              18 10
              10 13
              13 25
              25 50
              ;
set F[229] := 13 25
              25 9
              9 16
              16 4
              4 6
              6 1
              1 26
              ;
set F[230] := 13 2
              2 27
              ;
set F[231] := 13 25
              25 9
              9 16
              16 17
              17 3
              3 28
              ;
set F[232] := 13 25
              25 9
              9 16
              16 4
              4 29
              ;
set F[233] := 13 25
              25 9
              9 16
              16 4
              4 6
              6 31
              ;
set F[234] := 13 25
              25 9
              9 16
              16 4
              4 6
              6 8
              8 33
              ;
set F[235] := 13 25
              25 9
              9 34
              ;
set F[236] := 13 10
              10 35
              ;
set F[237] := 13 21
              21 11
              11 36
              ;
set F[238] := 13 10
              10 18
              18 12
              12 37
              ;
set F[239] := 13 14
              14 39
              ;
set F[240] := 13 15
              15 40
              ;
set F[241] := 13 25
              25 9
              9 16
              16 41
              ;
set F[242] := 13 25
              25 9
              9 16
              16 17
              17 42
              ;
set F[243] := 13 10
              10 18
              18 43
              ;
set F[244] := 13 10
              10 19
              19 44
              ;
set F[245] := 13 10
              10 20
              20 45
              ;
set F[246] := 13 21
              21 46
              ;
set F[247] := 13 22
              22 47
              ;
set F[248] := 13 22
              22 23
              23 48
              ;
set F[249] := 13 22
              22 23
              23 24
              24 49
              ;
set F[250] := 13 25
              25 50
              ;
set F[251] := 14 13
              13 25
              25 9
              9 16
              16 4
              4 6
              6 1
              1 26
              ;
set F[252] := 14 13
              13 25
              25 9
              9 16
              16 17
              17 3
              3 28
              ;
set F[253] := 14 13
              13 25
              25 9
              9 16
              16 4
              4 29
              ;
set F[254] := 14 13
              13 25
              25 9
              9 16
              16 4
              4 6
              6 31
              ;
set F[255] := 14 13
              13 25
              25 9
              9 16
              16 4
              4 6
              6 8
              8 33
              ;
set F[256] := 14 13
              13 25
              25 9
              9 34
              ;
set F[257] := 14 13
              13 10
              10 35
              ;
set F[258] := 14 13
              13 21
              21 11
              11 36
              ;
set F[259] := 14 13
              13 10
              10 18
              18 12
              12 37
              ;
set F[260] := 14 13
              13 38
              ;
set F[261] := 14 13
              13 25
              25 9
              9 16
              16 41
              ;
set F[262] := 14 13
              13 25
              25 9
              9 16
              16 17
              17 42
              ;
set F[263] := 14 13
              13 10
              10 18
              18 43
              ;
set F[264] := 14 13
              13 10
              10 19
              19 44
              ;
set F[265] := 14 13
              13 10
              10 20
              20 45
              ;
set F[266] := 14 13
              13 21
              21 46
              ;
set F[267] := 14 13
              13 22
              22 47
              ;
set F[268] := 14 13
              13 22
              22 23
              23 48
              ;
set F[269] := 14 13
              13 22
              22 23
              23 24
              24 49
              ;
set F[270] := 14 13
              13 25
              25 50
              ;
set F[271] := 15 13
              13 25
              25 9
              9 16
              16 4
              4 6
              6 31
              ;
set F[272] := 15 13
              13 25
              25 9
              9 16
              16 4
              4 6
              6 8
              8 33
              ;
set F[273] := 15 13
              13 25
              25 9
              9 34
              ;
set F[274] := 15 13
              13 10
              10 35
              ;
set F[275] := 15 13
              13 38
              ;
set F[276] := 15 13
              13 10
              10 18
              18 43
              ;
set F[277] := 15 13
              13 22
              22 23
              23 48
              ;
set F[278] := 16 4
              4 6
              6 1
              1 26
              ;
set F[279] := 16 17
              17 3
              3 28
              ;
set F[280] := 16 4
              4 29
              ;
set F[281] := 16 4
              4 6
              6 31
              ;
set F[282] := 16 4
              4 6
              6 8
              8 33
              ;
set F[283] := 16 9
              9 34
              ;
set F[284] := 16 9
              9 25
              25 13
              13 10
              10 35
              ;
set F[285] := 16 9
              9 25
              25 13
              13 21
              21 11
              11 36
              ;
set F[286] := 16 9
              9 25
              25 13
              13 10
              10 18
              18 12
              12 37
              ;
set F[287] := 16 9
              9 25
              25 13
              13 38
              ;
set F[288] := 16 9
              9 25
              25 13
              13 14
              14 39
              ;
set F[289] := 16 9
              9 25
              25 13
              13 15
              15 40
              ;
set F[290] := 16 17
              17 42
              ;
set F[291] := 16 9
              9 25
              25 13
              13 10
              10 18
              18 43
              ;
set F[292] := 16 9
              9 25
              25 13
              13 10
              10 19
              19 44
              ;
set F[293] := 16 9
              9 25
              25 13
              13 10
              10 20
              20 45
              ;
set F[294] := 16 9
              9 25
              25 13
              13 21
              21 46
              ;
set F[295] := 16 9
              9 25
              25 13
              13 22
              22 47
              ;
set F[296] := 16 9
              9 25
              25 13
              13 22
              22 23
              23 48
              ;
set F[297] := 16 9
              9 25
              25 13
              13 22
              22 23
              23 24
              24 49
              ;
set F[298] := 16 9
              9 25
              25 50
              ;
set F[299] := 17 16
              16 4
              4 6
              6 1
              1 26
              ;
set F[300] := 17 3
              3 28
              ;
set F[301] := 17 16
              16 4
              4 29
              ;
set F[302] := 17 16
              16 4
              4 6
              6 31
              ;
set F[303] := 17 16
              16 4
              4 6
              6 8
              8 33
              ;
set F[304] := 17 16
              16 9
              9 34
              ;
set F[305] := 17 16
              16 9
              9 25
              25 13
              13 10
              10 35
              ;
set F[306] := 17 16
              16 9
              9 25
              25 13
              13 21
              21 11
              11 36
              ;
set F[307] := 17 16
              16 9
              9 25
              25 13
              13 10
              10 18
              18 12
              12 37
              ;
set F[308] := 17 16
              16 9
              9 25
              25 13
              13 38
              ;
set F[309] := 17 16
              16 9
              9 25
              25 13
              13 14
              14 39
              ;
set F[310] := 17 16
              16 9
              9 25
              25 13
              13 10
              10 18
              18 43
              ;
set F[311] := 17 16
              16 9
              9 25
              25 13
              13 10
              10 19
              19 44
              ;
set F[312] := 17 16
              16 9
              9 25
              25 13
              13 10
              10 20
              20 45
              ;
set F[313] := 17 16
              16 9
              9 25
              25 13
              13 21
              21 46
              ;
set F[314] := 17 16
              16 9
              9 25
              25 13
              13 22
              22 23
              23 48
              ;
set F[315] := 17 16
              16 9
              9 25
              25 13
              13 22
              22 23
              23 24
              24 49
              ;
set F[316] := 17 16
              16 9
              9 25
              25 50
              ;
set F[317] := 18 10
              10 13
              13 25
              25 9
              9 16
              16 4
              4 6
              6 1
              1 26
              ;
set F[318] := 18 10
              10 13
              13 25
              25 9
              9 16
              16 17
              17 3
              3 28
              ;
set F[319] := 18 10
              10 13
              13 25
              25 9
              9 16
              16 4
              4 29
              ;
set F[320] := 18 10
              10 13
              13 25
              25 9
              9 16
              16 4
              4 6
              6 31
              ;
set F[321] := 18 10
              10 13
              13 25
              25 9
              9 16
              16 4
              4 6
              6 8
              8 33
              ;
set F[322] := 18 10
              10 13
              13 25
              25 9
              9 34
              ;
set F[323] := 18 10
              10 35
              ;
set F[324] := 18 10
              10 13
              13 21
              21 11
              11 36
              ;
set F[325] := 18 12
              12 37
              ;
set F[326] := 18 10
              10 13
              13 38
              ;
set F[327] := 18 10
              10 13
              13 14
              14 39
              ;
set F[328] := 18 10
              10 13
              13 15
              15 40
              ;
set F[329] := 18 10
              10 13
              13 25
              25 9
              9 16
              16 41
              ;
set F[330] := 18 10
              10 13
              13 25
              25 9
              9 16
              16 17
              17 42
              ;
set F[331] := 18 10
              10 19
              19 44
              ;
set F[332] := 18 10
              10 20
              20 45
              ;
set F[333] := 18 10
              10 13
              13 21
              21 46
              ;
set F[334] := 18 10
              10 13
              13 22
              22 47
              ;
set F[335] := 18 10
              10 13
              13 22
              22 23
              23 48
              ;
set F[336] := 18 10
              10 13
              13 22
              22 23
              23 24
              24 49
              ;
set F[337] := 18 10
              10 13
              13 25
              25 50
              ;
set F[338] := 19 10
              10 13
              13 25
              25 9
              9 16
              16 4
              4 6
              6 1
              1 26
              ;
set F[339] := 19 10
              10 13
              13 25
              25 9
              9 16
              16 17
              17 3
              3 28
              ;
set F[340] := 19 10
              10 13
              13 25
              25 9
              9 16
              16 4
              4 29
              ;
set F[341] := 19 10
              10 13
              13 25
              25 9
              9 16
              16 4
              4 6
              6 31
              ;
set F[342] := 19 10
              10 13
              13 25
              25 9
              9 16
              16 4
              4 6
              6 8
              8 33
              ;
set F[343] := 19 10
              10 13
              13 25
              25 9
              9 34
              ;
set F[344] := 19 10
              10 35
              ;
set F[345] := 19 10
              10 13
              13 21
              21 11
              11 36
              ;
set F[346] := 19 10
              10 18
              18 12
              12 37
              ;
set F[347] := 19 10
              10 13
              13 38
              ;
set F[348] := 19 10
              10 13
              13 14
              14 39
              ;
set F[349] := 19 10
              10 13
              13 25
              25 9
              9 16
              16 41
              ;
set F[350] := 19 10
              10 13
              13 25
              25 9
              9 16
              16 17
              17 42
              ;
set F[351] := 19 10
              10 18
              18 43
              ;
set F[352] := 19 10
              10 20
              20 45
              ;
set F[353] := 19 10
              10 13
              13 21
              21 46
              ;
set F[354] := 19 10
              10 13
              13 22
              22 47
              ;
set F[355] := 19 10
              10 13
              13 22
              22 23
              23 48
              ;
set F[356] := 19 10
              10 13
              13 22
              22 23
              23 24
              24 49
              ;
set F[357] := 19 10
              10 13
              13 25
              25 50
              ;
set F[358] := 20 10
              10 13
              13 25
              25 9
              9 16
              16 4
              4 6
              6 1
              1 26
              ;
set F[359] := 20 10
              10 13
              13 25
              25 9
              9 16
              16 17
              17 3
              3 28
              ;
set F[360] := 20 10
              10 13
              13 25
              25 9
              9 16
              16 4
              4 29
              ;
set F[361] := 20 10
              10 13
              13 25
              25 9
              9 16
              16 4
              4 6
              6 31
              ;
set F[362] := 20 10
              10 13
              13 25
              25 9
              9 16
              16 4
              4 6
              6 8
              8 33
              ;
set F[363] := 20 10
              10 13
              13 25
              25 9
              9 34
              ;
set F[364] := 20 10
              10 35
              ;
set F[365] := 20 10
              10 13
              13 21
              21 11
              11 36
              ;
set F[366] := 20 10
              10 18
              18 12
              12 37
              ;
set F[367] := 20 10
              10 13
              13 38
              ;
set F[368] := 20 10
              10 13
              13 14
              14 39
              ;
set F[369] := 20 10
              10 13
              13 25
              25 9
              9 16
              16 41
              ;
set F[370] := 20 10
              10 13
              13 25
              25 9
              9 16
              16 17
              17 42
              ;
set F[371] := 20 10
              10 18
              18 43
              ;
set F[372] := 20 10
              10 19
              19 44
              ;
set F[373] := 20 10
              10 13
              13 21
              21 46
              ;
set F[374] := 20 10
              10 13
              13 22
              22 47
              ;
set F[375] := 20 10
              10 13
              13 22
              22 23
              23 48
              ;
set F[376] := 20 10
              10 13
              13 22
              22 23
              23 24
              24 49
              ;
set F[377] := 20 10
              10 13
              13 25
              25 50
              ;
set F[378] := 21 13
              13 25
              25 9
              9 16
              16 4
              4 6
              6 1
              1 26
              ;
set F[379] := 21 13
              13 25
              25 9
              9 16
              16 17
              17 3
              3 28
              ;
set F[380] := 21 13
              13 25
              25 9
              9 16
              16 4
              4 29
              ;
set F[381] := 21 13
              13 25
              25 9
              9 16
              16 4
              4 6
              6 31
              ;
set F[382] := 21 13
              13 25
              25 9
              9 16
              16 4
              4 6
              6 8
              8 33
              ;
set F[383] := 21 13
              13 25
              25 9
              9 34
              ;
set F[384] := 21 13
              13 10
              10 35
              ;
set F[385] := 21 11
              11 36
              ;
set F[386] := 21 13
              13 10
              10 18
              18 12
              12 37
              ;
set F[387] := 21 13
              13 38
              ;
set F[388] := 21 13
              13 14
              14 39
              ;
set F[389] := 21 13
              13 15
              15 40
              ;
set F[390] := 21 13
              13 25
              25 9
              9 16
              16 41
              ;
set F[391] := 21 13
              13 25
              25 9
              9 16
              16 17
              17 42
              ;
set F[392] := 21 13
              13 10
              10 18
              18 43
              ;
set F[393] := 21 13
              13 10
              10 19
              19 44
              ;
set F[394] := 21 13
              13 10
              10 20
              20 45
              ;
set F[395] := 21 13
              13 22
              22 47
              ;
set F[396] := 21 13
              13 22
              22 23
              23 48
              ;
set F[397] := 21 13
              13 22
              22 23
              23 24
              24 49
              ;
set F[398] := 21 13
              13 25
              25 50
              ;
set F[399] := 22 13
              13 25
              25 9
              9 16
              16 4
              4 6
              6 1
              1 26
              ;
set F[400] := 22 13
              13 25
              25 9
              9 16
              16 17
              17 3
              3 28
              ;
set F[401] := 22 13
              13 25
              25 9
              9 16
              16 4
              4 29
              ;
set F[402] := 22 13
              13 25
              25 9
              9 16
              16 4
              4 6
              6 31
              ;
set F[403] := 22 13
              13 25
              25 9
              9 16
              16 4
              4 6
              6 8
              8 33
              ;
set F[404] := 22 13
              13 25
              25 9
              9 34
              ;
set F[405] := 22 13
              13 10
              10 35
              ;
set F[406] := 22 13
              13 21
              21 11
              11 36
              ;
set F[407] := 22 13
              13 10
              10 18
              18 12
              12 37
              ;
set F[408] := 22 13
              13 38
              ;
set F[409] := 22 13
              13 14
              14 39
              ;
set F[410] := 22 13
              13 15
              15 40
              ;
set F[411] := 22 13
              13 25
              25 9
              9 16
              16 41
              ;
set F[412] := 22 13
              13 25
              25 9
              9 16
              16 17
              17 42
              ;
set F[413] := 22 13
              13 10
              10 18
              18 43
              ;
set F[414] := 22 13
              13 10
              10 19
              19 44
              ;
set F[415] := 22 13
              13 10
              10 20
              20 45
              ;
set F[416] := 22 13
              13 21
              21 46
              ;
set F[417] := 22 23
              23 48
              ;
set F[418] := 22 23
              23 24
              24 49
              ;
set F[419] := 22 13
              13 25
              25 50
              ;
set F[420] := 23 22
              22 13
              13 25
              25 9
              9 16
              16 4
              4 6
              6 1
              1 26
              ;
set F[421] := 23 22
              22 13
              13 25
              25 9
              9 16
              16 17
              17 3
              3 28
              ;
set F[422] := 23 22
              22 13
              13 25
              25 9
              9 16
              16 4
              4 29
              ;
set F[423] := 23 22
              22 13
              13 25
              25 9
              9 16
              16 4
              4 6
              6 31
              ;
set F[424] := 23 22
              22 13
              13 25
              25 9
              9 16
              16 4
              4 6
              6 8
              8 33
              ;
set F[425] := 23 22
              22 13
              13 25
              25 9
              9 34
              ;
set F[426] := 23 22
              22 13
              13 10
              10 35
              ;
set F[427] := 23 22
              22 13
              13 21
              21 11
              11 36
              ;
set F[428] := 23 22
              22 13
              13 10
              10 18
              18 12
              12 37
              ;
set F[429] := 23 22
              22 13
              13 38
              ;
set F[430] := 23 22
              22 13
              13 14
              14 39
              ;
set F[431] := 23 22
              22 13
              13 15
              15 40
              ;
set F[432] := 23 22
              22 13
              13 25
              25 9
              9 16
              16 41
              ;
set F[433] := 23 22
              22 13
              13 25
              25 9
              9 16
              16 17
              17 42
              ;
set F[434] := 23 22
              22 13
              13 10
              10 18
              18 43
              ;
set F[435] := 23 22
              22 13
              13 10
              10 19
              19 44
              ;
set F[436] := 23 22
              22 13
              13 10
              10 20
              20 45
              ;
set F[437] := 23 22
              22 13
              13 21
              21 46
              ;
set F[438] := 23 22
              22 47
              ;
set F[439] := 23 24
              24 49
              ;
set F[440] := 23 22
              22 13
              13 25
              25 50
              ;
set F[441] := 24 23
              23 22
              22 13
              13 25
              25 9
              9 16
              16 4
              4 6
              6 1
              1 26
              ;
set F[442] := 24 23
              23 22
              22 13
              13 25
              25 9
              9 16
              16 17
              17 3
              3 28
              ;
set F[443] := 24 23
              23 22
              22 13
              13 25
              25 9
              9 16
              16 4
              4 29
              ;
set F[444] := 24 23
              23 22
              22 13
              13 25
              25 9
              9 16
              16 4
              4 6
              6 31
              ;
set F[445] := 24 23
              23 22
              22 13
              13 25
              25 9
              9 16
              16 4
              4 6
              6 8
              8 33
              ;
set F[446] := 24 23
              23 22
              22 13
              13 25
              25 9
              9 34
              ;
set F[447] := 24 23
              23 22
              22 13
              13 10
              10 35
              ;
set F[448] := 24 23
              23 22
              22 13
              13 21
              21 11
              11 36
              ;
set F[449] := 24 23
              23 22
              22 13
              13 10
              10 18
              18 12
              12 37
              ;
set F[450] := 24 23
              23 22
              22 13
              13 38
              ;
set F[451] := 24 23
              23 22
              22 13
              13 14
              14 39
              ;
set F[452] := 24 23
              23 22
              22 13
              13 25
              25 9
              9 16
              16 41
              ;
set F[453] := 24 23
              23 22
              22 13
              13 25
              25 9
              9 16
              16 17
              17 42
              ;
set F[454] := 24 23
              23 22
              22 13
              13 10
              10 18
              18 43
              ;
set F[455] := 24 23
              23 22
              22 13
              13 10
              10 19
              19 44
              ;
set F[456] := 24 23
              23 22
              22 13
              13 10
              10 20
              20 45
              ;
set F[457] := 24 23
              23 22
              22 13
              13 21
              21 46
              ;
set F[458] := 24 23
              23 22
              22 47
              ;
set F[459] := 24 23
              23 48
              ;
set F[460] := 24 23
              23 22
              22 13
              13 25
              25 50
              ;
set F[461] := 25 9
              9 16
              16 4
              4 6
              6 1
              1 26
              ;
set F[462] := 25 9
              9 16
              16 17
              17 3
              3 28
              ;
set F[463] := 25 9
              9 16
              16 4
              4 29
              ;
set F[464] := 25 9
              9 16
              16 4
              4 6
              6 31
              ;
set F[465] := 25 9
              9 16
              16 4
              4 6
              6 8
              8 33
              ;
set F[466] := 25 9
              9 34
              ;
set F[467] := 25 13
              13 10
              10 35
              ;
set F[468] := 25 13
              13 21
              21 11
              11 36
              ;
set F[469] := 25 13
              13 10
              10 18
              18 12
              12 37
              ;
set F[470] := 25 13
              13 38
              ;
set F[471] := 25 13
              13 14
              14 39
              ;
set F[472] := 25 9
              9 16
              16 41
              ;
set F[473] := 25 9
              9 16
              16 17
              17 42
              ;
set F[474] := 25 13
              13 10
              10 18
              18 43
              ;
set F[475] := 25 13
              13 10
              10 19
              19 44
              ;
set F[476] := 25 13
              13 10
              10 20
              20 45
              ;
set F[477] := 25 13
              13 21
              21 46
              ;
set F[478] := 25 13
              13 22
              22 47
              ;
set F[479] := 25 13
              13 22
              22 23
              23 48
              ;
set F[480] := 25 13
              13 22
              22 23
              23 24
              24 49
              ;
set Last[1] := 3 28;
set Last[2] := 4 29;
set Last[3] := 6 31;
set Last[4] := 8 33;
set Last[5] := 9 34;
set Last[6] := 10 35;
set Last[7] := 11 36;
set Last[8] := 12 37;
set Last[9] := 13 38;
set Last[10] := 14 39;
set Last[11] := 17 42;
set Last[12] := 18 43;
set Last[13] := 19 44;
set Last[14] := 20 45;
set Last[15] := 21 46;
set Last[16] := 23 48;
set Last[17] := 24 49;
set Last[18] := 25 50;
set Last[19] := 3 28;
set Last[20] := 6 31;
set Last[21] := 8 33;
set Last[22] := 9 34;
set Last[23] := 10 35;
set Last[24] := 13 38;
set Last[25] := 18 43;
set Last[26] := 23 48;
set Last[27] := 1 26;
set Last[28] := 4 29;
set Last[29] := 6 31;
set Last[30] := 8 33;
set Last[31] := 9 34;
set Last[32] := 10 35;
set Last[33] := 11 36;
set Last[34] := 12 37;
set Last[35] := 13 38;
set Last[36] := 14 39;
set Last[37] := 16 41;
set Last[38] := 17 42;
set Last[39] := 18 43;
set Last[40] := 19 44;
set Last[41] := 20 45;
set Last[42] := 21 46;
set Last[43] := 22 47;
set Last[44] := 23 48;
set Last[45] := 24 49;
set Last[46] := 25 50;
set Last[47] := 1 26;
set Last[48] := 3 28;
set Last[49] := 6 31;
set Last[50] := 8 33;
set Last[51] := 9 34;
set Last[52] := 10 35;
set Last[53] := 11 36;
set Last[54] := 12 37;
set Last[55] := 13 38;
set Last[56] := 14 39;
set Last[57] := 16 41;
set Last[58] := 17 42;
set Last[59] := 18 43;
set Last[60] := 19 44;
set Last[61] := 20 45;
set Last[62] := 21 46;
set Last[63] := 22 47;
set Last[64] := 23 48;
set Last[65] := 24 49;
set Last[66] := 25 50;
set Last[67] := 1 26;
set Last[68] := 3 28;
set Last[69] := 4 29;
set Last[70] := 6 31;
set Last[71] := 8 33;
set Last[72] := 9 34;
set Last[73] := 10 35;
set Last[74] := 11 36;
set Last[75] := 12 37;
set Last[76] := 13 38;
set Last[77] := 14 39;
set Last[78] := 16 41;
set Last[79] := 17 42;
set Last[80] := 18 43;
set Last[81] := 19 44;
set Last[82] := 20 45;
set Last[83] := 21 46;
set Last[84] := 22 47;
set Last[85] := 23 48;
set Last[86] := 24 49;
set Last[87] := 25 50;
set Last[88] := 1 26;
set Last[89] := 3 28;
set Last[90] := 4 29;
set Last[91] := 8 33;
set Last[92] := 9 34;
set Last[93] := 10 35;
set Last[94] := 11 36;
set Last[95] := 12 37;
set Last[96] := 13 38;
set Last[97] := 14 39;
set Last[98] := 16 41;
set Last[99] := 17 42;
set Last[100] := 18 43;
set Last[101] := 19 44;
set Last[102] := 20 45;
set Last[103] := 21 46;
set Last[104] := 22 47;
set Last[105] := 23 48;
set Last[106] := 24 49;
set Last[107] := 25 50;
set Last[108] := 1 26;
set Last[109] := 3 28;
set Last[110] := 4 29;
set Last[111] := 6 31;
set Last[112] := 8 33;
set Last[113] := 9 34;
set Last[114] := 10 35;
set Last[115] := 11 36;
set Last[116] := 12 37;
set Last[117] := 13 38;
set Last[118] := 14 39;
set Last[119] := 16 41;
set Last[120] := 17 42;
set Last[121] := 18 43;
set Last[122] := 19 44;
set Last[123] := 20 45;
set Last[124] := 21 46;
set Last[125] := 22 47;
set Last[126] := 23 48;
set Last[127] := 24 49;
set Last[128] := 25 50;
set Last[129] := 1 26;
set Last[130] := 3 28;
set Last[131] := 4 29;
set Last[132] := 6 31;
set Last[133] := 9 34;
set Last[134] := 10 35;
set Last[135] := 11 36;
set Last[136] := 12 37;
set Last[137] := 13 38;
set Last[138] := 14 39;
set Last[139] := 16 41;
set Last[140] := 17 42;
set Last[141] := 18 43;
set Last[142] := 19 44;
set Last[143] := 20 45;
set Last[144] := 21 46;
set Last[145] := 22 47;
set Last[146] := 23 48;
set Last[147] := 24 49;
set Last[148] := 25 50;
set Last[149] := 1 26;
set Last[150] := 3 28;
set Last[151] := 4 29;
set Last[152] := 6 31;
set Last[153] := 8 33;
set Last[154] := 10 35;
set Last[155] := 11 36;
set Last[156] := 12 37;
set Last[157] := 13 38;
set Last[158] := 14 39;
set Last[159] := 16 41;
set Last[160] := 17 42;
set Last[161] := 18 43;
set Last[162] := 19 44;
set Last[163] := 20 45;
set Last[164] := 21 46;
set Last[165] := 22 47;
set Last[166] := 23 48;
set Last[167] := 24 49;
set Last[168] := 25 50;
set Last[169] := 1 26;
set Last[170] := 3 28;
set Last[171] := 4 29;
set Last[172] := 6 31;
set Last[173] := 8 33;
set Last[174] := 9 34;
set Last[175] := 11 36;
set Last[176] := 12 37;
set Last[177] := 13 38;
set Last[178] := 14 39;
set Last[179] := 16 41;
set Last[180] := 17 42;
set Last[181] := 18 43;
set Last[182] := 19 44;
set Last[183] := 20 45;
set Last[184] := 21 46;
set Last[185] := 22 47;
set Last[186] := 23 48;
set Last[187] := 24 49;
set Last[188] := 25 50;
set Last[189] := 1 26;
set Last[190] := 3 28;
set Last[191] := 4 29;
set Last[192] := 6 31;
set Last[193] := 8 33;
set Last[194] := 9 34;
set Last[195] := 10 35;
set Last[196] := 12 37;
set Last[197] := 13 38;
set Last[198] := 14 39;
set Last[199] := 16 41;
set Last[200] := 17 42;
set Last[201] := 18 43;
set Last[202] := 19 44;
set Last[203] := 20 45;
set Last[204] := 21 46;
set Last[205] := 22 47;
set Last[206] := 23 48;
set Last[207] := 24 49;
set Last[208] := 25 50;
set Last[209] := 1 26;
set Last[210] := 3 28;
set Last[211] := 4 29;
set Last[212] := 6 31;
set Last[213] := 8 33;
set Last[214] := 9 34;
set Last[215] := 10 35;
set Last[216] := 11 36;
set Last[217] := 13 38;
set Last[218] := 14 39;
set Last[219] := 16 41;
set Last[220] := 17 42;
set Last[221] := 18 43;
set Last[222] := 19 44;
set Last[223] := 20 45;
set Last[224] := 21 46;
set Last[225] := 22 47;
set Last[226] := 23 48;
set Last[227] := 24 49;
set Last[228] := 25 50;
set Last[229] := 1 26;
set Last[230] := 2 27;
set Last[231] := 3 28;
set Last[232] := 4 29;
set Last[233] := 6 31;
set Last[234] := 8 33;
set Last[235] := 9 34;
set Last[236] := 10 35;
set Last[237] := 11 36;
set Last[238] := 12 37;
set Last[239] := 14 39;
set Last[240] := 15 40;
set Last[241] := 16 41;
set Last[242] := 17 42;
set Last[243] := 18 43;
set Last[244] := 19 44;
set Last[245] := 20 45;
set Last[246] := 21 46;
set Last[247] := 22 47;
set Last[248] := 23 48;
set Last[249] := 24 49;
set Last[250] := 25 50;
set Last[251] := 1 26;
set Last[252] := 3 28;
set Last[253] := 4 29;
set Last[254] := 6 31;
set Last[255] := 8 33;
set Last[256] := 9 34;
set Last[257] := 10 35;
set Last[258] := 11 36;
set Last[259] := 12 37;
set Last[260] := 13 38;
set Last[261] := 16 41;
set Last[262] := 17 42;
set Last[263] := 18 43;
set Last[264] := 19 44;
set Last[265] := 20 45;
set Last[266] := 21 46;
set Last[267] := 22 47;
set Last[268] := 23 48;
set Last[269] := 24 49;
set Last[270] := 25 50;
set Last[271] := 6 31;
set Last[272] := 8 33;
set Last[273] := 9 34;
set Last[274] := 10 35;
set Last[275] := 13 38;
set Last[276] := 18 43;
set Last[277] := 23 48;
set Last[278] := 1 26;
set Last[279] := 3 28;
set Last[280] := 4 29;
set Last[281] := 6 31;
set Last[282] := 8 33;
set Last[283] := 9 34;
set Last[284] := 10 35;
set Last[285] := 11 36;
set Last[286] := 12 37;
set Last[287] := 13 38;
set Last[288] := 14 39;
set Last[289] := 15 40;
set Last[290] := 17 42;
set Last[291] := 18 43;
set Last[292] := 19 44;
set Last[293] := 20 45;
set Last[294] := 21 46;
set Last[295] := 22 47;
set Last[296] := 23 48;
set Last[297] := 24 49;
set Last[298] := 25 50;
set Last[299] := 1 26;
set Last[300] := 3 28;
set Last[301] := 4 29;
set Last[302] := 6 31;
set Last[303] := 8 33;
set Last[304] := 9 34;
set Last[305] := 10 35;
set Last[306] := 11 36;
set Last[307] := 12 37;
set Last[308] := 13 38;
set Last[309] := 14 39;
set Last[310] := 18 43;
set Last[311] := 19 44;
set Last[312] := 20 45;
set Last[313] := 21 46;
set Last[314] := 23 48;
set Last[315] := 24 49;
set Last[316] := 25 50;
set Last[317] := 1 26;
set Last[318] := 3 28;
set Last[319] := 4 29;
set Last[320] := 6 31;
set Last[321] := 8 33;
set Last[322] := 9 34;
set Last[323] := 10 35;
set Last[324] := 11 36;
set Last[325] := 12 37;
set Last[326] := 13 38;
set Last[327] := 14 39;
set Last[328] := 15 40;
set Last[329] := 16 41;
set Last[330] := 17 42;
set Last[331] := 19 44;
set Last[332] := 20 45;
set Last[333] := 21 46;
set Last[334] := 22 47;
set Last[335] := 23 48;
set Last[336] := 24 49;
set Last[337] := 25 50;
set Last[338] := 1 26;
set Last[339] := 3 28;
set Last[340] := 4 29;
set Last[341] := 6 31;
set Last[342] := 8 33;
set Last[343] := 9 34;
set Last[344] := 10 35;
set Last[345] := 11 36;
set Last[346] := 12 37;
set Last[347] := 13 38;
set Last[348] := 14 39;
set Last[349] := 16 41;
set Last[350] := 17 42;
set Last[351] := 18 43;
set Last[352] := 20 45;
set Last[353] := 21 46;
set Last[354] := 22 47;
set Last[355] := 23 48;
set Last[356] := 24 49;
set Last[357] := 25 50;
set Last[358] := 1 26;
set Last[359] := 3 28;
set Last[360] := 4 29;
set Last[361] := 6 31;
set Last[362] := 8 33;
set Last[363] := 9 34;
set Last[364] := 10 35;
set Last[365] := 11 36;
set Last[366] := 12 37;
set Last[367] := 13 38;
set Last[368] := 14 39;
set Last[369] := 16 41;
set Last[370] := 17 42;
set Last[371] := 18 43;
set Last[372] := 19 44;
set Last[373] := 21 46;
set Last[374] := 22 47;
set Last[375] := 23 48;
set Last[376] := 24 49;
set Last[377] := 25 50;
set Last[378] := 1 26;
set Last[379] := 3 28;
set Last[380] := 4 29;
set Last[381] := 6 31;
set Last[382] := 8 33;
set Last[383] := 9 34;
set Last[384] := 10 35;
set Last[385] := 11 36;
set Last[386] := 12 37;
set Last[387] := 13 38;
set Last[388] := 14 39;
set Last[389] := 15 40;
set Last[390] := 16 41;
set Last[391] := 17 42;
set Last[392] := 18 43;
set Last[393] := 19 44;
set Last[394] := 20 45;
set Last[395] := 22 47;
set Last[396] := 23 48;
set Last[397] := 24 49;
set Last[398] := 25 50;
set Last[399] := 1 26;
set Last[400] := 3 28;
set Last[401] := 4 29;
set Last[402] := 6 31;
set Last[403] := 8 33;
set Last[404] := 9 34;
set Last[405] := 10 35;
set Last[406] := 11 36;
set Last[407] := 12 37;
set Last[408] := 13 38;
set Last[409] := 14 39;
set Last[410] := 15 40;
set Last[411] := 16 41;
set Last[412] := 17 42;
set Last[413] := 18 43;
set Last[414] := 19 44;
set Last[415] := 20 45;
set Last[416] := 21 46;
set Last[417] := 23 48;
set Last[418] := 24 49;
set Last[419] := 25 50;
set Last[420] := 1 26;
set Last[421] := 3 28;
set Last[422] := 4 29;
set Last[423] := 6 31;
set Last[424] := 8 33;
set Last[425] := 9 34;
set Last[426] := 10 35;
set Last[427] := 11 36;
set Last[428] := 12 37;
set Last[429] := 13 38;
set Last[430] := 14 39;
set Last[431] := 15 40;
set Last[432] := 16 41;
set Last[433] := 17 42;
set Last[434] := 18 43;
set Last[435] := 19 44;
set Last[436] := 20 45;
set Last[437] := 21 46;
set Last[438] := 22 47;
set Last[439] := 24 49;
set Last[440] := 25 50;
set Last[441] := 1 26;
set Last[442] := 3 28;
set Last[443] := 4 29;
set Last[444] := 6 31;
set Last[445] := 8 33;
set Last[446] := 9 34;
set Last[447] := 10 35;
set Last[448] := 11 36;
set Last[449] := 12 37;
set Last[450] := 13 38;
set Last[451] := 14 39;
set Last[452] := 16 41;
set Last[453] := 17 42;
set Last[454] := 18 43;
set Last[455] := 19 44;
set Last[456] := 20 45;
set Last[457] := 21 46;
set Last[458] := 22 47;
set Last[459] := 23 48;
set Last[460] := 25 50;
set Last[461] := 1 26;
set Last[462] := 3 28;
set Last[463] := 4 29;
set Last[464] := 6 31;
set Last[465] := 8 33;
set Last[466] := 9 34;
set Last[467] := 10 35;
set Last[468] := 11 36;
set Last[469] := 12 37;
set Last[470] := 13 38;
set Last[471] := 14 39;
set Last[472] := 16 41;
set Last[473] := 17 42;
set Last[474] := 18 43;
set Last[475] := 19 44;
set Last[476] := 20 45;
set Last[477] := 21 46;
set Last[478] := 22 47;
set Last[479] := 23 48;
set Last[480] := 24 49;

param q := 5;

end;
