data;

set V := 1 3 4 5 6 7 8 9 10 11 12 13 14 16 17 18 20 21 22 23 24 25 26 28 29 30 31 32 34 35 36 37 38 39 41 42 43 45 46 47 48 49 50;

set A := 1 26
         3 17
         3 28
         4 6
         4 16
         4 29
         5 8
         5 30
         6 1
         6 4
         6 7
         6 8
         6 31
         7 6
         7 32
         8 5
         8 6
         9 16
         9 25
         9 34
         10 13
         10 18
         10 20
         10 35
         11 36
         12 18
         12 37
         13 10
         13 14
         13 21
         13 22
         13 25
         13 38
         14 13
         14 39
         16 4
         16 9
         16 17
         16 41
         17 3
         17 16
         17 42
         18 10
         18 12
         18 43
         20 10
         20 45
         21 11
         21 13
         21 46
         22 13
         22 23
         22 47
         23 22
         23 24
         23 48
         24 23
         24 49
         25 9
         25 13
         25 50
         ;

set S := 1 2 3 4 5 6 7 8 9 10 11 12 13 14 15 16 17 18 19 20 21 22 23 24 25 26 27 28 29 30 31 32 33 34 35 36 37 38 39 40 41 42 43 44 45 46 47 48 49 50 51 52 53 54 55 56 57 58 59 60 61 62 63 64 65 66 67 68 69 70 71 72 73 74 75 76 77 78 79 80 81 82 83 84 85 86 87 88 89 90 91 92 93 94 95 96 97 98 99 100 101 102 103 104 105 106 107 108 109 110 111 112 113 114 115 116 117 118 119 120;

set F[1] := 3 17
            17 16
            16 4
            4 6
            6 31
            ;
set F[2] := 3 17
            17 16
            16 9
            9 25
            25 13
            13 38
            ;
set F[3] := 4 6
            6 31
            ;
set F[4] := 4 16
            16 9
            9 25
            25 13
            13 38
            ;
set F[5] := 5 8
            8 6
            6 4
            4 16
            16 9
            9 25
            25 13
            13 38
            ;
set F[6] := 6 1
            1 26
            ;
set F[7] := 6 4
            4 16
            16 17
            17 3
            3 28
            ;
set F[8] := 6 4
            4 29
            ;
set F[9] := 6 8
            8 5
            5 30
            ;
set F[10] := 6 7
             7 32
             ;
set F[11] := 6 4
             4 16
             16 9
             9 34
             ;
set F[12] := 6 4
             4 16
             16 9
             9 25
             25 13
             13 10
             10 35
             ;
set F[13] := 6 4
             4 16
             16 9
             9 25
             25 13
             13 21
             21 11
             11 36
             ;
set F[14] := 6 4
             4 16
             16 9
             9 25
             25 13
             13 10
             10 18
             18 12
             12 37
             ;
set F[15] := 6 4
             4 16
             16 9
             9 25
             25 13
             13 38
             ;
set F[16] := 6 4
             4 16
             16 9
             9 25
             25 13
             13 14
             14 39
             ;
set F[17] := 6 4
             4 16
             16 41
             ;
set F[18] := 6 4
             4 16
             16 17
             17 42
             ;
set F[19] := 6 4
             4 16
             16 9
             9 25
             25 13
             13 10
             10 18
             18 43
             ;
set F[20] := 6 4
             4 16
             16 9
             9 25
             25 13
             13 10
             10 20
             20 45
             ;
set F[21] := 6 4
             4 16
             16 9
             9 25
             25 13
             13 21
             21 46
             ;
set F[22] := 6 4
             4 16
             16 9
             9 25
             25 13
             13 22
             22 47
             ;
set F[23] := 6 4
             4 16
             16 9
             9 25
             25 13
             13 22
             22 23
             23 48
             ;
set F[24] := 6 4
             4 16
             16 9
             9 25
             25 13
             13 22
             22 23
             23 24
             24 49
             ;
set F[25] := 6 4
             4 16
             16 9
             9 25
             25 50
             ;
set F[26] := 7 6
             6 31
             ;
set F[27] := 7 6
             6 4
             4 16
             16 9
             9 25
             25 13
             13 10
             10 35
             ;
set F[28] := 7 6
             6 4
             4 16
             16 9
             9 25
             25 13
             13 38
             ;
set F[29] := 7 6
             6 4
             4 16
             16 9
             9 25
             25 13
             13 10
             10 18
             18 43
             ;
set F[30] := 7 6
             6 4
             4 16
             16 9
             9 25
             25 13
             13 22
             22 47
             ;
set F[31] := 8 6
             6 31
             ;
set F[32] := 8 6
             6 4
             4 16
             16 9
             9 25
             25 13
             13 10
             10 35
             ;
set F[33] := 8 6
             6 4
             4 16
             16 9
             9 25
             25 13
             13 38
             ;
set F[34] := 8 6
             6 4
             4 16
             16 9
             9 25
             25 13
             13 10
             10 18
             18 43
             ;
set F[35] := 8 6
             6 4
             4 16
             16 9
             9 25
             25 13
             13 22
             22 47
             ;
set F[36] := 9 16
             16 4
             4 29
             ;
set F[37] := 9 16
             16 4
             4 6
             6 31
             ;
set F[38] := 9 25
             25 13
             13 10
             10 35
             ;
set F[39] := 9 25
             25 13
             13 38
             ;
set F[40] := 9 16
             16 41
             ;
set F[41] := 9 25
             25 13
             13 10
             10 18
             18 43
             ;
set F[42] := 9 25
             25 13
             13 21
             21 46
             ;
set F[43] := 9 25
             25 13
             13 22
             22 47
             ;
set F[44] := 9 25
             25 13
             13 22
             22 23
             23 48
             ;
set F[45] := 10 13
             13 25
             25 9
             9 16
             16 4
             4 29
             ;
set F[46] := 10 13
             13 25
             25 9
             9 16
             16 4
             4 6
             6 8
             8 5
             5 30
             ;
set F[47] := 10 13
             13 25
             25 9
             9 16
             16 4
             4 6
             6 31
             ;
set F[48] := 10 13
             13 25
             25 9
             9 16
             16 4
             4 6
             6 7
             7 32
             ;
set F[49] := 10 13
             13 25
             25 9
             9 34
             ;
set F[50] := 10 13
             13 21
             21 11
             11 36
             ;
set F[51] := 10 13
             13 38
             ;
set F[52] := 10 13
             13 25
             25 9
             9 16
             16 41
             ;
set F[53] := 10 18
             18 43
             ;
set F[54] := 10 13
             13 21
             21 46
             ;
set F[55] := 10 13
             13 22
             22 47
             ;
set F[56] := 10 13
             13 22
             22 23
             23 48
             ;
set F[57] := 12 18
             18 10
             10 13
             13 25
             25 9
             9 16
             16 4
             4 6
             6 31
             ;
set F[58] := 12 18
             18 10
             10 35
             ;
set F[59] := 12 18
             18 10
             10 13
             13 38
             ;
set F[60] := 12 18
             18 43
             ;
set F[61] := 12 18
             18 10
             10 13
             13 22
             22 47
             ;
set F[62] := 13 25
             25 9
             9 16
             16 17
             17 3
             3 28
             ;
set F[63] := 13 25
             25 9
             9 16
             16 4
             4 29
             ;
set F[64] := 13 25
             25 9
             9 16
             16 4
             4 6
             6 8
             8 5
             5 30
             ;
set F[65] := 13 25
             25 9
             9 16
             16 4
             4 6
             6 31
             ;
set F[66] := 13 25
             25 9
             9 16
             16 4
             4 6
             6 7
             7 32
             ;
set F[67] := 13 25
             25 9
             9 34
             ;
set F[68] := 13 10
             10 35
             ;
set F[69] := 13 21
             21 11
             11 36
             ;
set F[70] := 13 10
             10 18
             18 12
             12 37
             ;
set F[71] := 13 25
             25 9
             9 16
             16 41
             ;
set F[72] := 13 25
             25 9
             9 16
             16 17
             17 42
             ;
set F[73] := 13 10
             10 18
             18 43
             ;
set F[74] := 13 10
             10 20
             20 45
             ;
set F[75] := 13 21
             21 46
             ;
set F[76] := 13 22
             22 47
             ;
set F[77] := 13 22
             22 23
             23 48
             ;
set F[78] := 13 22
             22 23
             23 24
             24 49
             ;
set F[79] := 13 25
             25 50
             ;
set F[80] := 14 13
             13 25
             25 9
             9 16
             16 4
             4 6
             6 31
             ;
set F[81] := 14 13
             13 10
             10 35
             ;
set F[82] := 14 13
             13 38
             ;
set F[83] := 14 13
             13 10
             10 18
             18 43
             ;
set F[84] := 14 13
             13 22
             22 47
             ;
set F[85] := 16 4
             4 29
             ;
set F[86] := 16 4
             4 6
             6 8
             8 5
             5 30
             ;
set F[87] := 16 4
             4 6
             6 31
             ;
set F[88] := 16 4
             4 6
             6 7
             7 32
             ;
set F[89] := 16 9
             9 34
             ;
set F[90] := 16 9
             9 25
             25 13
             13 10
             10 35
             ;
set F[91] := 16 9
             9 25
             25 13
             13 21
             21 11
             11 36
             ;
set F[92] := 16 9
             9 25
             25 13
             13 10
             10 18
             18 12
             12 37
             ;
set F[93] := 16 9
             9 25
             25 13
             13 38
             ;
set F[94] := 16 17
             17 42
             ;
set F[95] := 16 9
             9 25
             25 13
             13 10
             10 18
             18 43
             ;
set F[96] := 16 9
             9 25
             25 13
             13 10
             10 20
             20 45
             ;
set F[97] := 16 9
             9 25
             25 13
             13 21
             21 46
             ;
set F[98] := 16 9
             9 25
             25 13
             13 22
             22 47
             ;
set F[99] := 16 9
             9 25
             25 13
             13 22
             22 23
             23 48
             ;
set F[100] := 16 9
              9 25
              25 13
              13 22
              22 23
              23 24
              24 49
              ;
set F[101] := 17 16
              16 9
              9 25
              25 13
              13 38
              ;
set F[102] := 20 10
              10 13
              13 38
              ;
set F[103] := 21 13
              13 25
              25 9
              9 16
              16 4
              4 6
              6 31
              ;
set F[104] := 21 13
              13 10
              10 35
              ;
set F[105] := 21 13
              13 38
              ;
set F[106] := 21 13
              13 10
              10 18
              18 43
              ;
set F[107] := 21 13
              13 22
              22 47
              ;
set F[108] := 22 13
              13 25
              25 9
              9 16
              16 4
              4 29
              ;
set F[109] := 22 13
              13 25
              25 9
              9 16
              16 4
              4 6
              6 31
              ;
set F[110] := 22 13
              13 10
              10 35
              ;
set F[111] := 22 13
              13 38
              ;
set F[112] := 22 13
              13 25
              25 9
              9 16
              16 41
              ;
set F[113] := 22 13
              13 10
              10 18
              18 43
              ;
set F[114] := 22 13
              13 21
              21 46
              ;
set F[115] := 23 22
              22 13
              13 25
              25 9
              9 16
              16 4
              4 6
              6 31
              ;
set F[116] := 23 22
              22 13
              13 38
              ;
set F[117] := 24 23
              23 22
              22 13
              13 25
              25 9
              9 16
              16 4
              4 6
              6 31
              ;
set F[118] := 24 23
              23 22
              22 13
              13 38
              ;
set F[119] := 25 9
              9 16
              16 4
              4 6
              6 31
              ;
set F[120] := 25 13
              13 38
              ;
set Last[1] := 6 31;
set Last[2] := 13 38;
set Last[3] := 6 31;
set Last[4] := 13 38;
set Last[5] := 13 38;
set Last[6] := 1 26;
set Last[7] := 3 28;
set Last[8] := 4 29;
set Last[9] := 5 30;
set Last[10] := 7 32;
set Last[11] := 9 34;
set Last[12] := 10 35;
set Last[13] := 11 36;
set Last[14] := 12 37;
set Last[15] := 13 38;
set Last[16] := 14 39;
set Last[17] := 16 41;
set Last[18] := 17 42;
set Last[19] := 18 43;
set Last[20] := 20 45;
set Last[21] := 21 46;
set Last[22] := 22 47;
set Last[23] := 23 48;
set Last[24] := 24 49;
set Last[25] := 25 50;
set Last[26] := 6 31;
set Last[27] := 10 35;
set Last[28] := 13 38;
set Last[29] := 18 43;
set Last[30] := 22 47;
set Last[31] := 6 31;
set Last[32] := 10 35;
set Last[33] := 13 38;
set Last[34] := 18 43;
set Last[35] := 22 47;
set Last[36] := 4 29;
set Last[37] := 6 31;
set Last[38] := 10 35;
set Last[39] := 13 38;
set Last[40] := 16 41;
set Last[41] := 18 43;
set Last[42] := 21 46;
set Last[43] := 22 47;
set Last[44] := 23 48;
set Last[45] := 4 29;
set Last[46] := 5 30;
set Last[47] := 6 31;
set Last[48] := 7 32;
set Last[49] := 9 34;
set Last[50] := 11 36;
set Last[51] := 13 38;
set Last[52] := 16 41;
set Last[53] := 18 43;
set Last[54] := 21 46;
set Last[55] := 22 47;
set Last[56] := 23 48;
set Last[57] := 6 31;
set Last[58] := 10 35;
set Last[59] := 13 38;
set Last[60] := 18 43;
set Last[61] := 22 47;
set Last[62] := 3 28;
set Last[63] := 4 29;
set Last[64] := 5 30;
set Last[65] := 6 31;
set Last[66] := 7 32;
set Last[67] := 9 34;
set Last[68] := 10 35;
set Last[69] := 11 36;
set Last[70] := 12 37;
set Last[71] := 16 41;
set Last[72] := 17 42;
set Last[73] := 18 43;
set Last[74] := 20 45;
set Last[75] := 21 46;
set Last[76] := 22 47;
set Last[77] := 23 48;
set Last[78] := 24 49;
set Last[79] := 25 50;
set Last[80] := 6 31;
set Last[81] := 10 35;
set Last[82] := 13 38;
set Last[83] := 18 43;
set Last[84] := 22 47;
set Last[85] := 4 29;
set Last[86] := 5 30;
set Last[87] := 6 31;
set Last[88] := 7 32;
set Last[89] := 9 34;
set Last[90] := 10 35;
set Last[91] := 11 36;
set Last[92] := 12 37;
set Last[93] := 13 38;
set Last[94] := 17 42;
set Last[95] := 18 43;
set Last[96] := 20 45;
set Last[97] := 21 46;
set Last[98] := 22 47;
set Last[99] := 23 48;
set Last[100] := 24 49;
set Last[101] := 13 38;
set Last[102] := 13 38;
set Last[103] := 6 31;
set Last[104] := 10 35;
set Last[105] := 13 38;
set Last[106] := 18 43;
set Last[107] := 22 47;
set Last[108] := 4 29;
set Last[109] := 6 31;
set Last[110] := 10 35;
set Last[111] := 13 38;
set Last[112] := 16 41;
set Last[113] := 18 43;
set Last[114] := 21 46;
set Last[115] := 6 31;
set Last[116] := 13 38;
set Last[117] := 6 31;
set Last[118] := 13 38;
set Last[119] := 6 31;
set Last[120] := 13 38;

param q := 5;

end;
