data;

set V := 1 2 3 4 5 6 7 8 9 10 11 12 13 14 15 16 17 18 19 20 21 22 23 24 25 26 27 28 29 30 31 32 33 34 35 36 37 38 39 41 42 43 44 45 46 47 48 49 50;

set A := 1 23
         1 25
         1 26
         2 3
         2 5
         2 27
         3 2
         3 4
         3 28
         4 3
         4 6
         4 11
         4 29
         5 2
         5 8
         5 30
         6 4
         6 31
         7 16
         7 25
         7 32
         8 5
         8 17
         8 33
         9 16
         9 22
         9 34
         10 14
         10 18
         10 35
         11 4
         11 24
         11 36
         12 18
         12 23
         12 37
         13 15
         13 20
         13 21
         13 38
         14 10
         14 21
         14 39
         15 13
         15 22
         16 7
         16 9
         16 17
         16 41
         17 8
         17 16
         17 42
         18 10
         18 12
         18 19
         18 43
         19 18
         19 20
         19 44
         20 13
         20 19
         20 45
         21 13
         21 14
         21 46
         22 9
         22 15
         22 23
         22 47
         23 1
         23 12
         23 22
         23 48
         24 11
         24 25
         24 49
         25 1
         25 7
         25 24
         25 50
         ;

set S := 1 2 3 4 5 6 7 8 9 10 11 12 13 14 15 16 17 18 19 20 21 22 23 24 25 26 27 28 29 30 31 32 33 34 35 36 37 38 39 40 41 42 43 44 45 46 47 48 49 50 51 52 53 54 55 56 57 58 59 60 61 62 63 64 65 66 67 68 69 70 71 72 73 74 75 76 77 78 79 80 81 82 83 84 85 86 87 88 89 90 91 92 93 94 95 96 97 98 99 100 101 102 103 104 105 106 107 108 109 110 111 112 113 114 115 116 117 118 119 120 121 122 123 124 125 126 127 128 129 130 131 132 133 134 135 136 137 138 139 140 141 142 143 144 145 146 147 148 149 150 151 152 153 154 155 156 157 158 159 160 161 162 163 164 165 166 167 168 169 170 171 172 173 174 175 176 177 178 179 180 181 182 183 184 185 186 187 188 189 190 191 192 193 194 195 196 197 198 199 200 201 202 203 204 205 206 207 208 209 210 211 212 213 214 215 216 217 218 219 220 221 222 223 224 225 226 227 228 229 230 231 232 233 234 235 236 237 238 239 240 241 242 243 244 245 246 247 248 249 250 251 252 253 254 255 256 257 258 259 260 261 262 263 264 265 266 267 268 269 270 271 272 273 274 275 276 277 278 279 280 281 282 283 284 285 286 287 288 289 290 291 292 293 294 295 296 297 298 299 300 301 302 303 304 305 306 307 308 309 310 311 312 313 314 315 316 317 318 319 320 321 322 323 324 325 326 327 328 329 330 331 332 333 334 335 336 337 338 339 340 341 342 343 344 345 346 347 348 349 350 351 352 353 354 355 356 357 358 359 360;

set F[1] := 1 25
            25 24
            24 11
            11 4
            4 3
            3 2
            2 27
            ;
set F[2] := 1 25
            25 24
            24 11
            11 4
            4 29
            ;
set F[3] := 1 25
            25 7
            7 32
            ;
set F[4] := 1 25
            25 7
            7 16
            16 17
            17 8
            8 33
            ;
set F[5] := 1 23
            23 12
            12 18
            18 10
            10 35
            ;
set F[6] := 1 23
            23 12
            12 37
            ;
set F[7] := 1 23
            23 22
            22 15
            15 13
            13 38
            ;
set F[8] := 1 25
            25 7
            7 16
            16 41
            ;
set F[9] := 1 25
            25 7
            7 16
            16 17
            17 42
            ;
set F[10] := 1 23
             23 12
             12 18
             18 43
             ;
set F[11] := 1 23
             23 22
             22 15
             15 13
             13 21
             21 46
             ;
set F[12] := 1 23
             23 22
             22 47
             ;
set F[13] := 1 23
             23 48
             ;
set F[14] := 1 25
             25 24
             24 49
             ;
set F[15] := 1 25
             25 50
             ;
set F[16] := 2 3
             3 4
             4 11
             11 24
             24 25
             25 1
             1 26
             ;
set F[17] := 2 3
             3 4
             4 29
             ;
set F[18] := 2 5
             5 8
             8 33
             ;
set F[19] := 2 3
             3 4
             4 11
             11 24
             24 25
             25 1
             1 23
             23 12
             12 18
             18 10
             10 35
             ;
set F[20] := 2 3
             3 4
             4 11
             11 24
             24 25
             25 1
             1 23
             23 12
             12 37
             ;
set F[21] := 2 5
             5 8
             8 17
             17 16
             16 9
             9 22
             22 15
             15 13
             13 38
             ;
set F[22] := 2 5
             5 8
             8 17
             17 16
             16 41
             ;
set F[23] := 2 5
             5 8
             8 17
             17 42
             ;
set F[24] := 2 3
             3 4
             4 11
             11 24
             24 25
             25 1
             1 23
             23 12
             12 18
             18 43
             ;
set F[25] := 2 5
             5 8
             8 17
             17 16
             16 9
             9 22
             22 15
             15 13
             13 21
             21 46
             ;
set F[26] := 2 5
             5 8
             8 17
             17 16
             16 9
             9 22
             22 47
             ;
set F[27] := 2 3
             3 4
             4 11
             11 24
             24 25
             25 1
             1 23
             23 48
             ;
set F[28] := 2 3
             3 4
             4 11
             11 24
             24 49
             ;
set F[29] := 2 3
             3 4
             4 11
             11 24
             24 25
             25 50
             ;
set F[30] := 3 4
             4 11
             11 24
             24 25
             25 1
             1 26
             ;
set F[31] := 3 2
             2 27
             ;
set F[32] := 3 4
             4 29
             ;
set F[33] := 3 2
             2 5
             5 30
             ;
set F[34] := 3 4
             4 6
             6 31
             ;
set F[35] := 3 4
             4 11
             11 24
             24 25
             25 7
             7 32
             ;
set F[36] := 3 2
             2 5
             5 8
             8 33
             ;
set F[37] := 3 2
             2 5
             5 8
             8 17
             17 16
             16 9
             9 34
             ;
set F[38] := 3 4
             4 11
             11 24
             24 25
             25 1
             1 23
             23 12
             12 18
             18 10
             10 35
             ;
set F[39] := 3 4
             4 11
             11 36
             ;
set F[40] := 3 4
             4 11
             11 24
             24 25
             25 1
             1 23
             23 12
             12 37
             ;
set F[41] := 3 2
             2 5
             5 8
             8 17
             17 16
             16 9
             9 22
             22 15
             15 13
             13 38
             ;
set F[42] := 3 2
             2 5
             5 8
             8 17
             17 16
             16 41
             ;
set F[43] := 3 2
             2 5
             5 8
             8 17
             17 42
             ;
set F[44] := 3 4
             4 11
             11 24
             24 25
             25 1
             1 23
             23 12
             12 18
             18 43
             ;
set F[45] := 3 2
             2 5
             5 8
             8 17
             17 16
             16 9
             9 22
             22 15
             15 13
             13 20
             20 45
             ;
set F[46] := 3 2
             2 5
             5 8
             8 17
             17 16
             16 9
             9 22
             22 15
             15 13
             13 21
             21 46
             ;
set F[47] := 3 2
             2 5
             5 8
             8 17
             17 16
             16 9
             9 22
             22 47
             ;
set F[48] := 3 4
             4 11
             11 24
             24 25
             25 1
             1 23
             23 48
             ;
set F[49] := 3 4
             4 11
             11 24
             24 49
             ;
set F[50] := 3 4
             4 11
             11 24
             24 25
             25 50
             ;
set F[51] := 4 11
             11 24
             24 25
             25 1
             1 26
             ;
set F[52] := 4 3
             3 2
             2 27
             ;
set F[53] := 4 3
             3 28
             ;
set F[54] := 4 3
             3 2
             2 5
             5 30
             ;
set F[55] := 4 6
             6 31
             ;
set F[56] := 4 11
             11 24
             24 25
             25 7
             7 32
             ;
set F[57] := 4 3
             3 2
             2 5
             5 8
             8 33
             ;
set F[58] := 4 11
             11 24
             24 25
             25 7
             7 16
             16 9
             9 34
             ;
set F[59] := 4 11
             11 24
             24 25
             25 1
             1 23
             23 12
             12 18
             18 10
             10 35
             ;
set F[60] := 4 11
             11 36
             ;
set F[61] := 4 11
             11 24
             24 25
             25 1
             1 23
             23 12
             12 37
             ;
set F[62] := 4 11
             11 24
             24 25
             25 1
             1 23
             23 22
             22 15
             15 13
             13 38
             ;
set F[63] := 4 11
             11 24
             24 25
             25 1
             1 23
             23 12
             12 18
             18 10
             10 14
             14 39
             ;
set F[64] := 4 11
             11 24
             24 25
             25 7
             7 16
             16 41
             ;
set F[65] := 4 3
             3 2
             2 5
             5 8
             8 17
             17 42
             ;
set F[66] := 4 11
             11 24
             24 25
             25 1
             1 23
             23 12
             12 18
             18 43
             ;
set F[67] := 4 11
             11 24
             24 25
             25 1
             1 23
             23 12
             12 18
             18 19
             19 44
             ;
set F[68] := 4 11
             11 24
             24 25
             25 1
             1 23
             23 12
             12 18
             18 19
             19 20
             20 45
             ;
set F[69] := 4 11
             11 24
             24 25
             25 1
             1 23
             23 22
             22 15
             15 13
             13 21
             21 46
             ;
set F[70] := 4 11
             11 24
             24 25
             25 1
             1 23
             23 22
             22 47
             ;
set F[71] := 4 11
             11 24
             24 25
             25 1
             1 23
             23 48
             ;
set F[72] := 4 11
             11 24
             24 49
             ;
set F[73] := 4 11
             11 24
             24 25
             25 50
             ;
set F[74] := 5 8
             8 17
             17 16
             16 7
             7 25
             25 1
             1 26
             ;
set F[75] := 5 2
             2 27
             ;
set F[76] := 5 2
             2 3
             3 28
             ;
set F[77] := 5 2
             2 3
             3 4
             4 29
             ;
set F[78] := 5 2
             2 3
             3 4
             4 6
             6 31
             ;
set F[79] := 5 8
             8 17
             17 16
             16 7
             7 32
             ;
set F[80] := 5 8
             8 33
             ;
set F[81] := 5 8
             8 17
             17 16
             16 9
             9 34
             ;
set F[82] := 5 8
             8 17
             17 16
             16 9
             9 22
             22 23
             23 12
             12 18
             18 10
             10 35
             ;
set F[83] := 5 8
             8 17
             17 16
             16 9
             9 22
             22 23
             23 12
             12 37
             ;
set F[84] := 5 8
             8 17
             17 16
             16 9
             9 22
             22 15
             15 13
             13 38
             ;
set F[85] := 5 8
             8 17
             17 16
             16 41
             ;
set F[86] := 5 8
             8 17
             17 42
             ;
set F[87] := 5 8
             8 17
             17 16
             16 9
             9 22
             22 23
             23 12
             12 18
             18 43
             ;
set F[88] := 5 8
             8 17
             17 16
             16 9
             9 22
             22 15
             15 13
             13 21
             21 46
             ;
set F[89] := 5 8
             8 17
             17 16
             16 9
             9 22
             22 47
             ;
set F[90] := 5 8
             8 17
             17 16
             16 9
             9 22
             22 23
             23 48
             ;
set F[91] := 5 2
             2 3
             3 4
             4 11
             11 24
             24 49
             ;
set F[92] := 5 8
             8 17
             17 16
             16 7
             7 25
             25 50
             ;
set F[93] := 6 4
             4 11
             11 24
             24 25
             25 1
             1 26
             ;
set F[94] := 6 4
             4 3
             3 2
             2 27
             ;
set F[95] := 6 4
             4 29
             ;
set F[96] := 6 4
             4 11
             11 24
             24 25
             25 7
             7 32
             ;
set F[97] := 6 4
             4 3
             3 2
             2 5
             5 8
             8 33
             ;
set F[98] := 6 4
             4 11
             11 24
             24 25
             25 1
             1 23
             23 12
             12 18
             18 10
             10 35
             ;
set F[99] := 6 4
             4 11
             11 24
             24 25
             25 1
             1 23
             23 12
             12 37
             ;
set F[100] := 6 4
              4 11
              11 24
              24 25
              25 1
              1 23
              23 22
              22 15
              15 13
              13 38
              ;
set F[101] := 6 4
              4 11
              11 24
              24 25
              25 7
              7 16
              16 41
              ;
set F[102] := 6 4
              4 3
              3 2
              2 5
              5 8
              8 17
              17 42
              ;
set F[103] := 6 4
              4 11
              11 24
              24 25
              25 1
              1 23
              23 12
              12 18
              18 43
              ;
set F[104] := 6 4
              4 11
              11 24
              24 25
              25 1
              1 23
              23 22
              22 15
              15 13
              13 21
              21 46
              ;
set F[105] := 6 4
              4 11
              11 24
              24 25
              25 1
              1 23
              23 22
              22 47
              ;
set F[106] := 6 4
              4 11
              11 24
              24 25
              25 1
              1 23
              23 48
              ;
set F[107] := 6 4
              4 11
              11 24
              24 49
              ;
set F[108] := 6 4
              4 11
              11 24
              24 25
              25 50
              ;
set F[109] := 8 17
              17 16
              16 7
              7 25
              25 1
              1 26
              ;
set F[110] := 8 5
              5 2
              2 27
              ;
set F[111] := 8 5
              5 2
              2 3
              3 4
              4 29
              ;
set F[112] := 8 5
              5 2
              2 3
              3 4
              4 6
              6 31
              ;
set F[113] := 8 17
              17 16
              16 7
              7 32
              ;
set F[114] := 8 17
              17 16
              16 9
              9 22
              22 23
              23 12
              12 18
              18 10
              10 35
              ;
set F[115] := 8 17
              17 16
              16 9
              9 22
              22 23
              23 12
              12 37
              ;
set F[116] := 8 17
              17 16
              16 9
              9 22
              22 15
              15 13
              13 38
              ;
set F[117] := 8 17
              17 16
              16 41
              ;
set F[118] := 8 17
              17 42
              ;
set F[119] := 8 17
              17 16
              16 9
              9 22
              22 23
              23 12
              12 18
              18 43
              ;
set F[120] := 8 17
              17 16
              16 9
              9 22
              22 15
              15 13
              13 21
              21 46
              ;
set F[121] := 8 17
              17 16
              16 9
              9 22
              22 47
              ;
set F[122] := 8 17
              17 16
              16 9
              9 22
              22 23
              23 48
              ;
set F[123] := 8 17
              17 16
              16 7
              7 25
              25 24
              24 49
              ;
set F[124] := 8 17
              17 16
              16 7
              7 25
              25 50
              ;
set F[125] := 9 22
              22 23
              23 1
              1 26
              ;
set F[126] := 9 16
              16 17
              17 8
              8 5
              5 2
              2 27
              ;
set F[127] := 9 16
              16 17
              17 8
              8 5
              5 2
              2 3
              3 28
              ;
set F[128] := 9 16
              16 7
              7 25
              25 24
              24 11
              11 4
              4 29
              ;
set F[129] := 9 16
              16 7
              7 25
              25 24
              24 11
              11 4
              4 6
              6 31
              ;
set F[130] := 9 16
              16 7
              7 32
              ;
set F[131] := 9 16
              16 17
              17 8
              8 33
              ;
set F[132] := 9 22
              22 23
              23 12
              12 18
              18 10
              10 35
              ;
set F[133] := 9 22
              22 23
              23 12
              12 37
              ;
set F[134] := 9 22
              22 15
              15 13
              13 38
              ;
set F[135] := 9 16
              16 41
              ;
set F[136] := 9 16
              16 17
              17 42
              ;
set F[137] := 9 22
              22 23
              23 12
              12 18
              18 43
              ;
set F[138] := 9 22
              22 15
              15 13
              13 21
              21 46
              ;
set F[139] := 9 22
              22 47
              ;
set F[140] := 9 22
              22 23
              23 48
              ;
set F[141] := 9 16
              16 7
              7 25
              25 24
              24 49
              ;
set F[142] := 9 16
              16 7
              7 25
              25 50
              ;
set F[143] := 10 18
              18 12
              12 23
              23 1
              1 25
              25 24
              24 11
              11 4
              4 3
              3 2
              2 27
              ;
set F[144] := 10 18
              18 12
              12 23
              23 1
              1 25
              25 24
              24 11
              11 4
              4 29
              ;
set F[145] := 10 14
              14 21
              21 13
              13 38
              ;
set F[146] := 10 18
              18 12
              12 23
              23 22
              22 9
              9 16
              16 41
              ;
set F[147] := 10 18
              18 43
              ;
set F[148] := 12 23
              23 1
              1 26
              ;
set F[149] := 12 23
              23 1
              1 25
              25 24
              24 11
              11 4
              4 3
              3 2
              2 27
              ;
set F[150] := 12 23
              23 1
              1 25
              25 24
              24 11
              11 4
              4 3
              3 28
              ;
set F[151] := 12 23
              23 1
              1 25
              25 24
              24 11
              11 4
              4 29
              ;
set F[152] := 12 23
              23 22
              22 9
              9 16
              16 17
              17 8
              8 5
              5 30
              ;
set F[153] := 12 23
              23 1
              1 25
              25 24
              24 11
              11 4
              4 6
              6 31
              ;
set F[154] := 12 23
              23 1
              1 25
              25 7
              7 32
              ;
set F[155] := 12 23
              23 22
              22 9
              9 16
              16 17
              17 8
              8 33
              ;
set F[156] := 12 23
              23 22
              22 9
              9 34
              ;
set F[157] := 12 18
              18 10
              10 35
              ;
set F[158] := 12 23
              23 1
              1 25
              25 24
              24 11
              11 36
              ;
set F[159] := 12 18
              18 19
              19 20
              20 13
              13 38
              ;
set F[160] := 12 23
              23 22
              22 9
              9 16
              16 41
              ;
set F[161] := 12 23
              23 22
              22 9
              9 16
              16 17
              17 42
              ;
set F[162] := 12 18
              18 43
              ;
set F[163] := 12 18
              18 19
              19 20
              20 45
              ;
set F[164] := 12 18
              18 10
              10 14
              14 21
              21 46
              ;
set F[165] := 12 23
              23 22
              22 47
              ;
set F[166] := 12 23
              23 48
              ;
set F[167] := 12 23
              23 1
              1 25
              25 24
              24 49
              ;
set F[168] := 12 23
              23 1
              1 25
              25 50
              ;
set F[169] := 13 15
              15 22
              22 23
              23 1
              1 26
              ;
set F[170] := 13 15
              15 22
              22 9
              9 16
              16 17
              17 8
              8 5
              5 2
              2 27
              ;
set F[171] := 13 15
              15 22
              22 9
              9 16
              16 17
              17 8
              8 5
              5 2
              2 3
              3 28
              ;
set F[172] := 13 15
              15 22
              22 23
              23 1
              1 25
              25 24
              24 11
              11 4
              4 29
              ;
set F[173] := 13 15
              15 22
              22 23
              23 1
              1 25
              25 24
              24 11
              11 4
              4 6
              6 31
              ;
set F[174] := 13 15
              15 22
              22 9
              9 16
              16 7
              7 32
              ;
set F[175] := 13 15
              15 22
              22 9
              9 16
              16 17
              17 8
              8 33
              ;
set F[176] := 13 15
              15 22
              22 9
              9 34
              ;
set F[177] := 13 21
              21 14
              14 10
              10 35
              ;
set F[178] := 13 20
              20 19
              19 18
              18 12
              12 37
              ;
set F[179] := 13 15
              15 22
              22 9
              9 16
              16 41
              ;
set F[180] := 13 15
              15 22
              22 9
              9 16
              16 17
              17 42
              ;
set F[181] := 13 20
              20 19
              19 18
              18 43
              ;
set F[182] := 13 21
              21 46
              ;
set F[183] := 13 15
              15 22
              22 47
              ;
set F[184] := 13 15
              15 22
              22 23
              23 48
              ;
set F[185] := 13 15
              15 22
              22 23
              23 1
              1 25
              25 24
              24 49
              ;
set F[186] := 13 15
              15 22
              22 23
              23 1
              1 25
              25 50
              ;
set F[187] := 14 21
              21 13
              13 15
              15 22
              22 9
              9 16
              16 17
              17 8
              8 5
              5 2
              2 27
              ;
set F[188] := 14 10
              10 18
              18 12
              12 23
              23 1
              1 25
              25 24
              24 11
              11 4
              4 29
              ;
set F[189] := 14 10
              10 35
              ;
set F[190] := 14 10
              10 18
              18 12
              12 37
              ;
set F[191] := 14 21
              21 13
              13 38
              ;
set F[192] := 14 21
              21 13
              13 15
              15 22
              22 9
              9 16
              16 41
              ;
set F[193] := 14 10
              10 18
              18 43
              ;
set F[194] := 14 21
              21 46
              ;
set F[195] := 14 21
              21 13
              13 15
              15 22
              22 47
              ;
set F[196] := 14 10
              10 18
              18 12
              12 23
              23 48
              ;
set F[197] := 14 10
              10 18
              18 12
              12 23
              23 1
              1 25
              25 24
              24 49
              ;
set F[198] := 14 10
              10 18
              18 12
              12 23
              23 1
              1 25
              25 50
              ;
set F[199] := 15 13
              13 38
              ;
set F[200] := 16 7
              7 25
              25 1
              1 26
              ;
set F[201] := 16 17
              17 8
              8 5
              5 2
              2 27
              ;
set F[202] := 16 17
              17 8
              8 5
              5 2
              2 3
              3 28
              ;
set F[203] := 16 7
              7 25
              25 24
              24 11
              11 4
              4 29
              ;
set F[204] := 16 7
              7 25
              25 24
              24 11
              11 4
              4 6
              6 31
              ;
set F[205] := 16 7
              7 32
              ;
set F[206] := 16 17
              17 8
              8 33
              ;
set F[207] := 16 9
              9 22
              22 23
              23 12
              12 18
              18 10
              10 35
              ;
set F[208] := 16 9
              9 22
              22 23
              23 12
              12 37
              ;
set F[209] := 16 9
              9 22
              22 15
              15 13
              13 38
              ;
set F[210] := 16 17
              17 42
              ;
set F[211] := 16 9
              9 22
              22 23
              23 12
              12 18
              18 43
              ;
set F[212] := 16 9
              9 22
              22 15
              15 13
              13 21
              21 46
              ;
set F[213] := 16 9
              9 22
              22 47
              ;
set F[214] := 16 9
              9 22
              22 23
              23 48
              ;
set F[215] := 16 7
              7 25
              25 24
              24 49
              ;
set F[216] := 16 7
              7 25
              25 50
              ;
set F[217] := 17 16
              16 7
              7 25
              25 1
              1 26
              ;
set F[218] := 17 8
              8 5
              5 2
              2 27
              ;
set F[219] := 17 8
              8 5
              5 2
              2 3
              3 28
              ;
set F[220] := 17 8
              8 5
              5 2
              2 3
              3 4
              4 29
              ;
set F[221] := 17 8
              8 5
              5 2
              2 3
              3 4
              4 6
              6 31
              ;
set F[222] := 17 16
              16 7
              7 32
              ;
set F[223] := 17 8
              8 33
              ;
set F[224] := 17 16
              16 9
              9 22
              22 23
              23 12
              12 18
              18 10
              10 35
              ;
set F[225] := 17 16
              16 9
              9 22
              22 23
              23 12
              12 37
              ;
set F[226] := 17 16
              16 9
              9 22
              22 15
              15 13
              13 38
              ;
set F[227] := 17 16
              16 41
              ;
set F[228] := 17 16
              16 9
              9 22
              22 23
              23 12
              12 18
              18 43
              ;
set F[229] := 17 16
              16 9
              9 22
              22 15
              15 13
              13 21
              21 46
              ;
set F[230] := 17 16
              16 9
              9 22
              22 47
              ;
set F[231] := 17 16
              16 9
              9 22
              22 23
              23 48
              ;
set F[232] := 17 16
              16 7
              7 25
              25 24
              24 49
              ;
set F[233] := 17 16
              16 7
              7 25
              25 50
              ;
set F[234] := 18 12
              12 23
              23 1
              1 26
              ;
set F[235] := 18 12
              12 23
              23 1
              1 25
              25 24
              24 11
              11 4
              4 3
              3 2
              2 27
              ;
set F[236] := 18 12
              12 23
              23 1
              1 25
              25 24
              24 11
              11 4
              4 3
              3 28
              ;
set F[237] := 18 12
              12 23
              23 1
              1 25
              25 24
              24 11
              11 4
              4 29
              ;
set F[238] := 18 12
              12 23
              23 22
              22 9
              9 16
              16 17
              17 8
              8 5
              5 30
              ;
set F[239] := 18 12
              12 23
              23 1
              1 25
              25 24
              24 11
              11 4
              4 6
              6 31
              ;
set F[240] := 18 12
              12 23
              23 1
              1 25
              25 7
              7 32
              ;
set F[241] := 18 12
              12 23
              23 22
              22 9
              9 16
              16 17
              17 8
              8 33
              ;
set F[242] := 18 12
              12 23
              23 22
              22 9
              9 34
              ;
set F[243] := 18 10
              10 35
              ;
set F[244] := 18 12
              12 23
              23 1
              1 25
              25 24
              24 11
              11 36
              ;
set F[245] := 18 12
              12 37
              ;
set F[246] := 18 19
              19 20
              20 13
              13 38
              ;
set F[247] := 18 10
              10 14
              14 39
              ;
set F[248] := 18 12
              12 23
              23 22
              22 9
              9 16
              16 41
              ;
set F[249] := 18 12
              12 23
              23 22
              22 9
              9 16
              16 17
              17 42
              ;
set F[250] := 18 19
              19 44
              ;
set F[251] := 18 19
              19 20
              20 45
              ;
set F[252] := 18 10
              10 14
              14 21
              21 46
              ;
set F[253] := 18 12
              12 23
              23 22
              22 47
              ;
set F[254] := 18 12
              12 23
              23 48
              ;
set F[255] := 18 12
              12 23
              23 1
              1 25
              25 24
              24 49
              ;
set F[256] := 18 12
              12 23
              23 1
              1 25
              25 50
              ;
set F[257] := 19 18
              18 12
              12 23
              23 1
              1 26
              ;
set F[258] := 19 18
              18 12
              12 23
              23 1
              1 25
              25 24
              24 11
              11 4
              4 3
              3 2
              2 27
              ;
set F[259] := 19 18
              18 12
              12 23
              23 1
              1 25
              25 24
              24 11
              11 4
              4 3
              3 28
              ;
set F[260] := 19 18
              18 12
              12 23
              23 1
              1 25
              25 24
              24 11
              11 4
              4 29
              ;
set F[261] := 19 18
              18 12
              12 23
              23 1
              1 25
              25 24
              24 11
              11 4
              4 6
              6 31
              ;
set F[262] := 19 18
              18 12
              12 23
              23 1
              1 25
              25 7
              7 32
              ;
set F[263] := 19 18
              18 12
              12 23
              23 22
              22 9
              9 16
              16 17
              17 8
              8 33
              ;
set F[264] := 19 18
              18 12
              12 23
              23 22
              22 9
              9 34
              ;
set F[265] := 19 18
              18 10
              10 35
              ;
set F[266] := 19 18
              18 12
              12 37
              ;
set F[267] := 19 20
              20 13
              13 38
              ;
set F[268] := 19 18
              18 12
              12 23
              23 22
              22 9
              9 16
              16 41
              ;
set F[269] := 19 18
              18 12
              12 23
              23 22
              22 9
              9 16
              16 17
              17 42
              ;
set F[270] := 19 18
              18 43
              ;
set F[271] := 19 20
              20 13
              13 21
              21 46
              ;
set F[272] := 19 18
              18 12
              12 23
              23 22
              22 47
              ;
set F[273] := 19 18
              18 12
              12 23
              23 48
              ;
set F[274] := 19 18
              18 12
              12 23
              23 1
              1 25
              25 24
              24 49
              ;
set F[275] := 19 18
              18 12
              12 23
              23 1
              1 25
              25 50
              ;
set F[276] := 20 13
              13 15
              15 22
              22 23
              23 1
              1 26
              ;
set F[277] := 20 13
              13 15
              15 22
              22 9
              9 16
              16 17
              17 8
              8 5
              5 2
              2 27
              ;
set F[278] := 20 13
              13 15
              15 22
              22 9
              9 16
              16 17
              17 8
              8 5
              5 2
              2 3
              3 28
              ;
set F[279] := 20 13
              13 15
              15 22
              22 23
              23 1
              1 25
              25 24
              24 11
              11 4
              4 29
              ;
set F[280] := 20 13
              13 15
              15 22
              22 9
              9 16
              16 17
              17 8
              8 5
              5 30
              ;
set F[281] := 20 13
              13 15
              15 22
              22 23
              23 1
              1 25
              25 24
              24 11
              11 4
              4 6
              6 31
              ;
set F[282] := 20 13
              13 15
              15 22
              22 9
              9 16
              16 7
              7 32
              ;
set F[283] := 20 13
              13 15
              15 22
              22 9
              9 16
              16 17
              17 8
              8 33
              ;
set F[284] := 20 13
              13 15
              15 22
              22 9
              9 34
              ;
set F[285] := 20 19
              19 18
              18 10
              10 35
              ;
set F[286] := 20 13
              13 15
              15 22
              22 23
              23 1
              1 25
              25 24
              24 11
              11 36
              ;
set F[287] := 20 19
              19 18
              18 12
              12 37
              ;
set F[288] := 20 13
              13 38
              ;
set F[289] := 20 13
              13 15
              15 22
              22 9
              9 16
              16 41
              ;
set F[290] := 20 13
              13 15
              15 22
              22 9
              9 16
              16 17
              17 42
              ;
set F[291] := 20 19
              19 18
              18 43
              ;
set F[292] := 20 13
              13 21
              21 46
              ;
set F[293] := 20 13
              13 15
              15 22
              22 47
              ;
set F[294] := 20 13
              13 15
              15 22
              22 23
              23 48
              ;
set F[295] := 20 13
              13 15
              15 22
              22 23
              23 1
              1 25
              25 24
              24 49
              ;
set F[296] := 20 13
              13 15
              15 22
              22 23
              23 1
              1 25
              25 50
              ;
set F[297] := 21 13
              13 15
              15 22
              22 9
              9 16
              16 17
              17 8
              8 5
              5 2
              2 27
              ;
set F[298] := 21 13
              13 15
              15 22
              22 23
              23 1
              1 25
              25 24
              24 11
              11 4
              4 29
              ;
set F[299] := 21 14
              14 10
              10 35
              ;
set F[300] := 21 14
              14 10
              10 18
              18 12
              12 37
              ;
set F[301] := 21 13
              13 38
              ;
set F[302] := 21 13
              13 15
              15 22
              22 9
              9 16
              16 41
              ;
set F[303] := 21 13
              13 15
              15 22
              22 9
              9 16
              16 17
              17 42
              ;
set F[304] := 21 14
              14 10
              10 18
              18 43
              ;
set F[305] := 21 13
              13 15
              15 22
              22 47
              ;
set F[306] := 21 13
              13 15
              15 22
              22 23
              23 48
              ;
set F[307] := 21 13
              13 15
              15 22
              22 23
              23 1
              1 25
              25 24
              24 49
              ;
set F[308] := 21 13
              13 15
              15 22
              22 23
              23 1
              1 25
              25 50
              ;
set F[309] := 22 15
              15 13
              13 38
              ;
set F[310] := 22 23
              23 12
              12 18
              18 43
              ;
set F[311] := 23 1
              1 25
              25 24
              24 11
              11 4
              4 3
              3 2
              2 27
              ;
set F[312] := 23 1
              1 25
              25 24
              24 11
              11 4
              4 29
              ;
set F[313] := 23 12
              12 18
              18 10
              10 35
              ;
set F[314] := 23 12
              12 37
              ;
set F[315] := 23 22
              22 15
              15 13
              13 38
              ;
set F[316] := 23 22
              22 9
              9 16
              16 41
              ;
set F[317] := 23 12
              12 18
              18 43
              ;
set F[318] := 23 22
              22 15
              15 13
              13 21
              21 46
              ;
set F[319] := 23 22
              22 47
              ;
set F[320] := 23 1
              1 25
              25 24
              24 49
              ;
set F[321] := 23 1
              1 25
              25 50
              ;
set F[322] := 24 25
              25 1
              1 26
              ;
set F[323] := 24 11
              11 4
              4 3
              3 2
              2 27
              ;
set F[324] := 24 11
              11 4
              4 3
              3 28
              ;
set F[325] := 24 11
              11 4
              4 29
              ;
set F[326] := 24 11
              11 4
              4 6
              6 31
              ;
set F[327] := 24 25
              25 7
              7 32
              ;
set F[328] := 24 25
              25 7
              7 16
              16 17
              17 8
              8 33
              ;
set F[329] := 24 25
              25 7
              7 16
              16 9
              9 34
              ;
set F[330] := 24 25
              25 1
              1 23
              23 12
              12 18
              18 10
              10 35
              ;
set F[331] := 24 25
              25 1
              1 23
              23 12
              12 37
              ;
set F[332] := 24 25
              25 1
              1 23
              23 22
              22 15
              15 13
              13 38
              ;
set F[333] := 24 25
              25 7
              7 16
              16 41
              ;
set F[334] := 24 25
              25 7
              7 16
              16 17
              17 42
              ;
set F[335] := 24 25
              25 1
              1 23
              23 12
              12 18
              18 43
              ;
set F[336] := 24 25
              25 1
              1 23
              23 22
              22 15
              15 13
              13 21
              21 46
              ;
set F[337] := 24 25
              25 1
              1 23
              23 22
              22 47
              ;
set F[338] := 24 25
              25 1
              1 23
              23 48
              ;
set F[339] := 24 25
              25 50
              ;
set F[340] := 25 1
              1 26
              ;
set F[341] := 25 24
              24 11
              11 4
              4 3
              3 2
              2 27
              ;
set F[342] := 25 24
              24 11
              11 4
              4 3
              3 28
              ;
set F[343] := 25 24
              24 11
              11 4
              4 29
              ;
set F[344] := 25 7
              7 16
              16 17
              17 8
              8 5
              5 30
              ;
set F[345] := 25 24
              24 11
              11 4
              4 6
              6 31
              ;
set F[346] := 25 7
              7 32
              ;
set F[347] := 25 7
              7 16
              16 17
              17 8
              8 33
              ;
set F[348] := 25 7
              7 16
              16 9
              9 34
              ;
set F[349] := 25 1
              1 23
              23 12
              12 18
              18 10
              10 35
              ;
set F[350] := 25 24
              24 11
              11 36
              ;
set F[351] := 25 1
              1 23
              23 12
              12 37
              ;
set F[352] := 25 1
              1 23
              23 22
              22 15
              15 13
              13 38
              ;
set F[353] := 25 7
              7 16
              16 41
              ;
set F[354] := 25 7
              7 16
              16 17
              17 42
              ;
set F[355] := 25 1
              1 23
              23 12
              12 18
              18 43
              ;
set F[356] := 25 1
              1 23
              23 12
              12 18
              18 19
              19 20
              20 45
              ;
set F[357] := 25 1
              1 23
              23 22
              22 15
              15 13
              13 21
              21 46
              ;
set F[358] := 25 1
              1 23
              23 22
              22 47
              ;
set F[359] := 25 1
              1 23
              23 48
              ;
set F[360] := 25 24
              24 49
              ;
set Last[1] := 2 27;
set Last[2] := 4 29;
set Last[3] := 7 32;
set Last[4] := 8 33;
set Last[5] := 10 35;
set Last[6] := 12 37;
set Last[7] := 13 38;
set Last[8] := 16 41;
set Last[9] := 17 42;
set Last[10] := 18 43;
set Last[11] := 21 46;
set Last[12] := 22 47;
set Last[13] := 23 48;
set Last[14] := 24 49;
set Last[15] := 25 50;
set Last[16] := 1 26;
set Last[17] := 4 29;
set Last[18] := 8 33;
set Last[19] := 10 35;
set Last[20] := 12 37;
set Last[21] := 13 38;
set Last[22] := 16 41;
set Last[23] := 17 42;
set Last[24] := 18 43;
set Last[25] := 21 46;
set Last[26] := 22 47;
set Last[27] := 23 48;
set Last[28] := 24 49;
set Last[29] := 25 50;
set Last[30] := 1 26;
set Last[31] := 2 27;
set Last[32] := 4 29;
set Last[33] := 5 30;
set Last[34] := 6 31;
set Last[35] := 7 32;
set Last[36] := 8 33;
set Last[37] := 9 34;
set Last[38] := 10 35;
set Last[39] := 11 36;
set Last[40] := 12 37;
set Last[41] := 13 38;
set Last[42] := 16 41;
set Last[43] := 17 42;
set Last[44] := 18 43;
set Last[45] := 20 45;
set Last[46] := 21 46;
set Last[47] := 22 47;
set Last[48] := 23 48;
set Last[49] := 24 49;
set Last[50] := 25 50;
set Last[51] := 1 26;
set Last[52] := 2 27;
set Last[53] := 3 28;
set Last[54] := 5 30;
set Last[55] := 6 31;
set Last[56] := 7 32;
set Last[57] := 8 33;
set Last[58] := 9 34;
set Last[59] := 10 35;
set Last[60] := 11 36;
set Last[61] := 12 37;
set Last[62] := 13 38;
set Last[63] := 14 39;
set Last[64] := 16 41;
set Last[65] := 17 42;
set Last[66] := 18 43;
set Last[67] := 19 44;
set Last[68] := 20 45;
set Last[69] := 21 46;
set Last[70] := 22 47;
set Last[71] := 23 48;
set Last[72] := 24 49;
set Last[73] := 25 50;
set Last[74] := 1 26;
set Last[75] := 2 27;
set Last[76] := 3 28;
set Last[77] := 4 29;
set Last[78] := 6 31;
set Last[79] := 7 32;
set Last[80] := 8 33;
set Last[81] := 9 34;
set Last[82] := 10 35;
set Last[83] := 12 37;
set Last[84] := 13 38;
set Last[85] := 16 41;
set Last[86] := 17 42;
set Last[87] := 18 43;
set Last[88] := 21 46;
set Last[89] := 22 47;
set Last[90] := 23 48;
set Last[91] := 24 49;
set Last[92] := 25 50;
set Last[93] := 1 26;
set Last[94] := 2 27;
set Last[95] := 4 29;
set Last[96] := 7 32;
set Last[97] := 8 33;
set Last[98] := 10 35;
set Last[99] := 12 37;
set Last[100] := 13 38;
set Last[101] := 16 41;
set Last[102] := 17 42;
set Last[103] := 18 43;
set Last[104] := 21 46;
set Last[105] := 22 47;
set Last[106] := 23 48;
set Last[107] := 24 49;
set Last[108] := 25 50;
set Last[109] := 1 26;
set Last[110] := 2 27;
set Last[111] := 4 29;
set Last[112] := 6 31;
set Last[113] := 7 32;
set Last[114] := 10 35;
set Last[115] := 12 37;
set Last[116] := 13 38;
set Last[117] := 16 41;
set Last[118] := 17 42;
set Last[119] := 18 43;
set Last[120] := 21 46;
set Last[121] := 22 47;
set Last[122] := 23 48;
set Last[123] := 24 49;
set Last[124] := 25 50;
set Last[125] := 1 26;
set Last[126] := 2 27;
set Last[127] := 3 28;
set Last[128] := 4 29;
set Last[129] := 6 31;
set Last[130] := 7 32;
set Last[131] := 8 33;
set Last[132] := 10 35;
set Last[133] := 12 37;
set Last[134] := 13 38;
set Last[135] := 16 41;
set Last[136] := 17 42;
set Last[137] := 18 43;
set Last[138] := 21 46;
set Last[139] := 22 47;
set Last[140] := 23 48;
set Last[141] := 24 49;
set Last[142] := 25 50;
set Last[143] := 2 27;
set Last[144] := 4 29;
set Last[145] := 13 38;
set Last[146] := 16 41;
set Last[147] := 18 43;
set Last[148] := 1 26;
set Last[149] := 2 27;
set Last[150] := 3 28;
set Last[151] := 4 29;
set Last[152] := 5 30;
set Last[153] := 6 31;
set Last[154] := 7 32;
set Last[155] := 8 33;
set Last[156] := 9 34;
set Last[157] := 10 35;
set Last[158] := 11 36;
set Last[159] := 13 38;
set Last[160] := 16 41;
set Last[161] := 17 42;
set Last[162] := 18 43;
set Last[163] := 20 45;
set Last[164] := 21 46;
set Last[165] := 22 47;
set Last[166] := 23 48;
set Last[167] := 24 49;
set Last[168] := 25 50;
set Last[169] := 1 26;
set Last[170] := 2 27;
set Last[171] := 3 28;
set Last[172] := 4 29;
set Last[173] := 6 31;
set Last[174] := 7 32;
set Last[175] := 8 33;
set Last[176] := 9 34;
set Last[177] := 10 35;
set Last[178] := 12 37;
set Last[179] := 16 41;
set Last[180] := 17 42;
set Last[181] := 18 43;
set Last[182] := 21 46;
set Last[183] := 22 47;
set Last[184] := 23 48;
set Last[185] := 24 49;
set Last[186] := 25 50;
set Last[187] := 2 27;
set Last[188] := 4 29;
set Last[189] := 10 35;
set Last[190] := 12 37;
set Last[191] := 13 38;
set Last[192] := 16 41;
set Last[193] := 18 43;
set Last[194] := 21 46;
set Last[195] := 22 47;
set Last[196] := 23 48;
set Last[197] := 24 49;
set Last[198] := 25 50;
set Last[199] := 13 38;
set Last[200] := 1 26;
set Last[201] := 2 27;
set Last[202] := 3 28;
set Last[203] := 4 29;
set Last[204] := 6 31;
set Last[205] := 7 32;
set Last[206] := 8 33;
set Last[207] := 10 35;
set Last[208] := 12 37;
set Last[209] := 13 38;
set Last[210] := 17 42;
set Last[211] := 18 43;
set Last[212] := 21 46;
set Last[213] := 22 47;
set Last[214] := 23 48;
set Last[215] := 24 49;
set Last[216] := 25 50;
set Last[217] := 1 26;
set Last[218] := 2 27;
set Last[219] := 3 28;
set Last[220] := 4 29;
set Last[221] := 6 31;
set Last[222] := 7 32;
set Last[223] := 8 33;
set Last[224] := 10 35;
set Last[225] := 12 37;
set Last[226] := 13 38;
set Last[227] := 16 41;
set Last[228] := 18 43;
set Last[229] := 21 46;
set Last[230] := 22 47;
set Last[231] := 23 48;
set Last[232] := 24 49;
set Last[233] := 25 50;
set Last[234] := 1 26;
set Last[235] := 2 27;
set Last[236] := 3 28;
set Last[237] := 4 29;
set Last[238] := 5 30;
set Last[239] := 6 31;
set Last[240] := 7 32;
set Last[241] := 8 33;
set Last[242] := 9 34;
set Last[243] := 10 35;
set Last[244] := 11 36;
set Last[245] := 12 37;
set Last[246] := 13 38;
set Last[247] := 14 39;
set Last[248] := 16 41;
set Last[249] := 17 42;
set Last[250] := 19 44;
set Last[251] := 20 45;
set Last[252] := 21 46;
set Last[253] := 22 47;
set Last[254] := 23 48;
set Last[255] := 24 49;
set Last[256] := 25 50;
set Last[257] := 1 26;
set Last[258] := 2 27;
set Last[259] := 3 28;
set Last[260] := 4 29;
set Last[261] := 6 31;
set Last[262] := 7 32;
set Last[263] := 8 33;
set Last[264] := 9 34;
set Last[265] := 10 35;
set Last[266] := 12 37;
set Last[267] := 13 38;
set Last[268] := 16 41;
set Last[269] := 17 42;
set Last[270] := 18 43;
set Last[271] := 21 46;
set Last[272] := 22 47;
set Last[273] := 23 48;
set Last[274] := 24 49;
set Last[275] := 25 50;
set Last[276] := 1 26;
set Last[277] := 2 27;
set Last[278] := 3 28;
set Last[279] := 4 29;
set Last[280] := 5 30;
set Last[281] := 6 31;
set Last[282] := 7 32;
set Last[283] := 8 33;
set Last[284] := 9 34;
set Last[285] := 10 35;
set Last[286] := 11 36;
set Last[287] := 12 37;
set Last[288] := 13 38;
set Last[289] := 16 41;
set Last[290] := 17 42;
set Last[291] := 18 43;
set Last[292] := 21 46;
set Last[293] := 22 47;
set Last[294] := 23 48;
set Last[295] := 24 49;
set Last[296] := 25 50;
set Last[297] := 2 27;
set Last[298] := 4 29;
set Last[299] := 10 35;
set Last[300] := 12 37;
set Last[301] := 13 38;
set Last[302] := 16 41;
set Last[303] := 17 42;
set Last[304] := 18 43;
set Last[305] := 22 47;
set Last[306] := 23 48;
set Last[307] := 24 49;
set Last[308] := 25 50;
set Last[309] := 13 38;
set Last[310] := 18 43;
set Last[311] := 2 27;
set Last[312] := 4 29;
set Last[313] := 10 35;
set Last[314] := 12 37;
set Last[315] := 13 38;
set Last[316] := 16 41;
set Last[317] := 18 43;
set Last[318] := 21 46;
set Last[319] := 22 47;
set Last[320] := 24 49;
set Last[321] := 25 50;
set Last[322] := 1 26;
set Last[323] := 2 27;
set Last[324] := 3 28;
set Last[325] := 4 29;
set Last[326] := 6 31;
set Last[327] := 7 32;
set Last[328] := 8 33;
set Last[329] := 9 34;
set Last[330] := 10 35;
set Last[331] := 12 37;
set Last[332] := 13 38;
set Last[333] := 16 41;
set Last[334] := 17 42;
set Last[335] := 18 43;
set Last[336] := 21 46;
set Last[337] := 22 47;
set Last[338] := 23 48;
set Last[339] := 25 50;
set Last[340] := 1 26;
set Last[341] := 2 27;
set Last[342] := 3 28;
set Last[343] := 4 29;
set Last[344] := 5 30;
set Last[345] := 6 31;
set Last[346] := 7 32;
set Last[347] := 8 33;
set Last[348] := 9 34;
set Last[349] := 10 35;
set Last[350] := 11 36;
set Last[351] := 12 37;
set Last[352] := 13 38;
set Last[353] := 16 41;
set Last[354] := 17 42;
set Last[355] := 18 43;
set Last[356] := 20 45;
set Last[357] := 21 46;
set Last[358] := 22 47;
set Last[359] := 23 48;
set Last[360] := 24 49;

param q := 5;

end;
