data;

set V := 1 2 3 4 5 7 8 9 10 11 12 13 14 15 16 17 18 19 20 21 22 23 24 25 27 28 29 32 33 34 35 36 37 40 42 43 46 47 48 49 50;

set A := 1 23
         1 25
         2 3
         2 5
         2 27
         3 2
         3 4
         3 28
         4 3
         4 11
         4 29
         5 2
         5 8
         7 16
         7 25
         7 32
         8 5
         8 17
         8 33
         9 16
         9 22
         9 34
         10 18
         10 35
         11 4
         11 24
         11 36
         12 18
         12 23
         12 37
         13 15
         13 21
         14 10
         14 21
         15 13
         15 22
         15 40
         16 7
         16 9
         16 17
         17 8
         17 16
         17 42
         18 10
         18 12
         18 43
         19 18
         20 13
         20 19
         21 13
         21 14
         21 46
         22 9
         22 15
         22 23
         22 47
         23 1
         23 12
         23 22
         23 48
         24 11
         24 25
         24 49
         25 1
         25 7
         25 24
         25 50
         ;

set S := 1 2 3 4 5 6 7 8 9 10 11 12 13 14 15 16 17 18 19 20 21 22 23 24 25 26 27 28 29 30 31 32 33 34 35 36 37 38 39 40 41 42 43 44 45 46 47 48 49 50 51 52 53 54 55 56 57 58 59 60 61 62 63 64 65 66 67 68 69 70 71 72 73 74 75 76 77 78 79 80 81 82 83 84 85 86 87 88 89 90 91 92 93 94 95 96 97 98 99 100 101 102 103 104 105 106 107 108 109 110 111 112 113 114 115 116 117 118 119 120;

set F[1] := 2 3
            3 28
            ;
set F[2] := 2 3
            3 4
            4 29
            ;
set F[3] := 2 5
            5 8
            8 17
            17 16
            16 7
            7 32
            ;
set F[4] := 2 5
            5 8
            8 33
            ;
set F[5] := 2 3
            3 4
            4 11
            11 36
            ;
set F[6] := 2 5
            5 8
            8 17
            17 42
            ;
set F[7] := 2 3
            3 4
            4 11
            11 24
            24 25
            25 1
            1 23
            23 12
            12 18
            18 43
            ;
set F[8] := 2 5
            5 8
            8 17
            17 16
            16 9
            9 22
            22 47
            ;
set F[9] := 2 3
            3 4
            4 11
            11 24
            24 25
            25 1
            1 23
            23 48
            ;
set F[10] := 3 2
             2 27
             ;
set F[11] := 3 4
             4 29
             ;
set F[12] := 3 4
             4 11
             11 24
             24 25
             25 7
             7 32
             ;
set F[13] := 3 2
             2 5
             5 8
             8 33
             ;
set F[14] := 3 4
             4 11
             11 36
             ;
set F[15] := 3 2
             2 5
             5 8
             8 17
             17 42
             ;
set F[16] := 3 4
             4 11
             11 24
             24 25
             25 1
             1 23
             23 12
             12 18
             18 43
             ;
set F[17] := 3 2
             2 5
             5 8
             8 17
             17 16
             16 9
             9 22
             22 47
             ;
set F[18] := 3 4
             4 11
             11 24
             24 25
             25 1
             1 23
             23 48
             ;
set F[19] := 5 2
             2 27
             ;
set F[20] := 5 2
             2 3
             3 28
             ;
set F[21] := 5 2
             2 3
             3 4
             4 29
             ;
set F[22] := 5 8
             8 17
             17 16
             16 7
             7 32
             ;
set F[23] := 5 8
             8 33
             ;
set F[24] := 5 2
             2 3
             3 4
             4 11
             11 36
             ;
set F[25] := 5 8
             8 17
             17 42
             ;
set F[26] := 5 8
             8 17
             17 16
             16 9
             9 22
             22 23
             23 12
             12 18
             18 43
             ;
set F[27] := 5 8
             8 17
             17 16
             16 9
             9 22
             22 47
             ;
set F[28] := 5 8
             8 17
             17 16
             16 9
             9 22
             22 23
             23 48
             ;
set F[29] := 9 16
             16 17
             17 8
             8 5
             5 2
             2 27
             ;
set F[30] := 9 16
             16 17
             17 8
             8 5
             5 2
             2 3
             3 28
             ;
set F[31] := 9 16
             16 7
             7 25
             25 24
             24 11
             11 4
             4 29
             ;
set F[32] := 9 16
             16 7
             7 32
             ;
set F[33] := 9 16
             16 17
             17 8
             8 33
             ;
set F[34] := 9 16
             16 7
             7 25
             25 24
             24 11
             11 36
             ;
set F[35] := 9 16
             16 17
             17 42
             ;
set F[36] := 9 22
             22 23
             23 12
             12 18
             18 43
             ;
set F[37] := 9 22
             22 47
             ;
set F[38] := 9 22
             22 23
             23 48
             ;
set F[39] := 11 24
             24 25
             25 1
             1 23
             23 12
             12 18
             18 43
             ;
set F[40] := 11 24
             24 25
             25 1
             1 23
             23 22
             22 47
             ;
set F[41] := 11 24
             24 25
             25 1
             1 23
             23 48
             ;
set F[42] := 12 23
             23 1
             1 25
             25 24
             24 11
             11 4
             4 3
             3 2
             2 27
             ;
set F[43] := 12 23
             23 1
             1 25
             25 24
             24 11
             11 4
             4 3
             3 28
             ;
set F[44] := 12 23
             23 1
             1 25
             25 24
             24 11
             11 4
             4 29
             ;
set F[45] := 12 23
             23 22
             22 9
             9 16
             16 17
             17 8
             8 33
             ;
set F[46] := 12 23
             23 22
             22 9
             9 16
             16 17
             17 42
             ;
set F[47] := 12 18
             18 43
             ;
set F[48] := 12 23
             23 22
             22 47
             ;
set F[49] := 12 23
             23 48
             ;
set F[50] := 14 21
             21 13
             13 15
             15 22
             22 9
             9 16
             16 17
             17 8
             8 5
             5 2
             2 27
             ;
set F[51] := 14 10
             10 18
             18 12
             12 23
             23 1
             1 25
             25 24
             24 11
             11 4
             4 3
             3 28
             ;
set F[52] := 14 10
             10 18
             18 12
             12 23
             23 1
             1 25
             25 24
             24 11
             11 4
             4 29
             ;
set F[53] := 14 10
             10 18
             18 12
             12 23
             23 1
             1 25
             25 7
             7 32
             ;
set F[54] := 14 21
             21 13
             13 15
             15 22
             22 9
             9 16
             16 17
             17 8
             8 33
             ;
set F[55] := 14 10
             10 18
             18 12
             12 23
             23 1
             1 25
             25 24
             24 11
             11 36
             ;
set F[56] := 14 21
             21 13
             13 15
             15 22
             22 9
             9 16
             16 17
             17 42
             ;
set F[57] := 14 10
             10 18
             18 43
             ;
set F[58] := 14 21
             21 13
             13 15
             15 22
             22 47
             ;
set F[59] := 14 10
             10 18
             18 12
             12 23
             23 48
             ;
set F[60] := 14 10
             10 18
             18 12
             12 23
             23 1
             1 25
             25 24
             24 49
             ;
set F[61] := 16 17
             17 8
             8 5
             5 2
             2 27
             ;
set F[62] := 16 17
             17 8
             8 5
             5 2
             2 3
             3 28
             ;
set F[63] := 16 7
             7 25
             25 24
             24 11
             11 4
             4 29
             ;
set F[64] := 16 7
             7 32
             ;
set F[65] := 16 17
             17 8
             8 33
             ;
set F[66] := 16 9
             9 34
             ;
set F[67] := 16 9
             9 22
             22 23
             23 12
             12 18
             18 10
             10 35
             ;
set F[68] := 16 7
             7 25
             25 24
             24 11
             11 36
             ;
set F[69] := 16 9
             9 22
             22 23
             23 12
             12 37
             ;
set F[70] := 16 9
             9 22
             22 15
             15 40
             ;
set F[71] := 16 17
             17 42
             ;
set F[72] := 16 9
             9 22
             22 23
             23 12
             12 18
             18 43
             ;
set F[73] := 16 9
             9 22
             22 15
             15 13
             13 21
             21 46
             ;
set F[74] := 16 9
             9 22
             22 47
             ;
set F[75] := 16 9
             9 22
             22 23
             23 48
             ;
set F[76] := 16 7
             7 25
             25 24
             24 49
             ;
set F[77] := 16 7
             7 25
             25 50
             ;
set F[78] := 17 8
             8 5
             5 2
             2 27
             ;
set F[79] := 17 8
             8 5
             5 2
             2 3
             3 28
             ;
set F[80] := 17 8
             8 5
             5 2
             2 3
             3 4
             4 29
             ;
set F[81] := 17 8
             8 33
             ;
set F[82] := 17 16
             16 9
             9 22
             22 23
             23 12
             12 18
             18 43
             ;
set F[83] := 17 16
             16 9
             9 22
             22 47
             ;
set F[84] := 17 16
             16 9
             9 22
             22 23
             23 48
             ;
set F[85] := 20 13
             13 15
             15 22
             22 9
             9 16
             16 17
             17 8
             8 5
             5 2
             2 27
             ;
set F[86] := 20 13
             13 15
             15 22
             22 9
             9 16
             16 17
             17 8
             8 5
             5 2
             2 3
             3 28
             ;
set F[87] := 20 13
             13 15
             15 22
             22 23
             23 1
             1 25
             25 24
             24 11
             11 4
             4 29
             ;
set F[88] := 20 13
             13 15
             15 22
             22 9
             9 16
             16 7
             7 32
             ;
set F[89] := 20 13
             13 15
             15 22
             22 9
             9 16
             16 17
             17 8
             8 33
             ;
set F[90] := 20 13
             13 15
             15 22
             22 23
             23 1
             1 25
             25 24
             24 11
             11 36
             ;
set F[91] := 20 13
             13 15
             15 22
             22 9
             9 16
             16 17
             17 42
             ;
set F[92] := 20 19
             19 18
             18 43
             ;
set F[93] := 20 13
             13 15
             15 22
             22 47
             ;
set F[94] := 20 13
             13 15
             15 22
             22 23
             23 48
             ;
set F[95] := 21 13
             13 15
             15 22
             22 9
             9 16
             16 17
             17 8
             8 5
             5 2
             2 27
             ;
set F[96] := 21 13
             13 15
             15 22
             22 9
             9 16
             16 17
             17 8
             8 5
             5 2
             2 3
             3 28
             ;
set F[97] := 21 13
             13 15
             15 22
             22 23
             23 1
             1 25
             25 24
             24 11
             11 4
             4 29
             ;
set F[98] := 21 13
             13 15
             15 22
             22 9
             9 16
             16 17
             17 8
             8 33
             ;
set F[99] := 21 13
             13 15
             15 22
             22 9
             9 16
             16 17
             17 42
             ;
set F[100] := 21 14
              14 10
              10 18
              18 43
              ;
set F[101] := 21 13
              13 15
              15 22
              22 47
              ;
set F[102] := 21 13
              13 15
              15 22
              22 23
              23 48
              ;
set F[103] := 22 9
              9 16
              16 17
              17 8
              8 5
              5 2
              2 27
              ;
set F[104] := 22 9
              9 16
              16 17
              17 8
              8 5
              5 2
              2 3
              3 28
              ;
set F[105] := 22 23
              23 1
              1 25
              25 24
              24 11
              11 4
              4 29
              ;
set F[106] := 22 9
              9 16
              16 17
              17 42
              ;
set F[107] := 22 23
              23 12
              12 18
              18 43
              ;
set F[108] := 22 23
              23 48
              ;
set F[109] := 24 11
              11 4
              4 3
              3 2
              2 27
              ;
set F[110] := 24 11
              11 4
              4 3
              3 28
              ;
set F[111] := 24 11
              11 4
              4 29
              ;
set F[112] := 24 25
              25 7
              7 32
              ;
set F[113] := 24 25
              25 7
              7 16
              16 17
              17 8
              8 33
              ;
set F[114] := 24 11
              11 36
              ;
set F[115] := 24 25
              25 1
              1 23
              23 12
              12 37
              ;
set F[116] := 24 25
              25 1
              1 23
              23 22
              22 15
              15 40
              ;
set F[117] := 24 25
              25 7
              7 16
              16 17
              17 42
              ;
set F[118] := 24 25
              25 1
              1 23
              23 12
              12 18
              18 43
              ;
set F[119] := 24 25
              25 1
              1 23
              23 22
              22 47
              ;
set F[120] := 24 25
              25 1
              1 23
              23 48
              ;
set Last[1] := 3 28;
set Last[2] := 4 29;
set Last[3] := 7 32;
set Last[4] := 8 33;
set Last[5] := 11 36;
set Last[6] := 17 42;
set Last[7] := 18 43;
set Last[8] := 22 47;
set Last[9] := 23 48;
set Last[10] := 2 27;
set Last[11] := 4 29;
set Last[12] := 7 32;
set Last[13] := 8 33;
set Last[14] := 11 36;
set Last[15] := 17 42;
set Last[16] := 18 43;
set Last[17] := 22 47;
set Last[18] := 23 48;
set Last[19] := 2 27;
set Last[20] := 3 28;
set Last[21] := 4 29;
set Last[22] := 7 32;
set Last[23] := 8 33;
set Last[24] := 11 36;
set Last[25] := 17 42;
set Last[26] := 18 43;
set Last[27] := 22 47;
set Last[28] := 23 48;
set Last[29] := 2 27;
set Last[30] := 3 28;
set Last[31] := 4 29;
set Last[32] := 7 32;
set Last[33] := 8 33;
set Last[34] := 11 36;
set Last[35] := 17 42;
set Last[36] := 18 43;
set Last[37] := 22 47;
set Last[38] := 23 48;
set Last[39] := 18 43;
set Last[40] := 22 47;
set Last[41] := 23 48;
set Last[42] := 2 27;
set Last[43] := 3 28;
set Last[44] := 4 29;
set Last[45] := 8 33;
set Last[46] := 17 42;
set Last[47] := 18 43;
set Last[48] := 22 47;
set Last[49] := 23 48;
set Last[50] := 2 27;
set Last[51] := 3 28;
set Last[52] := 4 29;
set Last[53] := 7 32;
set Last[54] := 8 33;
set Last[55] := 11 36;
set Last[56] := 17 42;
set Last[57] := 18 43;
set Last[58] := 22 47;
set Last[59] := 23 48;
set Last[60] := 24 49;
set Last[61] := 2 27;
set Last[62] := 3 28;
set Last[63] := 4 29;
set Last[64] := 7 32;
set Last[65] := 8 33;
set Last[66] := 9 34;
set Last[67] := 10 35;
set Last[68] := 11 36;
set Last[69] := 12 37;
set Last[70] := 15 40;
set Last[71] := 17 42;
set Last[72] := 18 43;
set Last[73] := 21 46;
set Last[74] := 22 47;
set Last[75] := 23 48;
set Last[76] := 24 49;
set Last[77] := 25 50;
set Last[78] := 2 27;
set Last[79] := 3 28;
set Last[80] := 4 29;
set Last[81] := 8 33;
set Last[82] := 18 43;
set Last[83] := 22 47;
set Last[84] := 23 48;
set Last[85] := 2 27;
set Last[86] := 3 28;
set Last[87] := 4 29;
set Last[88] := 7 32;
set Last[89] := 8 33;
set Last[90] := 11 36;
set Last[91] := 17 42;
set Last[92] := 18 43;
set Last[93] := 22 47;
set Last[94] := 23 48;
set Last[95] := 2 27;
set Last[96] := 3 28;
set Last[97] := 4 29;
set Last[98] := 8 33;
set Last[99] := 17 42;
set Last[100] := 18 43;
set Last[101] := 22 47;
set Last[102] := 23 48;
set Last[103] := 2 27;
set Last[104] := 3 28;
set Last[105] := 4 29;
set Last[106] := 17 42;
set Last[107] := 18 43;
set Last[108] := 23 48;
set Last[109] := 2 27;
set Last[110] := 3 28;
set Last[111] := 4 29;
set Last[112] := 7 32;
set Last[113] := 8 33;
set Last[114] := 11 36;
set Last[115] := 12 37;
set Last[116] := 15 40;
set Last[117] := 17 42;
set Last[118] := 18 43;
set Last[119] := 22 47;
set Last[120] := 23 48;

param q := 5;

end;
