data;

set V := 1 2 3 4 5 6 7 8 9 10 11 12 13 14 15 16 17 18 19 20 21 22 23 24 25 26 27 28 29 30 31 32 33 34 35 36 37 39 40 41 42 43 44 45 46 47 48 49 50 51 52 54 55 58;

set A := 1 27
         1 29
         1 30
         2 11
         2 17
         2 31
         3 4
         3 18
         3 32
         4 3
         4 6
         4 12
         4 33
         5 8
         5 9
         5 11
         5 34
         6 4
         6 16
         6 35
         7 20
         7 29
         7 36
         8 5
         8 21
         8 37
         9 5
         9 14
         10 15
         10 22
         10 39
         11 2
         11 5
         11 40
         12 4
         12 28
         12 41
         13 22
         13 27
         13 42
         14 9
         14 24
         14 25
         14 43
         15 10
         15 25
         15 44
         16 6
         16 26
         16 45
         17 2
         17 18
         17 46
         18 3
         18 17
         18 47
         19 24
         19 26
         19 48
         20 7
         20 21
         20 49
         21 8
         21 20
         21 50
         22 10
         22 13
         22 23
         22 51
         23 22
         23 24
         23 52
         24 14
         24 19
         24 23
         25 14
         25 15
         25 54
         26 16
         26 19
         26 55
         27 1
         27 13
         28 12
         28 29
         29 1
         29 7
         29 28
         29 58
         ;

set S := 1 2 3 4 5 6 7 8 9 10 11 12 13 14 15 16 17 18 19 20 21 22 23 24 25 26 27 28 29 30 31 32 33 34 35 36 37 38 39 40 41 42 43 44 45 46 47 48 49 50 51 52 53 54 55 56 57 58 59 60 61 62 63 64 65 66 67 68 69 70 71 72 73 74 75 76 77 78 79 80 81 82 83 84 85 86 87 88 89 90 91 92 93 94 95 96 97 98 99 100 101 102 103 104 105 106 107 108 109 110 111 112 113 114 115 116 117 118 119 120 121 122 123 124 125 126 127 128 129 130 131 132 133 134 135 136 137 138 139 140 141 142 143 144 145 146 147 148 149 150 151 152 153 154 155 156 157 158 159 160 161 162 163 164 165 166 167 168 169 170 171 172 173 174 175 176 177 178 179 180 181 182 183 184 185 186 187 188 189 190 191 192 193 194 195 196 197 198 199 200 201 202 203 204 205 206 207 208 209 210 211 212 213 214 215 216 217 218 219 220 221 222 223 224 225 226 227 228 229 230 231 232 233 234 235 236 237 238 239 240 241 242 243 244 245 246 247 248 249 250 251 252 253 254 255 256 257 258 259 260 261 262 263 264 265 266 267 268 269 270 271 272 273 274 275 276 277 278 279 280 281 282 283 284 285 286 287 288 289 290 291 292 293 294 295 296 297 298 299 300 301 302 303 304 305 306 307 308 309 310 311 312 313 314 315 316 317 318 319 320 321 322 323 324 325;

set F[1] := 1 29
            29 7
            7 20
            20 21
            21 8
            8 5
            5 11
            11 2
            2 31
            ;
set F[2] := 1 29
            29 28
            28 12
            12 4
            4 3
            3 32
            ;
set F[3] := 1 29
            29 28
            28 12
            12 4
            4 33
            ;
set F[4] := 1 29
            29 7
            7 20
            20 21
            21 8
            8 5
            5 34
            ;
set F[5] := 1 29
            29 28
            28 12
            12 4
            4 6
            6 35
            ;
set F[6] := 1 29
            29 7
            7 36
            ;
set F[7] := 1 29
            29 7
            7 20
            20 21
            21 8
            8 37
            ;
set F[8] := 1 29
            29 7
            7 20
            20 21
            21 8
            8 5
            5 11
            11 40
            ;
set F[9] := 1 29
            29 28
            28 12
            12 41
            ;
set F[10] := 1 27
             27 13
             13 42
             ;
set F[11] := 1 27
             27 13
             13 22
             22 23
             23 24
             24 14
             14 43
             ;
set F[12] := 1 27
             27 13
             13 22
             22 10
             10 15
             15 44
             ;
set F[13] := 1 29
             29 28
             28 12
             12 4
             4 6
             6 16
             16 45
             ;
set F[14] := 1 29
             29 28
             28 12
             12 4
             4 3
             3 18
             18 17
             17 46
             ;
set F[15] := 1 29
             29 28
             28 12
             12 4
             4 3
             3 18
             18 47
             ;
set F[16] := 1 27
             27 13
             13 22
             22 23
             23 24
             24 19
             19 48
             ;
set F[17] := 1 29
             29 7
             7 20
             20 49
             ;
set F[18] := 1 27
             27 13
             13 22
             22 51
             ;
set F[19] := 1 27
             27 13
             13 22
             22 23
             23 52
             ;
set F[20] := 1 27
             27 13
             13 22
             22 10
             10 15
             15 25
             25 54
             ;
set F[21] := 1 27
             27 13
             13 22
             22 23
             23 24
             24 19
             19 26
             26 55
             ;
set F[22] := 1 29
             29 58
             ;
set F[23] := 2 17
             17 18
             18 3
             3 4
             4 12
             12 28
             28 29
             29 1
             1 30
             ;
set F[24] := 2 17
             17 18
             18 3
             3 32
             ;
set F[25] := 2 17
             17 18
             18 3
             3 4
             4 33
             ;
set F[26] := 2 11
             11 5
             5 34
             ;
set F[27] := 2 17
             17 18
             18 3
             3 4
             4 6
             6 35
             ;
set F[28] := 2 11
             11 5
             5 8
             8 21
             21 20
             20 7
             7 36
             ;
set F[29] := 2 11
             11 5
             5 8
             8 37
             ;
set F[30] := 2 11
             11 40
             ;
set F[31] := 2 17
             17 18
             18 3
             3 4
             4 12
             12 41
             ;
set F[32] := 2 11
             11 5
             5 9
             9 14
             14 24
             24 23
             23 22
             22 13
             13 42
             ;
set F[33] := 2 11
             11 5
             5 9
             9 14
             14 43
             ;
set F[34] := 2 11
             11 5
             5 9
             9 14
             14 25
             25 15
             15 44
             ;
set F[35] := 2 17
             17 18
             18 3
             3 4
             4 6
             6 16
             16 45
             ;
set F[36] := 2 17
             17 46
             ;
set F[37] := 2 17
             17 18
             18 47
             ;
set F[38] := 2 11
             11 5
             5 9
             9 14
             14 24
             24 19
             19 48
             ;
set F[39] := 2 11
             11 5
             5 8
             8 21
             21 20
             20 49
             ;
set F[40] := 2 11
             11 5
             5 8
             8 21
             21 50
             ;
set F[41] := 2 11
             11 5
             5 9
             9 14
             14 24
             24 23
             23 22
             22 51
             ;
set F[42] := 2 11
             11 5
             5 9
             9 14
             14 24
             24 23
             23 52
             ;
set F[43] := 2 11
             11 5
             5 9
             9 14
             14 25
             25 54
             ;
set F[44] := 2 17
             17 18
             18 3
             3 4
             4 6
             6 16
             16 26
             26 55
             ;
set F[45] := 2 17
             17 18
             18 3
             3 4
             4 12
             12 28
             28 29
             29 58
             ;
set F[46] := 3 18
             18 17
             17 2
             2 31
             ;
set F[47] := 3 4
             4 33
             ;
set F[48] := 3 18
             18 17
             17 2
             2 11
             11 5
             5 8
             8 37
             ;
set F[49] := 3 18
             18 17
             17 2
             2 11
             11 40
             ;
set F[50] := 3 4
             4 12
             12 41
             ;
set F[51] := 3 4
             4 12
             12 28
             28 29
             29 1
             1 27
             27 13
             13 42
             ;
set F[52] := 3 18
             18 17
             17 2
             2 11
             11 5
             5 9
             9 14
             14 43
             ;
set F[53] := 3 18
             18 17
             17 2
             2 11
             11 5
             5 9
             9 14
             14 25
             25 15
             15 44
             ;
set F[54] := 3 18
             18 17
             17 46
             ;
set F[55] := 3 18
             18 47
             ;
set F[56] := 3 4
             4 6
             6 16
             16 26
             26 19
             19 48
             ;
set F[57] := 3 4
             4 12
             12 28
             28 29
             29 7
             7 20
             20 49
             ;
set F[58] := 3 4
             4 12
             12 28
             28 29
             29 1
             1 27
             27 13
             13 22
             22 51
             ;
set F[59] := 3 4
             4 6
             6 16
             16 26
             26 19
             19 24
             24 23
             23 52
             ;
set F[60] := 3 18
             18 17
             17 2
             2 11
             11 5
             5 9
             9 14
             14 25
             25 54
             ;
set F[61] := 3 4
             4 6
             6 16
             16 26
             26 55
             ;
set F[62] := 3 4
             4 12
             12 28
             28 29
             29 58
             ;
set F[63] := 4 12
             12 28
             28 29
             29 1
             1 30
             ;
set F[64] := 4 3
             3 18
             18 17
             17 2
             2 31
             ;
set F[65] := 4 3
             3 32
             ;
set F[66] := 4 3
             3 18
             18 17
             17 2
             2 11
             11 5
             5 34
             ;
set F[67] := 4 6
             6 35
             ;
set F[68] := 4 12
             12 28
             28 29
             29 7
             7 36
             ;
set F[69] := 4 3
             3 18
             18 17
             17 2
             2 11
             11 5
             5 8
             8 37
             ;
set F[70] := 4 12
             12 28
             28 29
             29 1
             1 27
             27 13
             13 22
             22 10
             10 39
             ;
set F[71] := 4 3
             3 18
             18 17
             17 2
             2 11
             11 40
             ;
set F[72] := 4 12
             12 41
             ;
set F[73] := 4 12
             12 28
             28 29
             29 1
             1 27
             27 13
             13 42
             ;
set F[74] := 4 6
             6 16
             16 26
             26 19
             19 24
             24 14
             14 43
             ;
set F[75] := 4 6
             6 16
             16 26
             26 19
             19 24
             24 14
             14 25
             25 15
             15 44
             ;
set F[76] := 4 6
             6 16
             16 45
             ;
set F[77] := 4 3
             3 18
             18 17
             17 46
             ;
set F[78] := 4 3
             3 18
             18 47
             ;
set F[79] := 4 6
             6 16
             16 26
             26 19
             19 48
             ;
set F[80] := 4 12
             12 28
             28 29
             29 7
             7 20
             20 49
             ;
set F[81] := 4 12
             12 28
             28 29
             29 7
             7 20
             20 21
             21 50
             ;
set F[82] := 4 12
             12 28
             28 29
             29 1
             1 27
             27 13
             13 22
             22 51
             ;
set F[83] := 4 6
             6 16
             16 26
             26 19
             19 24
             24 23
             23 52
             ;
set F[84] := 4 6
             6 16
             16 26
             26 19
             19 24
             24 14
             14 25
             25 54
             ;
set F[85] := 4 6
             6 16
             16 26
             26 55
             ;
set F[86] := 4 12
             12 28
             28 29
             29 58
             ;
set F[87] := 5 11
             11 2
             2 31
             ;
set F[88] := 5 11
             11 2
             2 17
             17 18
             18 3
             3 32
             ;
set F[89] := 5 11
             11 2
             2 17
             17 18
             18 3
             3 4
             4 33
             ;
set F[90] := 5 8
             8 37
             ;
set F[91] := 5 11
             11 2
             2 17
             17 18
             18 3
             3 4
             4 12
             12 41
             ;
set F[92] := 5 9
             9 14
             14 24
             24 23
             23 22
             22 13
             13 42
             ;
set F[93] := 5 9
             9 14
             14 43
             ;
set F[94] := 5 9
             9 14
             14 25
             25 15
             15 44
             ;
set F[95] := 5 9
             9 14
             14 24
             24 19
             19 48
             ;
set F[96] := 5 8
             8 21
             21 20
             20 49
             ;
set F[97] := 5 9
             9 14
             14 24
             24 23
             23 22
             22 51
             ;
set F[98] := 5 9
             9 14
             14 24
             24 19
             19 26
             26 55
             ;
set F[99] := 5 8
             8 21
             21 20
             20 7
             7 29
             29 58
             ;
set F[100] := 6 4
              4 12
              12 28
              28 29
              29 1
              1 30
              ;
set F[101] := 6 4
              4 3
              3 18
              18 17
              17 2
              2 31
              ;
set F[102] := 6 4
              4 3
              3 32
              ;
set F[103] := 6 4
              4 33
              ;
set F[104] := 6 4
              4 3
              3 18
              18 17
              17 2
              2 11
              11 5
              5 34
              ;
set F[105] := 6 4
              4 12
              12 28
              28 29
              29 7
              7 36
              ;
set F[106] := 6 4
              4 3
              3 18
              18 17
              17 2
              2 11
              11 5
              5 8
              8 37
              ;
set F[107] := 6 4
              4 3
              3 18
              18 17
              17 2
              2 11
              11 40
              ;
set F[108] := 6 4
              4 12
              12 41
              ;
set F[109] := 6 4
              4 12
              12 28
              28 29
              29 1
              1 27
              27 13
              13 42
              ;
set F[110] := 6 16
              16 26
              26 19
              19 24
              24 14
              14 43
              ;
set F[111] := 6 16
              16 26
              26 19
              19 24
              24 14
              14 25
              25 15
              15 44
              ;
set F[112] := 6 16
              16 45
              ;
set F[113] := 6 4
              4 3
              3 18
              18 17
              17 46
              ;
set F[114] := 6 4
              4 3
              3 18
              18 47
              ;
set F[115] := 6 16
              16 26
              26 19
              19 48
              ;
set F[116] := 6 4
              4 12
              12 28
              28 29
              29 7
              7 20
              20 49
              ;
set F[117] := 6 16
              16 26
              26 19
              19 24
              24 23
              23 22
              22 51
              ;
set F[118] := 6 16
              16 26
              26 19
              19 24
              24 23
              23 52
              ;
set F[119] := 6 16
              16 26
              26 19
              19 24
              24 14
              14 25
              25 54
              ;
set F[120] := 6 16
              16 26
              26 55
              ;
set F[121] := 6 4
              4 12
              12 28
              28 29
              29 58
              ;
set F[122] := 7 20
              20 21
              21 8
              8 5
              5 11
              11 2
              2 31
              ;
set F[123] := 7 29
              29 28
              28 12
              12 4
              4 3
              3 32
              ;
set F[124] := 7 29
              29 28
              28 12
              12 4
              4 33
              ;
set F[125] := 7 20
              20 21
              21 8
              8 37
              ;
set F[126] := 7 29
              29 28
              28 12
              12 41
              ;
set F[127] := 7 29
              29 1
              1 27
              27 13
              13 42
              ;
set F[128] := 7 20
              20 21
              21 8
              8 5
              5 9
              9 14
              14 43
              ;
set F[129] := 7 29
              29 1
              1 27
              27 13
              13 22
              22 10
              10 15
              15 44
              ;
set F[130] := 7 20
              20 21
              21 8
              8 5
              5 11
              11 2
              2 17
              17 46
              ;
set F[131] := 7 29
              29 28
              28 12
              12 4
              4 3
              3 18
              18 47
              ;
set F[132] := 7 20
              20 21
              21 8
              8 5
              5 9
              9 14
              14 24
              24 19
              19 48
              ;
set F[133] := 7 20
              20 49
              ;
set F[134] := 7 29
              29 1
              1 27
              27 13
              13 22
              22 51
              ;
set F[135] := 7 20
              20 21
              21 8
              8 5
              5 9
              9 14
              14 25
              25 54
              ;
set F[136] := 7 29
              29 28
              28 12
              12 4
              4 6
              6 16
              16 26
              26 55
              ;
set F[137] := 7 29
              29 58
              ;
set F[138] := 8 5
              5 11
              11 2
              2 31
              ;
set F[139] := 8 5
              5 11
              11 2
              2 17
              17 18
              18 3
              3 32
              ;
set F[140] := 8 5
              5 11
              11 2
              2 17
              17 18
              18 3
              3 4
              4 33
              ;
set F[141] := 8 21
              21 20
              20 7
              7 29
              29 28
              28 12
              12 41
              ;
set F[142] := 8 5
              5 9
              9 14
              14 24
              24 23
              23 22
              22 13
              13 42
              ;
set F[143] := 8 5
              5 9
              9 14
              14 43
              ;
set F[144] := 8 5
              5 9
              9 14
              14 25
              25 15
              15 44
              ;
set F[145] := 8 5
              5 9
              9 14
              14 24
              24 19
              19 48
              ;
set F[146] := 8 21
              21 20
              20 49
              ;
set F[147] := 8 5
              5 9
              9 14
              14 24
              24 23
              23 22
              22 51
              ;
set F[148] := 8 5
              5 9
              9 14
              14 24
              24 19
              19 26
              26 55
              ;
set F[149] := 8 21
              21 20
              20 7
              7 29
              29 58
              ;
set F[150] := 9 5
              5 11
              11 2
              2 31
              ;
set F[151] := 9 5
              5 11
              11 2
              2 17
              17 18
              18 3
              3 32
              ;
set F[152] := 9 5
              5 11
              11 2
              2 17
              17 18
              18 3
              3 4
              4 33
              ;
set F[153] := 9 5
              5 8
              8 37
              ;
set F[154] := 9 5
              5 11
              11 2
              2 17
              17 18
              18 3
              3 4
              4 12
              12 41
              ;
set F[155] := 9 14
              14 24
              24 23
              23 22
              22 13
              13 42
              ;
set F[156] := 9 14
              14 43
              ;
set F[157] := 9 14
              14 25
              25 15
              15 44
              ;
set F[158] := 9 5
              5 11
              11 2
              2 17
              17 46
              ;
set F[159] := 9 5
              5 11
              11 2
              2 17
              17 18
              18 47
              ;
set F[160] := 9 14
              14 24
              24 19
              19 48
              ;
set F[161] := 9 5
              5 8
              8 21
              21 20
              20 49
              ;
set F[162] := 9 14
              14 24
              24 23
              23 22
              22 51
              ;
set F[163] := 9 14
              14 25
              25 54
              ;
set F[164] := 9 14
              14 24
              24 19
              19 26
              26 55
              ;
set F[165] := 9 5
              5 8
              8 21
              21 20
              20 7
              7 29
              29 58
              ;
set F[166] := 11 5
              5 8
              8 21
              21 20
              20 7
              7 29
              29 1
              1 30
              ;
set F[167] := 11 2
              2 31
              ;
set F[168] := 11 2
              2 17
              17 18
              18 3
              3 32
              ;
set F[169] := 11 2
              2 17
              17 18
              18 3
              3 4
              4 33
              ;
set F[170] := 11 5
              5 8
              8 37
              ;
set F[171] := 11 2
              2 17
              17 18
              18 3
              3 4
              4 12
              12 41
              ;
set F[172] := 11 5
              5 9
              9 14
              14 24
              24 23
              23 22
              22 13
              13 42
              ;
set F[173] := 11 5
              5 9
              9 14
              14 43
              ;
set F[174] := 11 5
              5 9
              9 14
              14 25
              25 15
              15 44
              ;
set F[175] := 11 2
              2 17
              17 46
              ;
set F[176] := 11 2
              2 17
              17 18
              18 47
              ;
set F[177] := 11 5
              5 9
              9 14
              14 24
              24 19
              19 48
              ;
set F[178] := 11 5
              5 8
              8 21
              21 20
              20 49
              ;
set F[179] := 11 5
              5 9
              9 14
              14 24
              24 23
              23 22
              22 51
              ;
set F[180] := 11 5
              5 9
              9 14
              14 24
              24 23
              23 52
              ;
set F[181] := 11 5
              5 9
              9 14
              14 25
              25 54
              ;
set F[182] := 11 5
              5 9
              9 14
              14 24
              24 19
              19 26
              26 55
              ;
set F[183] := 11 5
              5 8
              8 21
              21 20
              20 7
              7 29
              29 58
              ;
set F[184] := 12 28
              28 29
              29 1
              1 27
              27 13
              13 22
              22 51
              ;
set F[185] := 13 22
              22 51
              ;
set F[186] := 13 27
              27 1
              1 29
              29 58
              ;
set F[187] := 14 24
              24 19
              19 26
              26 16
              16 6
              6 4
              4 33
              ;
set F[188] := 14 9
              9 5
              5 8
              8 37
              ;
set F[189] := 14 24
              24 19
              19 26
              26 16
              16 6
              6 4
              4 12
              12 41
              ;
set F[190] := 14 24
              24 23
              23 22
              22 13
              13 42
              ;
set F[191] := 14 25
              25 15
              15 44
              ;
set F[192] := 14 24
              24 19
              19 48
              ;
set F[193] := 14 24
              24 23
              23 22
              22 51
              ;
set F[194] := 14 9
              9 5
              5 8
              8 21
              21 20
              20 7
              7 29
              29 58
              ;
set F[195] := 15 25
              25 14
              14 9
              9 5
              5 11
              11 2
              2 31
              ;
set F[196] := 15 25
              25 14
              14 9
              9 5
              5 11
              11 2
              2 17
              17 18
              18 3
              3 32
              ;
set F[197] := 15 25
              25 14
              14 24
              24 19
              19 26
              26 16
              16 6
              6 4
              4 33
              ;
set F[198] := 15 25
              25 14
              14 9
              9 5
              5 8
              8 37
              ;
set F[199] := 15 10
              10 22
              22 13
              13 27
              27 1
              1 29
              29 28
              28 12
              12 41
              ;
set F[200] := 15 10
              10 22
              22 13
              13 42
              ;
set F[201] := 15 25
              25 14
              14 43
              ;
set F[202] := 15 25
              25 14
              14 9
              9 5
              5 11
              11 2
              2 17
              17 46
              ;
set F[203] := 15 25
              25 14
              14 9
              9 5
              5 11
              11 2
              2 17
              17 18
              18 47
              ;
set F[204] := 15 25
              25 14
              14 24
              24 19
              19 48
              ;
set F[205] := 15 25
              25 14
              14 9
              9 5
              5 8
              8 21
              21 20
              20 49
              ;
set F[206] := 15 10
              10 22
              22 51
              ;
set F[207] := 15 25
              25 54
              ;
set F[208] := 15 25
              25 14
              14 24
              24 19
              19 26
              26 55
              ;
set F[209] := 15 10
              10 22
              22 13
              13 27
              27 1
              1 29
              29 58
              ;
set F[210] := 16 26
              26 19
              19 24
              24 23
              23 22
              22 51
              ;
set F[211] := 17 2
              2 31
              ;
set F[212] := 17 18
              18 3
              3 32
              ;
set F[213] := 17 18
              18 3
              3 4
              4 33
              ;
set F[214] := 17 2
              2 11
              11 5
              5 8
              8 37
              ;
set F[215] := 17 2
              2 11
              11 40
              ;
set F[216] := 17 18
              18 3
              3 4
              4 12
              12 41
              ;
set F[217] := 17 2
              2 11
              11 5
              5 9
              9 14
              14 24
              24 23
              23 22
              22 13
              13 42
              ;
set F[218] := 17 2
              2 11
              11 5
              5 9
              9 14
              14 43
              ;
set F[219] := 17 2
              2 11
              11 5
              5 9
              9 14
              14 25
              25 15
              15 44
              ;
set F[220] := 17 18
              18 47
              ;
set F[221] := 17 2
              2 11
              11 5
              5 9
              9 14
              14 24
              24 19
              19 48
              ;
set F[222] := 17 2
              2 11
              11 5
              5 8
              8 21
              21 20
              20 49
              ;
set F[223] := 17 2
              2 11
              11 5
              5 9
              9 14
              14 24
              24 23
              23 22
              22 51
              ;
set F[224] := 17 2
              2 11
              11 5
              5 9
              9 14
              14 25
              25 54
              ;
set F[225] := 17 18
              18 3
              3 4
              4 6
              6 16
              16 26
              26 55
              ;
set F[226] := 17 18
              18 3
              3 4
              4 12
              12 28
              28 29
              29 58
              ;
set F[227] := 18 17
              17 2
              2 31
              ;
set F[228] := 18 3
              3 32
              ;
set F[229] := 18 3
              3 4
              4 33
              ;
set F[230] := 18 17
              17 2
              2 11
              11 5
              5 8
              8 37
              ;
set F[231] := 18 3
              3 4
              4 12
              12 41
              ;
set F[232] := 18 3
              3 4
              4 12
              12 28
              28 29
              29 1
              1 27
              27 13
              13 42
              ;
set F[233] := 18 17
              17 2
              2 11
              11 5
              5 9
              9 14
              14 43
              ;
set F[234] := 18 17
              17 2
              2 11
              11 5
              5 9
              9 14
              14 25
              25 15
              15 44
              ;
set F[235] := 18 17
              17 46
              ;
set F[236] := 18 3
              3 4
              4 6
              6 16
              16 26
              26 19
              19 48
              ;
set F[237] := 18 3
              3 4
              4 12
              12 28
              28 29
              29 7
              7 20
              20 49
              ;
set F[238] := 18 3
              3 4
              4 12
              12 28
              28 29
              29 1
              1 27
              27 13
              13 22
              22 51
              ;
set F[239] := 18 17
              17 2
              2 11
              11 5
              5 9
              9 14
              14 25
              25 54
              ;
set F[240] := 18 3
              3 4
              4 6
              6 16
              16 26
              26 55
              ;
set F[241] := 18 3
              3 4
              4 12
              12 28
              28 29
              29 58
              ;
set F[242] := 19 24
              24 23
              23 22
              22 13
              13 27
              27 1
              1 30
              ;
set F[243] := 19 24
              24 14
              14 9
              9 5
              5 11
              11 2
              2 31
              ;
set F[244] := 19 26
              26 16
              16 6
              6 4
              4 3
              3 32
              ;
set F[245] := 19 26
              26 16
              16 6
              6 4
              4 33
              ;
set F[246] := 19 24
              24 14
              14 9
              9 5
              5 34
              ;
set F[247] := 19 26
              26 16
              16 6
              6 35
              ;
set F[248] := 19 26
              26 16
              16 6
              6 4
              4 12
              12 28
              28 29
              29 7
              7 36
              ;
set F[249] := 19 24
              24 14
              14 9
              9 5
              5 8
              8 37
              ;
set F[250] := 19 24
              24 14
              14 9
              9 5
              5 11
              11 40
              ;
set F[251] := 19 26
              26 16
              16 6
              6 4
              4 12
              12 41
              ;
set F[252] := 19 24
              24 23
              23 22
              22 13
              13 42
              ;
set F[253] := 19 24
              24 14
              14 43
              ;
set F[254] := 19 24
              24 14
              14 25
              25 15
              15 44
              ;
set F[255] := 19 26
              26 16
              16 45
              ;
set F[256] := 19 26
              26 16
              16 6
              6 4
              4 3
              3 18
              18 17
              17 46
              ;
set F[257] := 19 26
              26 16
              16 6
              6 4
              4 3
              3 18
              18 47
              ;
set F[258] := 19 24
              24 14
              14 9
              9 5
              5 8
              8 21
              21 20
              20 49
              ;
set F[259] := 19 24
              24 23
              23 22
              22 51
              ;
set F[260] := 19 24
              24 23
              23 52
              ;
set F[261] := 19 24
              24 14
              14 25
              25 54
              ;
set F[262] := 19 26
              26 55
              ;
set F[263] := 19 26
              26 16
              16 6
              6 4
              4 12
              12 28
              28 29
              29 58
              ;
set F[264] := 21 8
              8 5
              5 9
              9 14
              14 24
              24 23
              23 22
              22 51
              ;
set F[265] := 21 20
              20 7
              7 29
              29 58
              ;
set F[266] := 23 22
              22 51
              ;
set F[267] := 25 15
              15 10
              10 22
              22 51
              ;
set F[268] := 26 16
              16 6
              6 4
              4 12
              12 28
              28 29
              29 1
              1 30
              ;
set F[269] := 26 16
              16 6
              6 4
              4 3
              3 18
              18 17
              17 2
              2 31
              ;
set F[270] := 26 16
              16 6
              6 4
              4 3
              3 32
              ;
set F[271] := 26 16
              16 6
              6 4
              4 33
              ;
set F[272] := 26 19
              19 24
              24 14
              14 9
              9 5
              5 8
              8 37
              ;
set F[273] := 26 19
              19 24
              24 14
              14 9
              9 5
              5 11
              11 40
              ;
set F[274] := 26 16
              16 6
              6 4
              4 12
              12 41
              ;
set F[275] := 26 19
              19 24
              24 23
              23 22
              22 13
              13 42
              ;
set F[276] := 26 19
              19 24
              24 14
              14 43
              ;
set F[277] := 26 19
              19 24
              24 14
              14 25
              25 15
              15 44
              ;
set F[278] := 26 16
              16 6
              6 4
              4 3
              3 18
              18 17
              17 46
              ;
set F[279] := 26 16
              16 6
              6 4
              4 3
              3 18
              18 47
              ;
set F[280] := 26 19
              19 48
              ;
set F[281] := 26 16
              16 6
              6 4
              4 12
              12 28
              28 29
              29 7
              7 20
              20 49
              ;
set F[282] := 26 19
              19 24
              24 23
              23 22
              22 51
              ;
set F[283] := 26 19
              19 24
              24 23
              23 52
              ;
set F[284] := 26 19
              19 24
              24 14
              14 25
              25 54
              ;
set F[285] := 26 16
              16 6
              6 4
              4 12
              12 28
              28 29
              29 58
              ;
set F[286] := 27 1
              1 29
              29 7
              7 20
              20 21
              21 8
              8 5
              5 11
              11 2
              2 31
              ;
set F[287] := 27 1
              1 29
              29 28
              28 12
              12 4
              4 3
              3 32
              ;
set F[288] := 27 1
              1 29
              29 28
              28 12
              12 4
              4 33
              ;
set F[289] := 27 1
              1 29
              29 7
              7 20
              20 21
              21 8
              8 37
              ;
set F[290] := 27 1
              1 29
              29 28
              28 12
              12 41
              ;
set F[291] := 27 13
              13 42
              ;
set F[292] := 27 13
              13 22
              22 23
              23 24
              24 14
              14 43
              ;
set F[293] := 27 13
              13 22
              22 10
              10 15
              15 44
              ;
set F[294] := 27 1
              1 29
              29 28
              28 12
              12 4
              4 3
              3 18
              18 17
              17 46
              ;
set F[295] := 27 1
              1 29
              29 28
              28 12
              12 4
              4 3
              3 18
              18 47
              ;
set F[296] := 27 13
              13 22
              22 23
              23 24
              24 19
              19 48
              ;
set F[297] := 27 1
              1 29
              29 7
              7 20
              20 49
              ;
set F[298] := 27 13
              13 22
              22 51
              ;
set F[299] := 27 13
              13 22
              22 10
              10 15
              15 25
              25 54
              ;
set F[300] := 27 13
              13 22
              22 23
              23 24
              24 19
              19 26
              26 55
              ;
set F[301] := 27 1
              1 29
              29 58
              ;
set F[302] := 28 12
              12 4
              4 33
              ;
set F[303] := 28 29
              29 7
              7 20
              20 21
              21 8
              8 37
              ;
set F[304] := 28 12
              12 41
              ;
set F[305] := 28 29
              29 1
              1 27
              27 13
              13 42
              ;
set F[306] := 28 29
              29 1
              1 27
              27 13
              13 22
              22 10
              10 15
              15 44
              ;
set F[307] := 28 12
              12 4
              4 6
              6 16
              16 26
              26 19
              19 48
              ;
set F[308] := 28 29
              29 1
              1 27
              27 13
              13 22
              22 51
              ;
set F[309] := 28 29
              29 58
              ;
set F[310] := 29 7
              7 20
              20 21
              21 8
              8 5
              5 11
              11 2
              2 31
              ;
set F[311] := 29 28
              28 12
              12 4
              4 3
              3 32
              ;
set F[312] := 29 28
              28 12
              12 4
              4 33
              ;
set F[313] := 29 7
              7 20
              20 21
              21 8
              8 37
              ;
set F[314] := 29 7
              7 20
              20 21
              21 8
              8 5
              5 11
              11 40
              ;
set F[315] := 29 28
              28 12
              12 41
              ;
set F[316] := 29 1
              1 27
              27 13
              13 42
              ;
set F[317] := 29 1
              1 27
              27 13
              13 22
              22 23
              23 24
              24 14
              14 43
              ;
set F[318] := 29 1
              1 27
              27 13
              13 22
              22 10
              10 15
              15 44
              ;
set F[319] := 29 28
              28 12
              12 4
              4 3
              3 18
              18 17
              17 46
              ;
set F[320] := 29 28
              28 12
              12 4
              4 3
              3 18
              18 47
              ;
set F[321] := 29 1
              1 27
              27 13
              13 22
              22 23
              23 24
              24 19
              19 48
              ;
set F[322] := 29 7
              7 20
              20 49
              ;
set F[323] := 29 1
              1 27
              27 13
              13 22
              22 51
              ;
set F[324] := 29 1
              1 27
              27 13
              13 22
              22 10
              10 15
              15 25
              25 54
              ;
set F[325] := 29 28
              28 12
              12 4
              4 6
              6 16
              16 26
              26 55
              ;
set Last[1] := 2 31;
set Last[2] := 3 32;
set Last[3] := 4 33;
set Last[4] := 5 34;
set Last[5] := 6 35;
set Last[6] := 7 36;
set Last[7] := 8 37;
set Last[8] := 11 40;
set Last[9] := 12 41;
set Last[10] := 13 42;
set Last[11] := 14 43;
set Last[12] := 15 44;
set Last[13] := 16 45;
set Last[14] := 17 46;
set Last[15] := 18 47;
set Last[16] := 19 48;
set Last[17] := 20 49;
set Last[18] := 22 51;
set Last[19] := 23 52;
set Last[20] := 25 54;
set Last[21] := 26 55;
set Last[22] := 29 58;
set Last[23] := 1 30;
set Last[24] := 3 32;
set Last[25] := 4 33;
set Last[26] := 5 34;
set Last[27] := 6 35;
set Last[28] := 7 36;
set Last[29] := 8 37;
set Last[30] := 11 40;
set Last[31] := 12 41;
set Last[32] := 13 42;
set Last[33] := 14 43;
set Last[34] := 15 44;
set Last[35] := 16 45;
set Last[36] := 17 46;
set Last[37] := 18 47;
set Last[38] := 19 48;
set Last[39] := 20 49;
set Last[40] := 21 50;
set Last[41] := 22 51;
set Last[42] := 23 52;
set Last[43] := 25 54;
set Last[44] := 26 55;
set Last[45] := 29 58;
set Last[46] := 2 31;
set Last[47] := 4 33;
set Last[48] := 8 37;
set Last[49] := 11 40;
set Last[50] := 12 41;
set Last[51] := 13 42;
set Last[52] := 14 43;
set Last[53] := 15 44;
set Last[54] := 17 46;
set Last[55] := 18 47;
set Last[56] := 19 48;
set Last[57] := 20 49;
set Last[58] := 22 51;
set Last[59] := 23 52;
set Last[60] := 25 54;
set Last[61] := 26 55;
set Last[62] := 29 58;
set Last[63] := 1 30;
set Last[64] := 2 31;
set Last[65] := 3 32;
set Last[66] := 5 34;
set Last[67] := 6 35;
set Last[68] := 7 36;
set Last[69] := 8 37;
set Last[70] := 10 39;
set Last[71] := 11 40;
set Last[72] := 12 41;
set Last[73] := 13 42;
set Last[74] := 14 43;
set Last[75] := 15 44;
set Last[76] := 16 45;
set Last[77] := 17 46;
set Last[78] := 18 47;
set Last[79] := 19 48;
set Last[80] := 20 49;
set Last[81] := 21 50;
set Last[82] := 22 51;
set Last[83] := 23 52;
set Last[84] := 25 54;
set Last[85] := 26 55;
set Last[86] := 29 58;
set Last[87] := 2 31;
set Last[88] := 3 32;
set Last[89] := 4 33;
set Last[90] := 8 37;
set Last[91] := 12 41;
set Last[92] := 13 42;
set Last[93] := 14 43;
set Last[94] := 15 44;
set Last[95] := 19 48;
set Last[96] := 20 49;
set Last[97] := 22 51;
set Last[98] := 26 55;
set Last[99] := 29 58;
set Last[100] := 1 30;
set Last[101] := 2 31;
set Last[102] := 3 32;
set Last[103] := 4 33;
set Last[104] := 5 34;
set Last[105] := 7 36;
set Last[106] := 8 37;
set Last[107] := 11 40;
set Last[108] := 12 41;
set Last[109] := 13 42;
set Last[110] := 14 43;
set Last[111] := 15 44;
set Last[112] := 16 45;
set Last[113] := 17 46;
set Last[114] := 18 47;
set Last[115] := 19 48;
set Last[116] := 20 49;
set Last[117] := 22 51;
set Last[118] := 23 52;
set Last[119] := 25 54;
set Last[120] := 26 55;
set Last[121] := 29 58;
set Last[122] := 2 31;
set Last[123] := 3 32;
set Last[124] := 4 33;
set Last[125] := 8 37;
set Last[126] := 12 41;
set Last[127] := 13 42;
set Last[128] := 14 43;
set Last[129] := 15 44;
set Last[130] := 17 46;
set Last[131] := 18 47;
set Last[132] := 19 48;
set Last[133] := 20 49;
set Last[134] := 22 51;
set Last[135] := 25 54;
set Last[136] := 26 55;
set Last[137] := 29 58;
set Last[138] := 2 31;
set Last[139] := 3 32;
set Last[140] := 4 33;
set Last[141] := 12 41;
set Last[142] := 13 42;
set Last[143] := 14 43;
set Last[144] := 15 44;
set Last[145] := 19 48;
set Last[146] := 20 49;
set Last[147] := 22 51;
set Last[148] := 26 55;
set Last[149] := 29 58;
set Last[150] := 2 31;
set Last[151] := 3 32;
set Last[152] := 4 33;
set Last[153] := 8 37;
set Last[154] := 12 41;
set Last[155] := 13 42;
set Last[156] := 14 43;
set Last[157] := 15 44;
set Last[158] := 17 46;
set Last[159] := 18 47;
set Last[160] := 19 48;
set Last[161] := 20 49;
set Last[162] := 22 51;
set Last[163] := 25 54;
set Last[164] := 26 55;
set Last[165] := 29 58;
set Last[166] := 1 30;
set Last[167] := 2 31;
set Last[168] := 3 32;
set Last[169] := 4 33;
set Last[170] := 8 37;
set Last[171] := 12 41;
set Last[172] := 13 42;
set Last[173] := 14 43;
set Last[174] := 15 44;
set Last[175] := 17 46;
set Last[176] := 18 47;
set Last[177] := 19 48;
set Last[178] := 20 49;
set Last[179] := 22 51;
set Last[180] := 23 52;
set Last[181] := 25 54;
set Last[182] := 26 55;
set Last[183] := 29 58;
set Last[184] := 22 51;
set Last[185] := 22 51;
set Last[186] := 29 58;
set Last[187] := 4 33;
set Last[188] := 8 37;
set Last[189] := 12 41;
set Last[190] := 13 42;
set Last[191] := 15 44;
set Last[192] := 19 48;
set Last[193] := 22 51;
set Last[194] := 29 58;
set Last[195] := 2 31;
set Last[196] := 3 32;
set Last[197] := 4 33;
set Last[198] := 8 37;
set Last[199] := 12 41;
set Last[200] := 13 42;
set Last[201] := 14 43;
set Last[202] := 17 46;
set Last[203] := 18 47;
set Last[204] := 19 48;
set Last[205] := 20 49;
set Last[206] := 22 51;
set Last[207] := 25 54;
set Last[208] := 26 55;
set Last[209] := 29 58;
set Last[210] := 22 51;
set Last[211] := 2 31;
set Last[212] := 3 32;
set Last[213] := 4 33;
set Last[214] := 8 37;
set Last[215] := 11 40;
set Last[216] := 12 41;
set Last[217] := 13 42;
set Last[218] := 14 43;
set Last[219] := 15 44;
set Last[220] := 18 47;
set Last[221] := 19 48;
set Last[222] := 20 49;
set Last[223] := 22 51;
set Last[224] := 25 54;
set Last[225] := 26 55;
set Last[226] := 29 58;
set Last[227] := 2 31;
set Last[228] := 3 32;
set Last[229] := 4 33;
set Last[230] := 8 37;
set Last[231] := 12 41;
set Last[232] := 13 42;
set Last[233] := 14 43;
set Last[234] := 15 44;
set Last[235] := 17 46;
set Last[236] := 19 48;
set Last[237] := 20 49;
set Last[238] := 22 51;
set Last[239] := 25 54;
set Last[240] := 26 55;
set Last[241] := 29 58;
set Last[242] := 1 30;
set Last[243] := 2 31;
set Last[244] := 3 32;
set Last[245] := 4 33;
set Last[246] := 5 34;
set Last[247] := 6 35;
set Last[248] := 7 36;
set Last[249] := 8 37;
set Last[250] := 11 40;
set Last[251] := 12 41;
set Last[252] := 13 42;
set Last[253] := 14 43;
set Last[254] := 15 44;
set Last[255] := 16 45;
set Last[256] := 17 46;
set Last[257] := 18 47;
set Last[258] := 20 49;
set Last[259] := 22 51;
set Last[260] := 23 52;
set Last[261] := 25 54;
set Last[262] := 26 55;
set Last[263] := 29 58;
set Last[264] := 22 51;
set Last[265] := 29 58;
set Last[266] := 22 51;
set Last[267] := 22 51;
set Last[268] := 1 30;
set Last[269] := 2 31;
set Last[270] := 3 32;
set Last[271] := 4 33;
set Last[272] := 8 37;
set Last[273] := 11 40;
set Last[274] := 12 41;
set Last[275] := 13 42;
set Last[276] := 14 43;
set Last[277] := 15 44;
set Last[278] := 17 46;
set Last[279] := 18 47;
set Last[280] := 19 48;
set Last[281] := 20 49;
set Last[282] := 22 51;
set Last[283] := 23 52;
set Last[284] := 25 54;
set Last[285] := 29 58;
set Last[286] := 2 31;
set Last[287] := 3 32;
set Last[288] := 4 33;
set Last[289] := 8 37;
set Last[290] := 12 41;
set Last[291] := 13 42;
set Last[292] := 14 43;
set Last[293] := 15 44;
set Last[294] := 17 46;
set Last[295] := 18 47;
set Last[296] := 19 48;
set Last[297] := 20 49;
set Last[298] := 22 51;
set Last[299] := 25 54;
set Last[300] := 26 55;
set Last[301] := 29 58;
set Last[302] := 4 33;
set Last[303] := 8 37;
set Last[304] := 12 41;
set Last[305] := 13 42;
set Last[306] := 15 44;
set Last[307] := 19 48;
set Last[308] := 22 51;
set Last[309] := 29 58;
set Last[310] := 2 31;
set Last[311] := 3 32;
set Last[312] := 4 33;
set Last[313] := 8 37;
set Last[314] := 11 40;
set Last[315] := 12 41;
set Last[316] := 13 42;
set Last[317] := 14 43;
set Last[318] := 15 44;
set Last[319] := 17 46;
set Last[320] := 18 47;
set Last[321] := 19 48;
set Last[322] := 20 49;
set Last[323] := 22 51;
set Last[324] := 25 54;
set Last[325] := 26 55;

param q := 5;

end;
