data;

set V := 1 2 3 4 5 6 7 8 9 10 11 12 13 14 15 16 17 18 19 20 21 23 24 25 26 27 28 29 30 31 32 33 34 35 36 37 38 39 40 41 42;

set A := 1 4
         1 15
         2 7
         2 23
         3 4
         3 13
         3 24
         4 1
         4 3
         4 25
         5 6
         5 8
         5 26
         6 5
         6 9
         6 27
         7 2
         7 8
         7 13
         7 28
         8 5
         8 7
         8 29
         9 6
         9 10
         9 30
         10 9
         10 17
         10 31
         11 16
         11 18
         11 32
         12 13
         12 17
         12 21
         12 33
         13 3
         13 7
         13 12
         13 34
         14 35
         15 1
         15 14
         15 16
         15 36
         16 11
         16 15
         16 37
         17 10
         17 12
         17 38
         18 11
         18 19
         18 39
         19 18
         19 20
         19 40
         20 19
         20 21
         20 41
         21 12
         21 20
         21 42
         ;

set S := 1 2 3 4 5 6 7 8 9 10 11 12 13 14 15 16 17 18 19 20 21 22 23 24 25 26 27 28 29 30 31 32 33 34 35 36 37 38 39 40 41 42 43 44 45 46 47 48 49 50 51 52 53 54 55 56 57 58 59 60 61 62 63 64 65 66 67 68 69 70 71 72 73 74 75 76 77 78 79 80 81 82 83 84 85 86 87 88 89 90 91 92 93 94 95 96 97 98 99 100 101 102 103 104 105 106 107 108 109 110 111 112 113 114 115 116 117 118 119 120 121 122 123 124 125 126 127 128 129 130 131 132 133 134 135 136 137 138 139 140 141 142 143 144 145 146 147 148 149 150 151 152 153 154 155 156 157 158 159 160 161 162 163 164 165 166 167 168 169 170 171 172 173 174 175 176 177 178 179 180 181 182 183 184 185 186 187 188 189 190 191 192 193 194 195 196 197 198 199 200 201 202 203 204 205 206 207 208 209 210 211 212 213 214 215 216 217 218 219 220 221 222 223 224 225 226 227 228 229 230 231 232 233 234 235 236 237 238 239 240 241 242 243 244 245 246 247 248 249 250 251 252;

set F[1] := 1 4
            4 3
            3 24
            ;
set F[2] := 1 4
            4 25
            ;
set F[3] := 1 4
            4 3
            3 13
            13 7
            7 8
            8 5
            5 26
            ;
set F[4] := 1 4
            4 3
            3 13
            13 7
            7 8
            8 29
            ;
set F[5] := 1 4
            4 3
            3 13
            13 12
            12 17
            17 10
            10 9
            9 30
            ;
set F[6] := 1 4
            4 3
            3 13
            13 12
            12 17
            17 10
            10 31
            ;
set F[7] := 1 15
            15 16
            16 11
            11 32
            ;
set F[8] := 1 4
            4 3
            3 13
            13 12
            12 33
            ;
set F[9] := 1 4
            4 3
            3 13
            13 34
            ;
set F[10] := 1 15
             15 36
             ;
set F[11] := 1 15
             15 16
             16 37
             ;
set F[12] := 1 15
             15 16
             16 11
             11 18
             18 39
             ;
set F[13] := 1 15
             15 16
             16 11
             11 18
             18 19
             19 40
             ;
set F[14] := 1 4
             4 3
             3 13
             13 12
             12 21
             21 20
             20 41
             ;
set F[15] := 1 4
             4 3
             3 13
             13 12
             12 21
             21 42
             ;
set F[16] := 2 7
             7 13
             13 3
             3 24
             ;
set F[17] := 2 7
             7 13
             13 3
             3 4
             4 25
             ;
set F[18] := 2 7
             7 8
             8 5
             5 26
             ;
set F[19] := 2 7
             7 8
             8 5
             5 6
             6 9
             9 30
             ;
set F[20] := 2 7
             7 13
             13 12
             12 17
             17 10
             10 31
             ;
set F[21] := 2 7
             7 13
             13 3
             3 4
             4 1
             1 15
             15 16
             16 11
             11 32
             ;
set F[22] := 2 7
             7 13
             13 12
             12 33
             ;
set F[23] := 2 7
             7 13
             13 34
             ;
set F[24] := 2 7
             7 13
             13 3
             3 4
             4 1
             1 15
             15 36
             ;
set F[25] := 2 7
             7 13
             13 3
             3 4
             4 1
             1 15
             15 16
             16 37
             ;
set F[26] := 2 7
             7 13
             13 12
             12 21
             21 20
             20 19
             19 18
             18 39
             ;
set F[27] := 2 7
             7 13
             13 12
             12 21
             21 20
             20 19
             19 40
             ;
set F[28] := 2 7
             7 13
             13 12
             12 21
             21 20
             20 41
             ;
set F[29] := 2 7
             7 13
             13 12
             12 21
             21 42
             ;
set F[30] := 3 4
             4 25
             ;
set F[31] := 3 13
             13 7
             7 8
             8 5
             5 26
             ;
set F[32] := 3 13
             13 12
             12 17
             17 10
             10 9
             9 30
             ;
set F[33] := 3 13
             13 12
             12 17
             17 10
             10 31
             ;
set F[34] := 3 4
             4 1
             1 15
             15 16
             16 11
             11 32
             ;
set F[35] := 3 13
             13 12
             12 33
             ;
set F[36] := 3 4
             4 1
             1 15
             15 16
             16 11
             11 18
             18 39
             ;
set F[37] := 4 3
             3 24
             ;
set F[38] := 4 3
             3 13
             13 7
             7 8
             8 5
             5 26
             ;
set F[39] := 4 3
             3 13
             13 7
             7 8
             8 29
             ;
set F[40] := 4 3
             3 13
             13 12
             12 17
             17 10
             10 9
             9 30
             ;
set F[41] := 4 3
             3 13
             13 12
             12 17
             17 10
             10 31
             ;
set F[42] := 4 1
             1 15
             15 16
             16 11
             11 32
             ;
set F[43] := 4 3
             3 13
             13 12
             12 33
             ;
set F[44] := 4 3
             3 13
             13 34
             ;
set F[45] := 4 1
             1 15
             15 36
             ;
set F[46] := 4 1
             1 15
             15 16
             16 37
             ;
set F[47] := 4 1
             1 15
             15 16
             16 11
             11 18
             18 39
             ;
set F[48] := 4 1
             1 15
             15 16
             16 11
             11 18
             18 19
             19 40
             ;
set F[49] := 4 3
             3 13
             13 12
             12 21
             21 20
             20 41
             ;
set F[50] := 4 3
             3 13
             13 12
             12 21
             21 42
             ;
set F[51] := 5 8
             8 7
             7 13
             13 3
             3 24
             ;
set F[52] := 5 8
             8 7
             7 13
             13 3
             3 4
             4 25
             ;
set F[53] := 5 8
             8 29
             ;
set F[54] := 5 6
             6 9
             9 30
             ;
set F[55] := 5 6
             6 9
             9 10
             10 31
             ;
set F[56] := 5 8
             8 7
             7 13
             13 3
             3 4
             4 1
             1 15
             15 16
             16 11
             11 32
             ;
set F[57] := 5 8
             8 7
             7 13
             13 12
             12 33
             ;
set F[58] := 5 8
             8 7
             7 13
             13 34
             ;
set F[59] := 5 8
             8 7
             7 13
             13 3
             3 4
             4 1
             1 15
             15 36
             ;
set F[60] := 5 8
             8 7
             7 13
             13 3
             3 4
             4 1
             1 15
             15 16
             16 37
             ;
set F[61] := 5 8
             8 7
             7 13
             13 12
             12 21
             21 20
             20 19
             19 18
             18 39
             ;
set F[62] := 5 8
             8 7
             7 13
             13 12
             12 21
             21 20
             20 19
             19 40
             ;
set F[63] := 5 8
             8 7
             7 13
             13 12
             12 21
             21 20
             20 41
             ;
set F[64] := 5 8
             8 7
             7 13
             13 12
             12 21
             21 42
             ;
set F[65] := 6 5
             5 8
             8 7
             7 2
             2 23
             ;
set F[66] := 6 5
             5 8
             8 7
             7 13
             13 3
             3 24
             ;
set F[67] := 6 5
             5 8
             8 7
             7 13
             13 3
             3 4
             4 25
             ;
set F[68] := 6 5
             5 26
             ;
set F[69] := 6 5
             5 8
             8 7
             7 28
             ;
set F[70] := 6 5
             5 8
             8 29
             ;
set F[71] := 6 9
             9 30
             ;
set F[72] := 6 9
             9 10
             10 31
             ;
set F[73] := 6 9
             9 10
             10 17
             17 12
             12 21
             21 20
             20 19
             19 18
             18 11
             11 32
             ;
set F[74] := 6 9
             9 10
             10 17
             17 12
             12 33
             ;
set F[75] := 6 5
             5 8
             8 7
             7 13
             13 34
             ;
set F[76] := 6 5
             5 8
             8 7
             7 13
             13 3
             3 4
             4 1
             1 15
             15 14
             14 35
             ;
set F[77] := 6 5
             5 8
             8 7
             7 13
             13 3
             3 4
             4 1
             1 15
             15 36
             ;
set F[78] := 6 5
             5 8
             8 7
             7 13
             13 3
             3 4
             4 1
             1 15
             15 16
             16 37
             ;
set F[79] := 6 9
             9 10
             10 17
             17 38
             ;
set F[80] := 6 9
             9 10
             10 17
             17 12
             12 21
             21 20
             20 19
             19 18
             18 39
             ;
set F[81] := 6 9
             9 10
             10 17
             17 12
             12 21
             21 20
             20 19
             19 40
             ;
set F[82] := 6 9
             9 10
             10 17
             17 12
             12 21
             21 20
             20 41
             ;
set F[83] := 6 9
             9 10
             10 17
             17 12
             12 21
             21 42
             ;
set F[84] := 7 2
             2 23
             ;
set F[85] := 7 13
             13 3
             3 24
             ;
set F[86] := 7 13
             13 3
             3 4
             4 25
             ;
set F[87] := 7 8
             8 5
             5 26
             ;
set F[88] := 7 8
             8 29
             ;
set F[89] := 7 8
             8 5
             5 6
             6 9
             9 30
             ;
set F[90] := 7 13
             13 12
             12 17
             17 10
             10 31
             ;
set F[91] := 7 13
             13 3
             3 4
             4 1
             1 15
             15 16
             16 11
             11 32
             ;
set F[92] := 7 13
             13 12
             12 33
             ;
set F[93] := 7 13
             13 34
             ;
set F[94] := 7 13
             13 3
             3 4
             4 1
             1 15
             15 36
             ;
set F[95] := 7 13
             13 3
             3 4
             4 1
             1 15
             15 16
             16 37
             ;
set F[96] := 7 13
             13 12
             12 21
             21 20
             20 19
             19 18
             18 39
             ;
set F[97] := 7 13
             13 12
             12 21
             21 20
             20 19
             19 40
             ;
set F[98] := 7 13
             13 12
             12 21
             21 20
             20 41
             ;
set F[99] := 7 13
             13 12
             12 21
             21 42
             ;
set F[100] := 8 7
              7 13
              13 3
              3 24
              ;
set F[101] := 8 7
              7 13
              13 3
              3 4
              4 25
              ;
set F[102] := 8 5
              5 26
              ;
set F[103] := 8 5
              5 6
              6 9
              9 30
              ;
set F[104] := 8 5
              5 6
              6 9
              9 10
              10 31
              ;
set F[105] := 8 7
              7 13
              13 3
              3 4
              4 1
              1 15
              15 16
              16 11
              11 32
              ;
set F[106] := 8 7
              7 13
              13 12
              12 33
              ;
set F[107] := 8 7
              7 13
              13 34
              ;
set F[108] := 8 7
              7 13
              13 3
              3 4
              4 1
              1 15
              15 36
              ;
set F[109] := 8 7
              7 13
              13 3
              3 4
              4 1
              1 15
              15 16
              16 37
              ;
set F[110] := 8 7
              7 13
              13 12
              12 21
              21 20
              20 19
              19 18
              18 39
              ;
set F[111] := 8 7
              7 13
              13 12
              12 21
              21 20
              20 19
              19 40
              ;
set F[112] := 8 7
              7 13
              13 12
              12 21
              21 20
              20 41
              ;
set F[113] := 8 7
              7 13
              13 12
              12 21
              21 42
              ;
set F[114] := 9 6
              6 5
              5 8
              8 7
              7 2
              2 23
              ;
set F[115] := 9 10
              10 17
              17 12
              12 13
              13 3
              3 24
              ;
set F[116] := 9 10
              10 17
              17 12
              12 13
              13 3
              3 4
              4 25
              ;
set F[117] := 9 6
              6 5
              5 26
              ;
set F[118] := 9 6
              6 5
              5 8
              8 29
              ;
set F[119] := 9 10
              10 31
              ;
set F[120] := 9 10
              10 17
              17 12
              12 21
              21 20
              20 19
              19 18
              18 11
              11 32
              ;
set F[121] := 9 10
              10 17
              17 12
              12 33
              ;
set F[122] := 9 10
              10 17
              17 12
              12 13
              13 34
              ;
set F[123] := 9 10
              10 17
              17 12
              12 13
              13 3
              3 4
              4 1
              1 15
              15 36
              ;
set F[124] := 9 10
              10 17
              17 12
              12 21
              21 20
              20 19
              19 18
              18 11
              11 16
              16 37
              ;
set F[125] := 9 10
              10 17
              17 12
              12 21
              21 20
              20 19
              19 18
              18 39
              ;
set F[126] := 9 10
              10 17
              17 12
              12 21
              21 20
              20 19
              19 40
              ;
set F[127] := 9 10
              10 17
              17 12
              12 21
              21 20
              20 41
              ;
set F[128] := 9 10
              10 17
              17 12
              12 21
              21 42
              ;
set F[129] := 10 17
              17 12
              12 33
              ;
set F[130] := 11 18
              18 19
              19 20
              20 21
              21 12
              12 13
              13 7
              7 2
              2 23
              ;
set F[131] := 11 16
              16 15
              15 1
              1 4
              4 3
              3 24
              ;
set F[132] := 11 16
              16 15
              15 1
              1 4
              4 25
              ;
set F[133] := 11 18
              18 19
              19 20
              20 21
              21 12
              12 13
              13 7
              7 8
              8 5
              5 26
              ;
set F[134] := 11 18
              18 19
              19 20
              20 21
              21 12
              12 17
              17 10
              10 9
              9 6
              6 27
              ;
set F[135] := 11 18
              18 19
              19 20
              20 21
              21 12
              12 13
              13 7
              7 28
              ;
set F[136] := 11 18
              18 19
              19 20
              20 21
              21 12
              12 13
              13 7
              7 8
              8 29
              ;
set F[137] := 11 18
              18 19
              19 20
              20 21
              21 12
              12 17
              17 10
              10 9
              9 30
              ;
set F[138] := 11 18
              18 19
              19 20
              20 21
              21 12
              12 17
              17 10
              10 31
              ;
set F[139] := 11 18
              18 19
              19 20
              20 21
              21 12
              12 33
              ;
set F[140] := 11 18
              18 19
              19 20
              20 21
              21 12
              12 13
              13 34
              ;
set F[141] := 11 16
              16 15
              15 14
              14 35
              ;
set F[142] := 11 16
              16 15
              15 36
              ;
set F[143] := 11 16
              16 37
              ;
set F[144] := 11 18
              18 19
              19 20
              20 21
              21 12
              12 17
              17 38
              ;
set F[145] := 11 18
              18 39
              ;
set F[146] := 11 18
              18 19
              19 40
              ;
set F[147] := 11 18
              18 19
              19 20
              20 41
              ;
set F[148] := 11 18
              18 19
              19 20
              20 21
              21 42
              ;
set F[149] := 12 13
              13 7
              7 8
              8 5
              5 26
              ;
set F[150] := 12 17
              17 10
              10 9
              9 30
              ;
set F[151] := 12 17
              17 10
              10 31
              ;
set F[152] := 12 21
              21 20
              20 19
              19 18
              18 39
              ;
set F[153] := 13 7
              7 2
              2 23
              ;
set F[154] := 13 3
              3 24
              ;
set F[155] := 13 3
              3 4
              4 25
              ;
set F[156] := 13 7
              7 8
              8 5
              5 26
              ;
set F[157] := 13 7
              7 8
              8 5
              5 6
              6 27
              ;
set F[158] := 13 7
              7 28
              ;
set F[159] := 13 7
              7 8
              8 29
              ;
set F[160] := 13 12
              12 17
              17 10
              10 9
              9 30
              ;
set F[161] := 13 12
              12 17
              17 10
              10 31
              ;
set F[162] := 13 3
              3 4
              4 1
              1 15
              15 16
              16 11
              11 32
              ;
set F[163] := 13 12
              12 33
              ;
set F[164] := 13 3
              3 4
              4 1
              1 15
              15 14
              14 35
              ;
set F[165] := 13 3
              3 4
              4 1
              1 15
              15 36
              ;
set F[166] := 13 3
              3 4
              4 1
              1 15
              15 16
              16 37
              ;
set F[167] := 13 12
              12 17
              17 38
              ;
set F[168] := 13 12
              12 21
              21 20
              20 19
              19 18
              18 39
              ;
set F[169] := 13 12
              12 21
              21 20
              20 19
              19 40
              ;
set F[170] := 13 12
              12 21
              21 20
              20 41
              ;
set F[171] := 13 12
              12 21
              21 42
              ;
set F[172] := 15 1
              1 4
              4 3
              3 13
              13 7
              7 2
              2 23
              ;
set F[173] := 15 1
              1 4
              4 3
              3 24
              ;
set F[174] := 15 1
              1 4
              4 25
              ;
set F[175] := 15 1
              1 4
              4 3
              3 13
              13 7
              7 8
              8 5
              5 26
              ;
set F[176] := 15 1
              1 4
              4 3
              3 13
              13 7
              7 8
              8 29
              ;
set F[177] := 15 1
              1 4
              4 3
              3 13
              13 12
              12 17
              17 10
              10 9
              9 30
              ;
set F[178] := 15 1
              1 4
              4 3
              3 13
              13 12
              12 17
              17 10
              10 31
              ;
set F[179] := 15 16
              16 11
              11 32
              ;
set F[180] := 15 1
              1 4
              4 3
              3 13
              13 12
              12 33
              ;
set F[181] := 15 1
              1 4
              4 3
              3 13
              13 34
              ;
set F[182] := 15 16
              16 37
              ;
set F[183] := 15 16
              16 11
              11 18
              18 39
              ;
set F[184] := 15 16
              16 11
              11 18
              18 19
              19 40
              ;
set F[185] := 15 16
              16 11
              11 18
              18 19
              19 20
              20 41
              ;
set F[186] := 15 1
              1 4
              4 3
              3 13
              13 12
              12 21
              21 42
              ;
set F[187] := 16 11
              11 18
              18 19
              19 20
              20 21
              21 12
              12 33
              ;
set F[188] := 17 12
              12 13
              13 7
              7 2
              2 23
              ;
set F[189] := 17 12
              12 13
              13 3
              3 24
              ;
set F[190] := 17 12
              12 13
              13 3
              3 4
              4 25
              ;
set F[191] := 17 10
              10 9
              9 6
              6 5
              5 26
              ;
set F[192] := 17 10
              10 9
              9 6
              6 27
              ;
set F[193] := 17 12
              12 13
              13 7
              7 28
              ;
set F[194] := 17 12
              12 13
              13 7
              7 8
              8 29
              ;
set F[195] := 17 10
              10 9
              9 30
              ;
set F[196] := 17 10
              10 31
              ;
set F[197] := 17 12
              12 21
              21 20
              20 19
              19 18
              18 11
              11 32
              ;
set F[198] := 17 12
              12 33
              ;
set F[199] := 17 12
              12 13
              13 34
              ;
set F[200] := 17 12
              12 13
              13 3
              3 4
              4 1
              1 15
              15 14
              14 35
              ;
set F[201] := 17 12
              12 13
              13 3
              3 4
              4 1
              1 15
              15 36
              ;
set F[202] := 17 12
              12 21
              21 20
              20 19
              19 18
              18 11
              11 16
              16 37
              ;
set F[203] := 17 12
              12 21
              21 20
              20 19
              19 18
              18 39
              ;
set F[204] := 17 12
              12 21
              21 20
              20 19
              19 40
              ;
set F[205] := 17 12
              12 21
              21 20
              20 41
              ;
set F[206] := 17 12
              12 21
              21 42
              ;
set F[207] := 18 19
              19 20
              20 21
              21 12
              12 13
              13 7
              7 2
              2 23
              ;
set F[208] := 18 11
              11 16
              16 15
              15 1
              1 4
              4 3
              3 24
              ;
set F[209] := 18 11
              11 16
              16 15
              15 1
              1 4
              4 25
              ;
set F[210] := 18 19
              19 20
              20 21
              21 12
              12 13
              13 7
              7 8
              8 5
              5 26
              ;
set F[211] := 18 19
              19 20
              20 21
              21 12
              12 13
              13 7
              7 8
              8 29
              ;
set F[212] := 18 19
              19 20
              20 21
              21 12
              12 17
              17 10
              10 9
              9 30
              ;
set F[213] := 18 19
              19 20
              20 21
              21 12
              12 17
              17 10
              10 31
              ;
set F[214] := 18 11
              11 32
              ;
set F[215] := 18 19
              19 20
              20 21
              21 12
              12 33
              ;
set F[216] := 18 19
              19 20
              20 21
              21 12
              12 13
              13 34
              ;
set F[217] := 18 11
              11 16
              16 15
              15 36
              ;
set F[218] := 18 11
              11 16
              16 37
              ;
set F[219] := 18 19
              19 40
              ;
set F[220] := 18 19
              19 20
              20 41
              ;
set F[221] := 18 19
              19 20
              20 21
              21 42
              ;
set F[222] := 19 20
              20 21
              21 12
              12 13
              13 3
              3 24
              ;
set F[223] := 19 18
              18 11
              11 16
              16 15
              15 1
              1 4
              4 25
              ;
set F[224] := 19 20
              20 21
              21 12
              12 13
              13 7
              7 8
              8 5
              5 26
              ;
set F[225] := 19 20
              20 21
              21 12
              12 17
              17 10
              10 9
              9 30
              ;
set F[226] := 19 20
              20 21
              21 12
              12 17
              17 10
              10 31
              ;
set F[227] := 19 18
              18 11
              11 32
              ;
set F[228] := 19 20
              20 21
              21 12
              12 33
              ;
set F[229] := 19 20
              20 21
              21 12
              12 13
              13 34
              ;
set F[230] := 19 18
              18 11
              11 16
              16 15
              15 36
              ;
set F[231] := 19 18
              18 11
              11 16
              16 37
              ;
set F[232] := 19 18
              18 39
              ;
set F[233] := 19 20
              20 21
              21 42
              ;
set F[234] := 21 12
              12 13
              13 7
              7 2
              2 23
              ;
set F[235] := 21 12
              12 13
              13 3
              3 24
              ;
set F[236] := 21 12
              12 13
              13 3
              3 4
              4 25
              ;
set F[237] := 21 12
              12 13
              13 7
              7 8
              8 5
              5 26
              ;
set F[238] := 21 12
              12 17
              17 10
              10 9
              9 6
              6 27
              ;
set F[239] := 21 12
              12 13
              13 7
              7 28
              ;
set F[240] := 21 12
              12 13
              13 7
              7 8
              8 29
              ;
set F[241] := 21 12
              12 17
              17 10
              10 9
              9 30
              ;
set F[242] := 21 12
              12 17
              17 10
              10 31
              ;
set F[243] := 21 20
              20 19
              19 18
              18 11
              11 32
              ;
set F[244] := 21 12
              12 33
              ;
set F[245] := 21 12
              12 13
              13 34
              ;
set F[246] := 21 12
              12 13
              13 3
              3 4
              4 1
              1 15
              15 14
              14 35
              ;
set F[247] := 21 12
              12 13
              13 3
              3 4
              4 1
              1 15
              15 36
              ;
set F[248] := 21 20
              20 19
              19 18
              18 11
              11 16
              16 37
              ;
set F[249] := 21 12
              12 17
              17 38
              ;
set F[250] := 21 20
              20 19
              19 18
              18 39
              ;
set F[251] := 21 20
              20 19
              19 40
              ;
set F[252] := 21 20
              20 41
              ;
set Last[1] := 3 24;
set Last[2] := 4 25;
set Last[3] := 5 26;
set Last[4] := 8 29;
set Last[5] := 9 30;
set Last[6] := 10 31;
set Last[7] := 11 32;
set Last[8] := 12 33;
set Last[9] := 13 34;
set Last[10] := 15 36;
set Last[11] := 16 37;
set Last[12] := 18 39;
set Last[13] := 19 40;
set Last[14] := 20 41;
set Last[15] := 21 42;
set Last[16] := 3 24;
set Last[17] := 4 25;
set Last[18] := 5 26;
set Last[19] := 9 30;
set Last[20] := 10 31;
set Last[21] := 11 32;
set Last[22] := 12 33;
set Last[23] := 13 34;
set Last[24] := 15 36;
set Last[25] := 16 37;
set Last[26] := 18 39;
set Last[27] := 19 40;
set Last[28] := 20 41;
set Last[29] := 21 42;
set Last[30] := 4 25;
set Last[31] := 5 26;
set Last[32] := 9 30;
set Last[33] := 10 31;
set Last[34] := 11 32;
set Last[35] := 12 33;
set Last[36] := 18 39;
set Last[37] := 3 24;
set Last[38] := 5 26;
set Last[39] := 8 29;
set Last[40] := 9 30;
set Last[41] := 10 31;
set Last[42] := 11 32;
set Last[43] := 12 33;
set Last[44] := 13 34;
set Last[45] := 15 36;
set Last[46] := 16 37;
set Last[47] := 18 39;
set Last[48] := 19 40;
set Last[49] := 20 41;
set Last[50] := 21 42;
set Last[51] := 3 24;
set Last[52] := 4 25;
set Last[53] := 8 29;
set Last[54] := 9 30;
set Last[55] := 10 31;
set Last[56] := 11 32;
set Last[57] := 12 33;
set Last[58] := 13 34;
set Last[59] := 15 36;
set Last[60] := 16 37;
set Last[61] := 18 39;
set Last[62] := 19 40;
set Last[63] := 20 41;
set Last[64] := 21 42;
set Last[65] := 2 23;
set Last[66] := 3 24;
set Last[67] := 4 25;
set Last[68] := 5 26;
set Last[69] := 7 28;
set Last[70] := 8 29;
set Last[71] := 9 30;
set Last[72] := 10 31;
set Last[73] := 11 32;
set Last[74] := 12 33;
set Last[75] := 13 34;
set Last[76] := 14 35;
set Last[77] := 15 36;
set Last[78] := 16 37;
set Last[79] := 17 38;
set Last[80] := 18 39;
set Last[81] := 19 40;
set Last[82] := 20 41;
set Last[83] := 21 42;
set Last[84] := 2 23;
set Last[85] := 3 24;
set Last[86] := 4 25;
set Last[87] := 5 26;
set Last[88] := 8 29;
set Last[89] := 9 30;
set Last[90] := 10 31;
set Last[91] := 11 32;
set Last[92] := 12 33;
set Last[93] := 13 34;
set Last[94] := 15 36;
set Last[95] := 16 37;
set Last[96] := 18 39;
set Last[97] := 19 40;
set Last[98] := 20 41;
set Last[99] := 21 42;
set Last[100] := 3 24;
set Last[101] := 4 25;
set Last[102] := 5 26;
set Last[103] := 9 30;
set Last[104] := 10 31;
set Last[105] := 11 32;
set Last[106] := 12 33;
set Last[107] := 13 34;
set Last[108] := 15 36;
set Last[109] := 16 37;
set Last[110] := 18 39;
set Last[111] := 19 40;
set Last[112] := 20 41;
set Last[113] := 21 42;
set Last[114] := 2 23;
set Last[115] := 3 24;
set Last[116] := 4 25;
set Last[117] := 5 26;
set Last[118] := 8 29;
set Last[119] := 10 31;
set Last[120] := 11 32;
set Last[121] := 12 33;
set Last[122] := 13 34;
set Last[123] := 15 36;
set Last[124] := 16 37;
set Last[125] := 18 39;
set Last[126] := 19 40;
set Last[127] := 20 41;
set Last[128] := 21 42;
set Last[129] := 12 33;
set Last[130] := 2 23;
set Last[131] := 3 24;
set Last[132] := 4 25;
set Last[133] := 5 26;
set Last[134] := 6 27;
set Last[135] := 7 28;
set Last[136] := 8 29;
set Last[137] := 9 30;
set Last[138] := 10 31;
set Last[139] := 12 33;
set Last[140] := 13 34;
set Last[141] := 14 35;
set Last[142] := 15 36;
set Last[143] := 16 37;
set Last[144] := 17 38;
set Last[145] := 18 39;
set Last[146] := 19 40;
set Last[147] := 20 41;
set Last[148] := 21 42;
set Last[149] := 5 26;
set Last[150] := 9 30;
set Last[151] := 10 31;
set Last[152] := 18 39;
set Last[153] := 2 23;
set Last[154] := 3 24;
set Last[155] := 4 25;
set Last[156] := 5 26;
set Last[157] := 6 27;
set Last[158] := 7 28;
set Last[159] := 8 29;
set Last[160] := 9 30;
set Last[161] := 10 31;
set Last[162] := 11 32;
set Last[163] := 12 33;
set Last[164] := 14 35;
set Last[165] := 15 36;
set Last[166] := 16 37;
set Last[167] := 17 38;
set Last[168] := 18 39;
set Last[169] := 19 40;
set Last[170] := 20 41;
set Last[171] := 21 42;
set Last[172] := 2 23;
set Last[173] := 3 24;
set Last[174] := 4 25;
set Last[175] := 5 26;
set Last[176] := 8 29;
set Last[177] := 9 30;
set Last[178] := 10 31;
set Last[179] := 11 32;
set Last[180] := 12 33;
set Last[181] := 13 34;
set Last[182] := 16 37;
set Last[183] := 18 39;
set Last[184] := 19 40;
set Last[185] := 20 41;
set Last[186] := 21 42;
set Last[187] := 12 33;
set Last[188] := 2 23;
set Last[189] := 3 24;
set Last[190] := 4 25;
set Last[191] := 5 26;
set Last[192] := 6 27;
set Last[193] := 7 28;
set Last[194] := 8 29;
set Last[195] := 9 30;
set Last[196] := 10 31;
set Last[197] := 11 32;
set Last[198] := 12 33;
set Last[199] := 13 34;
set Last[200] := 14 35;
set Last[201] := 15 36;
set Last[202] := 16 37;
set Last[203] := 18 39;
set Last[204] := 19 40;
set Last[205] := 20 41;
set Last[206] := 21 42;
set Last[207] := 2 23;
set Last[208] := 3 24;
set Last[209] := 4 25;
set Last[210] := 5 26;
set Last[211] := 8 29;
set Last[212] := 9 30;
set Last[213] := 10 31;
set Last[214] := 11 32;
set Last[215] := 12 33;
set Last[216] := 13 34;
set Last[217] := 15 36;
set Last[218] := 16 37;
set Last[219] := 19 40;
set Last[220] := 20 41;
set Last[221] := 21 42;
set Last[222] := 3 24;
set Last[223] := 4 25;
set Last[224] := 5 26;
set Last[225] := 9 30;
set Last[226] := 10 31;
set Last[227] := 11 32;
set Last[228] := 12 33;
set Last[229] := 13 34;
set Last[230] := 15 36;
set Last[231] := 16 37;
set Last[232] := 18 39;
set Last[233] := 21 42;
set Last[234] := 2 23;
set Last[235] := 3 24;
set Last[236] := 4 25;
set Last[237] := 5 26;
set Last[238] := 6 27;
set Last[239] := 7 28;
set Last[240] := 8 29;
set Last[241] := 9 30;
set Last[242] := 10 31;
set Last[243] := 11 32;
set Last[244] := 12 33;
set Last[245] := 13 34;
set Last[246] := 14 35;
set Last[247] := 15 36;
set Last[248] := 16 37;
set Last[249] := 17 38;
set Last[250] := 18 39;
set Last[251] := 19 40;
set Last[252] := 20 41;

param q := 5;

end;
