data;

set V := 1 2 3 4 5 6 7 8 9 10 11 12 13 14 15 16 17 18 19 20 21 22 23 24 25 27 28 29 30 31 32 34 35 36 37 38 39 40 41 42;

set A := 1 4
         1 15
         1 22
         2 7
         2 23
         3 4
         3 13
         3 24
         4 1
         4 3
         4 25
         5 6
         5 8
         6 5
         6 9
         6 27
         7 2
         7 8
         7 13
         7 28
         8 5
         8 7
         8 29
         9 6
         9 10
         9 30
         10 9
         10 17
         10 31
         11 16
         11 18
         11 32
         12 13
         12 17
         12 21
         13 3
         13 7
         13 12
         13 34
         14 15
         14 35
         15 1
         15 14
         15 16
         15 36
         16 11
         16 15
         16 37
         17 10
         17 12
         17 38
         18 11
         18 19
         18 39
         19 18
         19 20
         19 40
         20 19
         20 21
         20 41
         21 12
         21 20
         21 42
         ;

set S := 1 2 3 4 5 6 7 8 9 10 11 12 13 14 15 16 17 18 19 20 21 22 23 24 25 26 27 28 29 30 31 32 33 34 35 36 37 38 39 40 41 42 43 44 45 46 47 48 49 50 51 52 53 54 55 56 57 58 59 60 61 62 63 64 65 66 67 68 69 70 71 72 73 74 75 76 77 78 79 80 81 82 83 84 85 86 87 88 89 90 91 92 93 94 95 96 97 98 99 100 101 102 103 104 105 106 107 108 109 110 111 112 113 114 115 116 117 118 119 120 121 122 123 124 125 126 127 128 129 130 131 132 133 134 135 136 137 138 139 140 141 142 143 144 145 146 147 148 149 150 151 152 153 154 155 156 157 158 159 160 161 162 163 164 165 166 167 168 169 170 171 172 173 174 175 176 177 178 179 180 181 182 183 184 185 186 187 188 189 190 191 192 193 194 195 196 197 198 199 200 201 202 203 204 205 206 207 208 209 210 211 212 213 214 215 216 217 218 219 220 221 222 223 224 225 226 227 228 229 230 231 232 233 234 235 236 237 238 239 240 241 242 243 244 245 246 247 248 249 250 251 252 253 254 255 256 257 258 259 260 261 262 263 264 265 266 267 268 269 270 271 272 273 274 275 276 277 278 279 280 281 282 283 284 285 286 287 288 289 290 291 292 293 294 295 296 297 298 299 300 301 302 303 304 305 306 307 308 309 310 311 312 313 314 315 316 317 318 319 320 321 322 323 324 325 326 327 328 329 330 331 332 333 334 335 336;

set F[1] := 1 4
            4 3
            3 13
            13 7
            7 2
            2 23
            ;
set F[2] := 1 4
            4 3
            3 24
            ;
set F[3] := 1 4
            4 25
            ;
set F[4] := 1 4
            4 3
            3 13
            13 7
            7 8
            8 5
            5 6
            6 27
            ;
set F[5] := 1 4
            4 3
            3 13
            13 7
            7 28
            ;
set F[6] := 1 4
            4 3
            3 13
            13 7
            7 8
            8 29
            ;
set F[7] := 1 4
            4 3
            3 13
            13 12
            12 17
            17 10
            10 9
            9 30
            ;
set F[8] := 1 4
            4 3
            3 13
            13 12
            12 17
            17 10
            10 31
            ;
set F[9] := 1 15
            15 16
            16 11
            11 32
            ;
set F[10] := 1 4
             4 3
             3 13
             13 34
             ;
set F[11] := 1 15
             15 14
             14 35
             ;
set F[12] := 1 15
             15 36
             ;
set F[13] := 1 15
             15 16
             16 37
             ;
set F[14] := 1 4
             4 3
             3 13
             13 12
             12 17
             17 38
             ;
set F[15] := 1 15
             15 16
             16 11
             11 18
             18 39
             ;
set F[16] := 1 15
             15 16
             16 11
             11 18
             18 19
             19 40
             ;
set F[17] := 1 4
             4 3
             3 13
             13 12
             12 21
             21 20
             20 41
             ;
set F[18] := 1 4
             4 3
             3 13
             13 12
             12 21
             21 42
             ;
set F[19] := 2 7
             7 13
             13 3
             3 4
             4 1
             1 22
             ;
set F[20] := 2 7
             7 13
             13 3
             3 24
             ;
set F[21] := 2 7
             7 13
             13 3
             3 4
             4 25
             ;
set F[22] := 2 7
             7 28
             ;
set F[23] := 2 7
             7 8
             8 29
             ;
set F[24] := 2 7
             7 8
             8 5
             5 6
             6 9
             9 30
             ;
set F[25] := 2 7
             7 13
             13 12
             12 17
             17 10
             10 31
             ;
set F[26] := 2 7
             7 13
             13 3
             3 4
             4 1
             1 15
             15 16
             16 11
             11 32
             ;
set F[27] := 2 7
             7 13
             13 34
             ;
set F[28] := 2 7
             7 13
             13 3
             3 4
             4 1
             1 15
             15 14
             14 35
             ;
set F[29] := 2 7
             7 13
             13 3
             3 4
             4 1
             1 15
             15 36
             ;
set F[30] := 2 7
             7 13
             13 3
             3 4
             4 1
             1 15
             15 16
             16 37
             ;
set F[31] := 2 7
             7 13
             13 12
             12 21
             21 20
             20 19
             19 18
             18 39
             ;
set F[32] := 2 7
             7 13
             13 12
             12 21
             21 20
             20 19
             19 40
             ;
set F[33] := 2 7
             7 13
             13 12
             12 21
             21 20
             20 41
             ;
set F[34] := 2 7
             7 13
             13 12
             12 21
             21 42
             ;
set F[35] := 3 4
             4 1
             1 22
             ;
set F[36] := 3 13
             13 7
             7 2
             2 23
             ;
set F[37] := 3 4
             4 25
             ;
set F[38] := 3 13
             13 7
             7 8
             8 5
             5 6
             6 27
             ;
set F[39] := 3 13
             13 7
             7 28
             ;
set F[40] := 3 13
             13 7
             7 8
             8 29
             ;
set F[41] := 3 13
             13 12
             12 17
             17 10
             10 9
             9 30
             ;
set F[42] := 3 13
             13 12
             12 17
             17 10
             10 31
             ;
set F[43] := 3 4
             4 1
             1 15
             15 16
             16 11
             11 32
             ;
set F[44] := 3 13
             13 34
             ;
set F[45] := 3 4
             4 1
             1 15
             15 14
             14 35
             ;
set F[46] := 3 4
             4 1
             1 15
             15 36
             ;
set F[47] := 3 4
             4 1
             1 15
             15 16
             16 37
             ;
set F[48] := 3 13
             13 12
             12 17
             17 38
             ;
set F[49] := 3 4
             4 1
             1 15
             15 16
             16 11
             11 18
             18 39
             ;
set F[50] := 3 13
             13 12
             12 21
             21 20
             20 19
             19 40
             ;
set F[51] := 3 13
             13 12
             12 21
             21 20
             20 41
             ;
set F[52] := 3 13
             13 12
             12 21
             21 42
             ;
set F[53] := 4 1
             1 22
             ;
set F[54] := 4 3
             3 13
             13 7
             7 2
             2 23
             ;
set F[55] := 4 3
             3 24
             ;
set F[56] := 4 3
             3 13
             13 7
             7 8
             8 5
             5 6
             6 27
             ;
set F[57] := 4 3
             3 13
             13 7
             7 28
             ;
set F[58] := 4 3
             3 13
             13 7
             7 8
             8 29
             ;
set F[59] := 4 3
             3 13
             13 12
             12 17
             17 10
             10 9
             9 30
             ;
set F[60] := 4 3
             3 13
             13 12
             12 17
             17 10
             10 31
             ;
set F[61] := 4 1
             1 15
             15 16
             16 11
             11 32
             ;
set F[62] := 4 3
             3 13
             13 34
             ;
set F[63] := 4 1
             1 15
             15 14
             14 35
             ;
set F[64] := 4 1
             1 15
             15 36
             ;
set F[65] := 4 1
             1 15
             15 16
             16 37
             ;
set F[66] := 4 3
             3 13
             13 12
             12 17
             17 38
             ;
set F[67] := 4 1
             1 15
             15 16
             16 11
             11 18
             18 39
             ;
set F[68] := 4 1
             1 15
             15 16
             16 11
             11 18
             18 19
             19 40
             ;
set F[69] := 4 3
             3 13
             13 12
             12 21
             21 20
             20 41
             ;
set F[70] := 4 3
             3 13
             13 12
             12 21
             21 42
             ;
set F[71] := 5 8
             8 7
             7 13
             13 3
             3 4
             4 1
             1 22
             ;
set F[72] := 5 8
             8 7
             7 2
             2 23
             ;
set F[73] := 5 8
             8 7
             7 13
             13 3
             3 24
             ;
set F[74] := 5 8
             8 7
             7 13
             13 3
             3 4
             4 25
             ;
set F[75] := 5 6
             6 27
             ;
set F[76] := 5 8
             8 7
             7 28
             ;
set F[77] := 5 8
             8 29
             ;
set F[78] := 5 6
             6 9
             9 30
             ;
set F[79] := 5 6
             6 9
             9 10
             10 31
             ;
set F[80] := 5 8
             8 7
             7 13
             13 3
             3 4
             4 1
             1 15
             15 16
             16 11
             11 32
             ;
set F[81] := 5 8
             8 7
             7 13
             13 34
             ;
set F[82] := 5 8
             8 7
             7 13
             13 3
             3 4
             4 1
             1 15
             15 14
             14 35
             ;
set F[83] := 5 8
             8 7
             7 13
             13 3
             3 4
             4 1
             1 15
             15 36
             ;
set F[84] := 5 8
             8 7
             7 13
             13 3
             3 4
             4 1
             1 15
             15 16
             16 37
             ;
set F[85] := 5 6
             6 9
             9 10
             10 17
             17 38
             ;
set F[86] := 5 8
             8 7
             7 13
             13 12
             12 21
             21 20
             20 19
             19 18
             18 39
             ;
set F[87] := 5 8
             8 7
             7 13
             13 12
             12 21
             21 20
             20 19
             19 40
             ;
set F[88] := 5 8
             8 7
             7 13
             13 12
             12 21
             21 20
             20 41
             ;
set F[89] := 5 8
             8 7
             7 13
             13 12
             12 21
             21 42
             ;
set F[90] := 6 5
             5 8
             8 7
             7 13
             13 3
             3 4
             4 1
             1 22
             ;
set F[91] := 6 5
             5 8
             8 7
             7 13
             13 3
             3 24
             ;
set F[92] := 6 5
             5 8
             8 7
             7 28
             ;
set F[93] := 6 5
             5 8
             8 29
             ;
set F[94] := 6 9
             9 30
             ;
set F[95] := 6 9
             9 10
             10 31
             ;
set F[96] := 6 9
             9 10
             10 17
             17 12
             12 21
             21 20
             20 19
             19 18
             18 11
             11 32
             ;
set F[97] := 6 5
             5 8
             8 7
             7 13
             13 34
             ;
set F[98] := 6 5
             5 8
             8 7
             7 13
             13 3
             3 4
             4 1
             1 15
             15 14
             14 35
             ;
set F[99] := 6 5
             5 8
             8 7
             7 13
             13 3
             3 4
             4 1
             1 15
             15 36
             ;
set F[100] := 6 5
              5 8
              8 7
              7 13
              13 3
              3 4
              4 1
              1 15
              15 16
              16 37
              ;
set F[101] := 6 9
              9 10
              10 17
              17 12
              12 21
              21 20
              20 19
              19 18
              18 39
              ;
set F[102] := 6 9
              9 10
              10 17
              17 12
              12 21
              21 20
              20 19
              19 40
              ;
set F[103] := 6 9
              9 10
              10 17
              17 12
              12 21
              21 20
              20 41
              ;
set F[104] := 6 9
              9 10
              10 17
              17 12
              12 21
              21 42
              ;
set F[105] := 7 13
              13 3
              3 4
              4 1
              1 22
              ;
set F[106] := 7 2
              2 23
              ;
set F[107] := 7 13
              13 3
              3 24
              ;
set F[108] := 7 13
              13 3
              3 4
              4 25
              ;
set F[109] := 7 8
              8 29
              ;
set F[110] := 7 8
              8 5
              5 6
              6 9
              9 30
              ;
set F[111] := 7 13
              13 12
              12 17
              17 10
              10 31
              ;
set F[112] := 7 13
              13 3
              3 4
              4 1
              1 15
              15 16
              16 11
              11 32
              ;
set F[113] := 7 13
              13 34
              ;
set F[114] := 7 13
              13 3
              3 4
              4 1
              1 15
              15 14
              14 35
              ;
set F[115] := 7 13
              13 3
              3 4
              4 1
              1 15
              15 36
              ;
set F[116] := 7 13
              13 3
              3 4
              4 1
              1 15
              15 16
              16 37
              ;
set F[117] := 7 13
              13 12
              12 21
              21 20
              20 19
              19 18
              18 39
              ;
set F[118] := 7 13
              13 12
              12 21
              21 20
              20 19
              19 40
              ;
set F[119] := 7 13
              13 12
              12 21
              21 20
              20 41
              ;
set F[120] := 7 13
              13 12
              12 21
              21 42
              ;
set F[121] := 8 7
              7 13
              13 3
              3 4
              4 1
              1 22
              ;
set F[122] := 8 7
              7 2
              2 23
              ;
set F[123] := 8 7
              7 13
              13 3
              3 24
              ;
set F[124] := 8 7
              7 13
              13 3
              3 4
              4 25
              ;
set F[125] := 8 5
              5 6
              6 27
              ;
set F[126] := 8 7
              7 28
              ;
set F[127] := 8 5
              5 6
              6 9
              9 30
              ;
set F[128] := 8 5
              5 6
              6 9
              9 10
              10 31
              ;
set F[129] := 8 7
              7 13
              13 3
              3 4
              4 1
              1 15
              15 16
              16 11
              11 32
              ;
set F[130] := 8 7
              7 13
              13 34
              ;
set F[131] := 8 7
              7 13
              13 3
              3 4
              4 1
              1 15
              15 14
              14 35
              ;
set F[132] := 8 7
              7 13
              13 3
              3 4
              4 1
              1 15
              15 36
              ;
set F[133] := 8 7
              7 13
              13 3
              3 4
              4 1
              1 15
              15 16
              16 37
              ;
set F[134] := 8 7
              7 13
              13 12
              12 17
              17 38
              ;
set F[135] := 8 7
              7 13
              13 12
              12 21
              21 20
              20 19
              19 18
              18 39
              ;
set F[136] := 8 7
              7 13
              13 12
              12 21
              21 20
              20 19
              19 40
              ;
set F[137] := 8 7
              7 13
              13 12
              12 21
              21 20
              20 41
              ;
set F[138] := 8 7
              7 13
              13 12
              12 21
              21 42
              ;
set F[139] := 9 6
              6 5
              5 8
              8 7
              7 28
              ;
set F[140] := 9 6
              6 5
              5 8
              8 29
              ;
set F[141] := 9 10
              10 17
              17 12
              12 21
              21 20
              20 19
              19 18
              18 11
              11 32
              ;
set F[142] := 9 10
              10 17
              17 12
              12 13
              13 34
              ;
set F[143] := 9 10
              10 17
              17 12
              12 21
              21 20
              20 19
              19 18
              18 11
              11 16
              16 37
              ;
set F[144] := 9 10
              10 17
              17 12
              12 21
              21 20
              20 19
              19 18
              18 39
              ;
set F[145] := 9 10
              10 17
              17 12
              12 21
              21 20
              20 19
              19 40
              ;
set F[146] := 9 10
              10 17
              17 12
              12 21
              21 42
              ;
set F[147] := 10 17
              17 12
              12 13
              13 3
              3 4
              4 1
              1 22
              ;
set F[148] := 10 17
              17 12
              12 13
              13 7
              7 2
              2 23
              ;
set F[149] := 10 17
              17 12
              12 13
              13 3
              3 24
              ;
set F[150] := 10 17
              17 12
              12 13
              13 3
              3 4
              4 25
              ;
set F[151] := 10 9
              9 6
              6 27
              ;
set F[152] := 10 17
              17 12
              12 13
              13 7
              7 28
              ;
set F[153] := 10 9
              9 6
              6 5
              5 8
              8 29
              ;
set F[154] := 10 9
              9 30
              ;
set F[155] := 10 17
              17 12
              12 21
              21 20
              20 19
              19 18
              18 11
              11 32
              ;
set F[156] := 10 17
              17 12
              12 13
              13 34
              ;
set F[157] := 10 17
              17 12
              12 13
              13 3
              3 4
              4 1
              1 15
              15 14
              14 35
              ;
set F[158] := 10 17
              17 12
              12 13
              13 3
              3 4
              4 1
              1 15
              15 36
              ;
set F[159] := 10 17
              17 12
              12 21
              21 20
              20 19
              19 18
              18 11
              11 16
              16 37
              ;
set F[160] := 10 17
              17 38
              ;
set F[161] := 10 17
              17 12
              12 21
              21 20
              20 19
              19 18
              18 39
              ;
set F[162] := 10 17
              17 12
              12 21
              21 20
              20 19
              19 40
              ;
set F[163] := 10 17
              17 12
              12 21
              21 20
              20 41
              ;
set F[164] := 10 17
              17 12
              12 21
              21 42
              ;
set F[165] := 11 16
              16 15
              15 1
              1 22
              ;
set F[166] := 11 18
              18 19
              19 20
              20 21
              21 12
              12 13
              13 7
              7 2
              2 23
              ;
set F[167] := 11 16
              16 15
              15 1
              1 4
              4 3
              3 24
              ;
set F[168] := 11 16
              16 15
              15 1
              1 4
              4 25
              ;
set F[169] := 11 18
              18 19
              19 20
              20 21
              21 12
              12 17
              17 10
              10 9
              9 6
              6 27
              ;
set F[170] := 11 18
              18 19
              19 20
              20 21
              21 12
              12 13
              13 7
              7 28
              ;
set F[171] := 11 18
              18 19
              19 20
              20 21
              21 12
              12 13
              13 7
              7 8
              8 29
              ;
set F[172] := 11 18
              18 19
              19 20
              20 21
              21 12
              12 17
              17 10
              10 9
              9 30
              ;
set F[173] := 11 18
              18 19
              19 20
              20 21
              21 12
              12 17
              17 10
              10 31
              ;
set F[174] := 11 18
              18 19
              19 20
              20 21
              21 12
              12 13
              13 34
              ;
set F[175] := 11 16
              16 15
              15 14
              14 35
              ;
set F[176] := 11 16
              16 15
              15 36
              ;
set F[177] := 11 16
              16 37
              ;
set F[178] := 11 18
              18 19
              19 20
              20 21
              21 12
              12 17
              17 38
              ;
set F[179] := 11 18
              18 39
              ;
set F[180] := 11 18
              18 19
              19 40
              ;
set F[181] := 11 18
              18 19
              19 20
              20 41
              ;
set F[182] := 11 18
              18 19
              19 20
              20 21
              21 42
              ;
set F[183] := 12 13
              13 3
              3 4
              4 1
              1 22
              ;
set F[184] := 12 13
              13 7
              7 2
              2 23
              ;
set F[185] := 12 13
              13 3
              3 24
              ;
set F[186] := 12 13
              13 3
              3 4
              4 25
              ;
set F[187] := 12 17
              17 10
              10 9
              9 6
              6 27
              ;
set F[188] := 12 13
              13 7
              7 28
              ;
set F[189] := 12 13
              13 7
              7 8
              8 29
              ;
set F[190] := 12 17
              17 10
              10 9
              9 30
              ;
set F[191] := 12 17
              17 10
              10 31
              ;
set F[192] := 12 21
              21 20
              20 19
              19 18
              18 11
              11 32
              ;
set F[193] := 12 13
              13 34
              ;
set F[194] := 12 13
              13 3
              3 4
              4 1
              1 15
              15 14
              14 35
              ;
set F[195] := 12 13
              13 3
              3 4
              4 1
              1 15
              15 36
              ;
set F[196] := 12 21
              21 20
              20 19
              19 18
              18 11
              11 16
              16 37
              ;
set F[197] := 12 17
              17 38
              ;
set F[198] := 12 21
              21 20
              20 19
              19 18
              18 39
              ;
set F[199] := 12 21
              21 20
              20 19
              19 40
              ;
set F[200] := 12 21
              21 20
              20 41
              ;
set F[201] := 12 21
              21 42
              ;
set F[202] := 13 3
              3 4
              4 1
              1 22
              ;
set F[203] := 13 3
              3 24
              ;
set F[204] := 13 7
              7 28
              ;
set F[205] := 13 7
              7 8
              8 29
              ;
set F[206] := 13 3
              3 4
              4 1
              1 15
              15 16
              16 11
              11 32
              ;
set F[207] := 13 3
              3 4
              4 1
              1 15
              15 36
              ;
set F[208] := 13 3
              3 4
              4 1
              1 15
              15 16
              16 37
              ;
set F[209] := 13 12
              12 21
              21 20
              20 19
              19 18
              18 39
              ;
set F[210] := 13 12
              12 21
              21 20
              20 19
              19 40
              ;
set F[211] := 13 12
              12 21
              21 20
              20 41
              ;
set F[212] := 13 12
              12 21
              21 42
              ;
set F[213] := 14 15
              15 1
              1 22
              ;
set F[214] := 14 15
              15 1
              1 4
              4 3
              3 24
              ;
set F[215] := 14 15
              15 1
              1 4
              4 3
              3 13
              13 7
              7 28
              ;
set F[216] := 14 15
              15 1
              1 4
              4 3
              3 13
              13 7
              7 8
              8 29
              ;
set F[217] := 14 15
              15 1
              1 4
              4 3
              3 13
              13 12
              12 17
              17 10
              10 31
              ;
set F[218] := 14 15
              15 16
              16 11
              11 32
              ;
set F[219] := 14 15
              15 1
              1 4
              4 3
              3 13
              13 34
              ;
set F[220] := 14 15
              15 36
              ;
set F[221] := 14 15
              15 16
              16 37
              ;
set F[222] := 14 15
              15 16
              16 11
              11 18
              18 39
              ;
set F[223] := 14 15
              15 16
              16 11
              11 18
              18 19
              19 40
              ;
set F[224] := 14 15
              15 16
              16 11
              11 18
              18 19
              19 20
              20 41
              ;
set F[225] := 14 15
              15 1
              1 4
              4 3
              3 13
              13 12
              12 21
              21 42
              ;
set F[226] := 15 1
              1 22
              ;
set F[227] := 15 1
              1 4
              4 3
              3 13
              13 7
              7 2
              2 23
              ;
set F[228] := 15 1
              1 4
              4 3
              3 24
              ;
set F[229] := 15 1
              1 4
              4 25
              ;
set F[230] := 15 1
              1 4
              4 3
              3 13
              13 7
              7 8
              8 5
              5 6
              6 27
              ;
set F[231] := 15 1
              1 4
              4 3
              3 13
              13 7
              7 28
              ;
set F[232] := 15 1
              1 4
              4 3
              3 13
              13 7
              7 8
              8 29
              ;
set F[233] := 15 1
              1 4
              4 3
              3 13
              13 12
              12 17
              17 10
              10 9
              9 30
              ;
set F[234] := 15 1
              1 4
              4 3
              3 13
              13 12
              12 17
              17 10
              10 31
              ;
set F[235] := 15 16
              16 11
              11 32
              ;
set F[236] := 15 1
              1 4
              4 3
              3 13
              13 34
              ;
set F[237] := 15 14
              14 35
              ;
set F[238] := 15 16
              16 37
              ;
set F[239] := 15 1
              1 4
              4 3
              3 13
              13 12
              12 17
              17 38
              ;
set F[240] := 15 16
              16 11
              11 18
              18 39
              ;
set F[241] := 15 16
              16 11
              11 18
              18 19
              19 40
              ;
set F[242] := 15 16
              16 11
              11 18
              18 19
              19 20
              20 41
              ;
set F[243] := 15 1
              1 4
              4 3
              3 13
              13 12
              12 21
              21 42
              ;
set F[244] := 16 15
              15 1
              1 4
              4 3
              3 13
              13 7
              7 28
              ;
set F[245] := 16 15
              15 1
              1 4
              4 3
              3 13
              13 7
              7 8
              8 29
              ;
set F[246] := 16 15
              15 1
              1 4
              4 3
              3 13
              13 34
              ;
set F[247] := 16 11
              11 18
              18 39
              ;
set F[248] := 16 11
              11 18
              18 19
              19 40
              ;
set F[249] := 17 12
              12 13
              13 3
              3 4
              4 1
              1 22
              ;
set F[250] := 17 12
              12 13
              13 7
              7 2
              2 23
              ;
set F[251] := 17 12
              12 13
              13 3
              3 24
              ;
set F[252] := 17 12
              12 13
              13 3
              3 4
              4 25
              ;
set F[253] := 17 10
              10 9
              9 6
              6 27
              ;
set F[254] := 17 12
              12 13
              13 7
              7 28
              ;
set F[255] := 17 12
              12 13
              13 7
              7 8
              8 29
              ;
set F[256] := 17 10
              10 9
              9 30
              ;
set F[257] := 17 10
              10 31
              ;
set F[258] := 17 12
              12 21
              21 20
              20 19
              19 18
              18 11
              11 32
              ;
set F[259] := 17 12
              12 13
              13 34
              ;
set F[260] := 17 12
              12 13
              13 3
              3 4
              4 1
              1 15
              15 14
              14 35
              ;
set F[261] := 17 12
              12 13
              13 3
              3 4
              4 1
              1 15
              15 36
              ;
set F[262] := 17 12
              12 21
              21 20
              20 19
              19 18
              18 11
              11 16
              16 37
              ;
set F[263] := 17 12
              12 21
              21 20
              20 19
              19 18
              18 39
              ;
set F[264] := 17 12
              12 21
              21 20
              20 19
              19 40
              ;
set F[265] := 17 12
              12 21
              21 20
              20 41
              ;
set F[266] := 17 12
              12 21
              21 42
              ;
set F[267] := 18 11
              11 16
              16 15
              15 1
              1 22
              ;
set F[268] := 18 19
              19 20
              20 21
              21 12
              12 13
              13 7
              7 2
              2 23
              ;
set F[269] := 18 11
              11 16
              16 15
              15 1
              1 4
              4 3
              3 24
              ;
set F[270] := 18 11
              11 16
              16 15
              15 1
              1 4
              4 25
              ;
set F[271] := 18 19
              19 20
              20 21
              21 12
              12 17
              17 10
              10 9
              9 6
              6 27
              ;
set F[272] := 18 19
              19 20
              20 21
              21 12
              12 13
              13 7
              7 28
              ;
set F[273] := 18 19
              19 20
              20 21
              21 12
              12 13
              13 7
              7 8
              8 29
              ;
set F[274] := 18 19
              19 20
              20 21
              21 12
              12 17
              17 10
              10 9
              9 30
              ;
set F[275] := 18 19
              19 20
              20 21
              21 12
              12 17
              17 10
              10 31
              ;
set F[276] := 18 11
              11 32
              ;
set F[277] := 18 19
              19 20
              20 21
              21 12
              12 13
              13 34
              ;
set F[278] := 18 11
              11 16
              16 15
              15 14
              14 35
              ;
set F[279] := 18 11
              11 16
              16 15
              15 36
              ;
set F[280] := 18 11
              11 16
              16 37
              ;
set F[281] := 18 19
              19 40
              ;
set F[282] := 18 19
              19 20
              20 41
              ;
set F[283] := 18 19
              19 20
              20 21
              21 42
              ;
set F[284] := 19 18
              18 11
              11 16
              16 15
              15 1
              1 22
              ;
set F[285] := 19 20
              20 21
              21 12
              12 13
              13 7
              7 2
              2 23
              ;
set F[286] := 19 20
              20 21
              21 12
              12 13
              13 3
              3 24
              ;
set F[287] := 19 18
              18 11
              11 16
              16 15
              15 1
              1 4
              4 25
              ;
set F[288] := 19 20
              20 21
              21 12
              12 17
              17 10
              10 9
              9 6
              6 27
              ;
set F[289] := 19 20
              20 21
              21 12
              12 13
              13 7
              7 28
              ;
set F[290] := 19 20
              20 21
              21 12
              12 13
              13 7
              7 8
              8 29
              ;
set F[291] := 19 20
              20 21
              21 12
              12 17
              17 10
              10 9
              9 30
              ;
set F[292] := 19 20
              20 21
              21 12
              12 17
              17 10
              10 31
              ;
set F[293] := 19 18
              18 11
              11 32
              ;
set F[294] := 19 20
              20 21
              21 12
              12 13
              13 34
              ;
set F[295] := 19 18
              18 11
              11 16
              16 15
              15 14
              14 35
              ;
set F[296] := 19 18
              18 11
              11 16
              16 15
              15 36
              ;
set F[297] := 19 18
              18 11
              11 16
              16 37
              ;
set F[298] := 19 18
              18 39
              ;
set F[299] := 19 20
              20 41
              ;
set F[300] := 19 20
              20 21
              21 42
              ;
set F[301] := 20 19
              19 18
              18 11
              11 16
              16 15
              15 1
              1 22
              ;
set F[302] := 20 21
              21 12
              12 13
              13 7
              7 2
              2 23
              ;
set F[303] := 20 21
              21 12
              12 13
              13 3
              3 24
              ;
set F[304] := 20 21
              21 12
              12 13
              13 3
              3 4
              4 25
              ;
set F[305] := 20 21
              21 12
              12 17
              17 10
              10 9
              9 6
              6 27
              ;
set F[306] := 20 21
              21 12
              12 13
              13 7
              7 28
              ;
set F[307] := 20 21
              21 12
              12 13
              13 7
              7 8
              8 29
              ;
set F[308] := 20 21
              21 12
              12 17
              17 10
              10 9
              9 30
              ;
set F[309] := 20 21
              21 12
              12 17
              17 10
              10 31
              ;
set F[310] := 20 19
              19 18
              18 11
              11 32
              ;
set F[311] := 20 21
              21 12
              12 13
              13 34
              ;
set F[312] := 20 19
              19 18
              18 11
              11 16
              16 15
              15 14
              14 35
              ;
set F[313] := 20 19
              19 18
              18 11
              11 16
              16 15
              15 36
              ;
set F[314] := 20 19
              19 18
              18 11
              11 16
              16 37
              ;
set F[315] := 20 21
              21 12
              12 17
              17 38
              ;
set F[316] := 20 19
              19 18
              18 39
              ;
set F[317] := 20 19
              19 40
              ;
set F[318] := 20 21
              21 42
              ;
set F[319] := 21 12
              12 13
              13 3
              3 4
              4 1
              1 22
              ;
set F[320] := 21 12
              12 13
              13 7
              7 2
              2 23
              ;
set F[321] := 21 12
              12 13
              13 3
              3 24
              ;
set F[322] := 21 12
              12 13
              13 3
              3 4
              4 25
              ;
set F[323] := 21 12
              12 17
              17 10
              10 9
              9 6
              6 27
              ;
set F[324] := 21 12
              12 13
              13 7
              7 28
              ;
set F[325] := 21 12
              12 13
              13 7
              7 8
              8 29
              ;
set F[326] := 21 12
              12 17
              17 10
              10 9
              9 30
              ;
set F[327] := 21 12
              12 17
              17 10
              10 31
              ;
set F[328] := 21 20
              20 19
              19 18
              18 11
              11 32
              ;
set F[329] := 21 12
              12 13
              13 34
              ;
set F[330] := 21 12
              12 13
              13 3
              3 4
              4 1
              1 15
              15 14
              14 35
              ;
set F[331] := 21 12
              12 13
              13 3
              3 4
              4 1
              1 15
              15 36
              ;
set F[332] := 21 20
              20 19
              19 18
              18 11
              11 16
              16 37
              ;
set F[333] := 21 12
              12 17
              17 38
              ;
set F[334] := 21 20
              20 19
              19 18
              18 39
              ;
set F[335] := 21 20
              20 19
              19 40
              ;
set F[336] := 21 20
              20 41
              ;
set Last[1] := 2 23;
set Last[2] := 3 24;
set Last[3] := 4 25;
set Last[4] := 6 27;
set Last[5] := 7 28;
set Last[6] := 8 29;
set Last[7] := 9 30;
set Last[8] := 10 31;
set Last[9] := 11 32;
set Last[10] := 13 34;
set Last[11] := 14 35;
set Last[12] := 15 36;
set Last[13] := 16 37;
set Last[14] := 17 38;
set Last[15] := 18 39;
set Last[16] := 19 40;
set Last[17] := 20 41;
set Last[18] := 21 42;
set Last[19] := 1 22;
set Last[20] := 3 24;
set Last[21] := 4 25;
set Last[22] := 7 28;
set Last[23] := 8 29;
set Last[24] := 9 30;
set Last[25] := 10 31;
set Last[26] := 11 32;
set Last[27] := 13 34;
set Last[28] := 14 35;
set Last[29] := 15 36;
set Last[30] := 16 37;
set Last[31] := 18 39;
set Last[32] := 19 40;
set Last[33] := 20 41;
set Last[34] := 21 42;
set Last[35] := 1 22;
set Last[36] := 2 23;
set Last[37] := 4 25;
set Last[38] := 6 27;
set Last[39] := 7 28;
set Last[40] := 8 29;
set Last[41] := 9 30;
set Last[42] := 10 31;
set Last[43] := 11 32;
set Last[44] := 13 34;
set Last[45] := 14 35;
set Last[46] := 15 36;
set Last[47] := 16 37;
set Last[48] := 17 38;
set Last[49] := 18 39;
set Last[50] := 19 40;
set Last[51] := 20 41;
set Last[52] := 21 42;
set Last[53] := 1 22;
set Last[54] := 2 23;
set Last[55] := 3 24;
set Last[56] := 6 27;
set Last[57] := 7 28;
set Last[58] := 8 29;
set Last[59] := 9 30;
set Last[60] := 10 31;
set Last[61] := 11 32;
set Last[62] := 13 34;
set Last[63] := 14 35;
set Last[64] := 15 36;
set Last[65] := 16 37;
set Last[66] := 17 38;
set Last[67] := 18 39;
set Last[68] := 19 40;
set Last[69] := 20 41;
set Last[70] := 21 42;
set Last[71] := 1 22;
set Last[72] := 2 23;
set Last[73] := 3 24;
set Last[74] := 4 25;
set Last[75] := 6 27;
set Last[76] := 7 28;
set Last[77] := 8 29;
set Last[78] := 9 30;
set Last[79] := 10 31;
set Last[80] := 11 32;
set Last[81] := 13 34;
set Last[82] := 14 35;
set Last[83] := 15 36;
set Last[84] := 16 37;
set Last[85] := 17 38;
set Last[86] := 18 39;
set Last[87] := 19 40;
set Last[88] := 20 41;
set Last[89] := 21 42;
set Last[90] := 1 22;
set Last[91] := 3 24;
set Last[92] := 7 28;
set Last[93] := 8 29;
set Last[94] := 9 30;
set Last[95] := 10 31;
set Last[96] := 11 32;
set Last[97] := 13 34;
set Last[98] := 14 35;
set Last[99] := 15 36;
set Last[100] := 16 37;
set Last[101] := 18 39;
set Last[102] := 19 40;
set Last[103] := 20 41;
set Last[104] := 21 42;
set Last[105] := 1 22;
set Last[106] := 2 23;
set Last[107] := 3 24;
set Last[108] := 4 25;
set Last[109] := 8 29;
set Last[110] := 9 30;
set Last[111] := 10 31;
set Last[112] := 11 32;
set Last[113] := 13 34;
set Last[114] := 14 35;
set Last[115] := 15 36;
set Last[116] := 16 37;
set Last[117] := 18 39;
set Last[118] := 19 40;
set Last[119] := 20 41;
set Last[120] := 21 42;
set Last[121] := 1 22;
set Last[122] := 2 23;
set Last[123] := 3 24;
set Last[124] := 4 25;
set Last[125] := 6 27;
set Last[126] := 7 28;
set Last[127] := 9 30;
set Last[128] := 10 31;
set Last[129] := 11 32;
set Last[130] := 13 34;
set Last[131] := 14 35;
set Last[132] := 15 36;
set Last[133] := 16 37;
set Last[134] := 17 38;
set Last[135] := 18 39;
set Last[136] := 19 40;
set Last[137] := 20 41;
set Last[138] := 21 42;
set Last[139] := 7 28;
set Last[140] := 8 29;
set Last[141] := 11 32;
set Last[142] := 13 34;
set Last[143] := 16 37;
set Last[144] := 18 39;
set Last[145] := 19 40;
set Last[146] := 21 42;
set Last[147] := 1 22;
set Last[148] := 2 23;
set Last[149] := 3 24;
set Last[150] := 4 25;
set Last[151] := 6 27;
set Last[152] := 7 28;
set Last[153] := 8 29;
set Last[154] := 9 30;
set Last[155] := 11 32;
set Last[156] := 13 34;
set Last[157] := 14 35;
set Last[158] := 15 36;
set Last[159] := 16 37;
set Last[160] := 17 38;
set Last[161] := 18 39;
set Last[162] := 19 40;
set Last[163] := 20 41;
set Last[164] := 21 42;
set Last[165] := 1 22;
set Last[166] := 2 23;
set Last[167] := 3 24;
set Last[168] := 4 25;
set Last[169] := 6 27;
set Last[170] := 7 28;
set Last[171] := 8 29;
set Last[172] := 9 30;
set Last[173] := 10 31;
set Last[174] := 13 34;
set Last[175] := 14 35;
set Last[176] := 15 36;
set Last[177] := 16 37;
set Last[178] := 17 38;
set Last[179] := 18 39;
set Last[180] := 19 40;
set Last[181] := 20 41;
set Last[182] := 21 42;
set Last[183] := 1 22;
set Last[184] := 2 23;
set Last[185] := 3 24;
set Last[186] := 4 25;
set Last[187] := 6 27;
set Last[188] := 7 28;
set Last[189] := 8 29;
set Last[190] := 9 30;
set Last[191] := 10 31;
set Last[192] := 11 32;
set Last[193] := 13 34;
set Last[194] := 14 35;
set Last[195] := 15 36;
set Last[196] := 16 37;
set Last[197] := 17 38;
set Last[198] := 18 39;
set Last[199] := 19 40;
set Last[200] := 20 41;
set Last[201] := 21 42;
set Last[202] := 1 22;
set Last[203] := 3 24;
set Last[204] := 7 28;
set Last[205] := 8 29;
set Last[206] := 11 32;
set Last[207] := 15 36;
set Last[208] := 16 37;
set Last[209] := 18 39;
set Last[210] := 19 40;
set Last[211] := 20 41;
set Last[212] := 21 42;
set Last[213] := 1 22;
set Last[214] := 3 24;
set Last[215] := 7 28;
set Last[216] := 8 29;
set Last[217] := 10 31;
set Last[218] := 11 32;
set Last[219] := 13 34;
set Last[220] := 15 36;
set Last[221] := 16 37;
set Last[222] := 18 39;
set Last[223] := 19 40;
set Last[224] := 20 41;
set Last[225] := 21 42;
set Last[226] := 1 22;
set Last[227] := 2 23;
set Last[228] := 3 24;
set Last[229] := 4 25;
set Last[230] := 6 27;
set Last[231] := 7 28;
set Last[232] := 8 29;
set Last[233] := 9 30;
set Last[234] := 10 31;
set Last[235] := 11 32;
set Last[236] := 13 34;
set Last[237] := 14 35;
set Last[238] := 16 37;
set Last[239] := 17 38;
set Last[240] := 18 39;
set Last[241] := 19 40;
set Last[242] := 20 41;
set Last[243] := 21 42;
set Last[244] := 7 28;
set Last[245] := 8 29;
set Last[246] := 13 34;
set Last[247] := 18 39;
set Last[248] := 19 40;
set Last[249] := 1 22;
set Last[250] := 2 23;
set Last[251] := 3 24;
set Last[252] := 4 25;
set Last[253] := 6 27;
set Last[254] := 7 28;
set Last[255] := 8 29;
set Last[256] := 9 30;
set Last[257] := 10 31;
set Last[258] := 11 32;
set Last[259] := 13 34;
set Last[260] := 14 35;
set Last[261] := 15 36;
set Last[262] := 16 37;
set Last[263] := 18 39;
set Last[264] := 19 40;
set Last[265] := 20 41;
set Last[266] := 21 42;
set Last[267] := 1 22;
set Last[268] := 2 23;
set Last[269] := 3 24;
set Last[270] := 4 25;
set Last[271] := 6 27;
set Last[272] := 7 28;
set Last[273] := 8 29;
set Last[274] := 9 30;
set Last[275] := 10 31;
set Last[276] := 11 32;
set Last[277] := 13 34;
set Last[278] := 14 35;
set Last[279] := 15 36;
set Last[280] := 16 37;
set Last[281] := 19 40;
set Last[282] := 20 41;
set Last[283] := 21 42;
set Last[284] := 1 22;
set Last[285] := 2 23;
set Last[286] := 3 24;
set Last[287] := 4 25;
set Last[288] := 6 27;
set Last[289] := 7 28;
set Last[290] := 8 29;
set Last[291] := 9 30;
set Last[292] := 10 31;
set Last[293] := 11 32;
set Last[294] := 13 34;
set Last[295] := 14 35;
set Last[296] := 15 36;
set Last[297] := 16 37;
set Last[298] := 18 39;
set Last[299] := 20 41;
set Last[300] := 21 42;
set Last[301] := 1 22;
set Last[302] := 2 23;
set Last[303] := 3 24;
set Last[304] := 4 25;
set Last[305] := 6 27;
set Last[306] := 7 28;
set Last[307] := 8 29;
set Last[308] := 9 30;
set Last[309] := 10 31;
set Last[310] := 11 32;
set Last[311] := 13 34;
set Last[312] := 14 35;
set Last[313] := 15 36;
set Last[314] := 16 37;
set Last[315] := 17 38;
set Last[316] := 18 39;
set Last[317] := 19 40;
set Last[318] := 21 42;
set Last[319] := 1 22;
set Last[320] := 2 23;
set Last[321] := 3 24;
set Last[322] := 4 25;
set Last[323] := 6 27;
set Last[324] := 7 28;
set Last[325] := 8 29;
set Last[326] := 9 30;
set Last[327] := 10 31;
set Last[328] := 11 32;
set Last[329] := 13 34;
set Last[330] := 14 35;
set Last[331] := 15 36;
set Last[332] := 16 37;
set Last[333] := 17 38;
set Last[334] := 18 39;
set Last[335] := 19 40;
set Last[336] := 20 41;

param q := 5;

end;
