data;

set V := 1 2 3 4 5 6 7 8 9 10 11 12 13 14 15 16 17 18 19 20 21 22 23 24 25 26 27 28 29 30 31 32 33 36 37 39 40 41 42;

set A := 1 4
         1 15
         1 22
         2 7
         2 23
         3 4
         3 13
         3 24
         4 1
         4 3
         4 25
         5 6
         5 8
         5 26
         6 5
         6 9
         6 27
         7 2
         7 8
         7 13
         7 28
         8 5
         8 7
         8 29
         9 6
         9 10
         9 30
         10 9
         10 17
         10 31
         11 16
         11 18
         11 32
         12 13
         12 17
         12 21
         12 33
         13 3
         13 7
         13 12
         14 15
         15 1
         15 16
         15 36
         16 11
         16 15
         16 37
         17 10
         17 12
         18 11
         18 19
         18 39
         19 18
         19 20
         19 40
         20 19
         20 21
         20 41
         21 12
         21 20
         21 42
         ;

set S := 1 2 3 4 5 6 7 8 9 10 11 12 13 14 15 16 17 18 19 20 21 22 23 24 25 26 27 28 29 30 31 32 33 34 35 36 37 38 39 40 41 42 43 44 45 46 47 48 49 50 51 52 53 54 55 56 57 58 59 60 61 62 63 64 65 66 67 68 69 70 71 72 73 74 75 76 77 78 79 80 81 82 83 84 85 86 87 88 89 90 91 92 93 94 95 96 97 98 99 100 101 102 103 104 105 106 107 108 109 110 111 112 113 114 115 116 117 118 119 120 121 122 123 124 125 126 127 128 129 130 131 132 133 134 135 136 137 138 139 140 141 142 143 144 145 146 147 148 149 150 151 152 153 154 155 156 157 158 159 160 161 162 163 164 165 166 167 168;

set F[1] := 1 4
            4 3
            3 24
            ;
set F[2] := 1 4
            4 25
            ;
set F[3] := 1 4
            4 3
            3 13
            13 7
            7 8
            8 5
            5 26
            ;
set F[4] := 1 4
            4 3
            3 13
            13 7
            7 28
            ;
set F[5] := 1 4
            4 3
            3 13
            13 7
            7 8
            8 29
            ;
set F[6] := 1 4
            4 3
            3 13
            13 12
            12 17
            17 10
            10 31
            ;
set F[7] := 1 15
            15 16
            16 11
            11 32
            ;
set F[8] := 1 4
            4 3
            3 13
            13 12
            12 33
            ;
set F[9] := 1 15
            15 16
            16 37
            ;
set F[10] := 1 15
             15 16
             16 11
             11 18
             18 39
             ;
set F[11] := 1 4
             4 3
             3 13
             13 12
             12 21
             21 20
             20 41
             ;
set F[12] := 2 7
             7 13
             13 3
             3 24
             ;
set F[13] := 2 7
             7 8
             8 5
             5 26
             ;
set F[14] := 2 7
             7 28
             ;
set F[15] := 2 7
             7 13
             13 3
             3 4
             4 1
             1 15
             15 16
             16 11
             11 32
             ;
set F[16] := 2 7
             7 13
             13 12
             12 21
             21 20
             20 41
             ;
set F[17] := 3 4
             4 25
             ;
set F[18] := 3 13
             13 7
             7 8
             8 5
             5 26
             ;
set F[19] := 3 13
             13 7
             7 28
             ;
set F[20] := 3 13
             13 7
             7 8
             8 29
             ;
set F[21] := 3 13
             13 12
             12 17
             17 10
             10 31
             ;
set F[22] := 3 4
             4 1
             1 15
             15 16
             16 11
             11 32
             ;
set F[23] := 3 13
             13 12
             12 33
             ;
set F[24] := 3 4
             4 1
             1 15
             15 16
             16 37
             ;
set F[25] := 3 4
             4 1
             1 15
             15 16
             16 11
             11 18
             18 39
             ;
set F[26] := 3 13
             13 12
             12 21
             21 20
             20 19
             19 40
             ;
set F[27] := 3 13
             13 12
             12 21
             21 20
             20 41
             ;
set F[28] := 4 3
             3 13
             13 7
             7 2
             2 23
             ;
set F[29] := 4 3
             3 24
             ;
set F[30] := 4 3
             3 13
             13 7
             7 8
             8 5
             5 26
             ;
set F[31] := 4 3
             3 13
             13 7
             7 8
             8 5
             5 6
             6 27
             ;
set F[32] := 4 3
             3 13
             13 7
             7 28
             ;
set F[33] := 4 3
             3 13
             13 7
             7 8
             8 29
             ;
set F[34] := 4 3
             3 13
             13 12
             12 17
             17 10
             10 9
             9 30
             ;
set F[35] := 4 3
             3 13
             13 12
             12 17
             17 10
             10 31
             ;
set F[36] := 4 1
             1 15
             15 16
             16 11
             11 32
             ;
set F[37] := 4 3
             3 13
             13 12
             12 33
             ;
set F[38] := 4 1
             1 15
             15 16
             16 37
             ;
set F[39] := 4 1
             1 15
             15 16
             16 11
             11 18
             18 39
             ;
set F[40] := 4 1
             1 15
             15 16
             16 11
             11 18
             18 19
             19 40
             ;
set F[41] := 4 3
             3 13
             13 12
             12 21
             21 20
             20 41
             ;
set F[42] := 4 3
             3 13
             13 12
             12 21
             21 42
             ;
set F[43] := 5 8
             8 7
             7 13
             13 3
             3 24
             ;
set F[44] := 5 8
             8 7
             7 13
             13 3
             3 4
             4 25
             ;
set F[45] := 5 8
             8 7
             7 28
             ;
set F[46] := 5 8
             8 29
             ;
set F[47] := 5 6
             6 9
             9 10
             10 31
             ;
set F[48] := 5 8
             8 7
             7 13
             13 3
             3 4
             4 1
             1 15
             15 16
             16 11
             11 32
             ;
set F[49] := 5 8
             8 7
             7 13
             13 12
             12 33
             ;
set F[50] := 5 8
             8 7
             7 13
             13 3
             3 4
             4 1
             1 15
             15 16
             16 37
             ;
set F[51] := 5 8
             8 7
             7 13
             13 12
             12 21
             21 20
             20 19
             19 18
             18 39
             ;
set F[52] := 5 8
             8 7
             7 13
             13 12
             12 21
             21 20
             20 19
             19 40
             ;
set F[53] := 5 8
             8 7
             7 13
             13 12
             12 21
             21 20
             20 41
             ;
set F[54] := 6 5
             5 8
             8 7
             7 28
             ;
set F[55] := 9 10
             10 17
             17 12
             12 13
             13 3
             3 24
             ;
set F[56] := 9 10
             10 17
             17 12
             12 13
             13 3
             3 4
             4 25
             ;
set F[57] := 9 6
             6 5
             5 26
             ;
set F[58] := 9 6
             6 5
             5 8
             8 7
             7 28
             ;
set F[59] := 9 6
             6 5
             5 8
             8 29
             ;
set F[60] := 9 10
             10 31
             ;
set F[61] := 9 10
             10 17
             17 12
             12 21
             21 20
             20 19
             19 18
             18 11
             11 32
             ;
set F[62] := 9 10
             10 17
             17 12
             12 33
             ;
set F[63] := 9 10
             10 17
             17 12
             12 21
             21 20
             20 19
             19 18
             18 11
             11 16
             16 37
             ;
set F[64] := 9 10
             10 17
             17 12
             12 21
             21 20
             20 19
             19 18
             18 39
             ;
set F[65] := 9 10
             10 17
             17 12
             12 21
             21 20
             20 19
             19 40
             ;
set F[66] := 9 10
             10 17
             17 12
             12 21
             21 20
             20 41
             ;
set F[67] := 10 9
             9 6
             6 5
             5 26
             ;
set F[68] := 10 17
             17 12
             12 13
             13 7
             7 28
             ;
set F[69] := 10 17
             17 12
             12 21
             21 20
             20 19
             19 18
             18 11
             11 32
             ;
set F[70] := 10 17
             17 12
             12 21
             21 20
             20 41
             ;
set F[71] := 12 13
             13 3
             3 4
             4 1
             1 22
             ;
set F[72] := 12 13
             13 7
             7 2
             2 23
             ;
set F[73] := 12 13
             13 3
             3 24
             ;
set F[74] := 12 13
             13 3
             3 4
             4 25
             ;
set F[75] := 12 13
             13 7
             7 8
             8 5
             5 26
             ;
set F[76] := 12 17
             17 10
             10 9
             9 6
             6 27
             ;
set F[77] := 12 13
             13 7
             7 28
             ;
set F[78] := 12 13
             13 7
             7 8
             8 29
             ;
set F[79] := 12 17
             17 10
             10 9
             9 30
             ;
set F[80] := 12 17
             17 10
             10 31
             ;
set F[81] := 12 21
             21 20
             20 19
             19 18
             18 11
             11 32
             ;
set F[82] := 12 13
             13 3
             3 4
             4 1
             1 15
             15 36
             ;
set F[83] := 12 21
             21 20
             20 19
             19 18
             18 11
             11 16
             16 37
             ;
set F[84] := 12 21
             21 20
             20 19
             19 18
             18 39
             ;
set F[85] := 12 21
             21 20
             20 19
             19 40
             ;
set F[86] := 12 21
             21 20
             20 41
             ;
set F[87] := 12 21
             21 42
             ;
set F[88] := 13 3
             3 24
             ;
set F[89] := 13 3
             3 4
             4 25
             ;
set F[90] := 13 7
             7 8
             8 5
             5 26
             ;
set F[91] := 13 7
             7 28
             ;
set F[92] := 13 7
             7 8
             8 29
             ;
set F[93] := 13 12
             12 17
             17 10
             10 31
             ;
set F[94] := 13 3
             3 4
             4 1
             1 15
             15 16
             16 11
             11 32
             ;
set F[95] := 13 12
             12 33
             ;
set F[96] := 13 3
             3 4
             4 1
             1 15
             15 16
             16 37
             ;
set F[97] := 13 12
             12 21
             21 20
             20 19
             19 18
             18 39
             ;
set F[98] := 13 12
             12 21
             21 20
             20 19
             19 40
             ;
set F[99] := 13 12
             12 21
             21 20
             20 41
             ;
set F[100] := 14 15
              15 1
              1 4
              4 3
              3 24
              ;
set F[101] := 14 15
              15 1
              1 4
              4 25
              ;
set F[102] := 14 15
              15 1
              1 4
              4 3
              3 13
              13 7
              7 8
              8 5
              5 26
              ;
set F[103] := 14 15
              15 1
              1 4
              4 3
              3 13
              13 7
              7 28
              ;
set F[104] := 14 15
              15 1
              1 4
              4 3
              3 13
              13 7
              7 8
              8 29
              ;
set F[105] := 14 15
              15 16
              16 11
              11 32
              ;
set F[106] := 14 15
              15 16
              16 37
              ;
set F[107] := 14 15
              15 16
              16 11
              11 18
              18 19
              19 20
              20 41
              ;
set F[108] := 15 1
              1 4
              4 3
              3 13
              13 7
              7 2
              2 23
              ;
set F[109] := 15 1
              1 4
              4 3
              3 24
              ;
set F[110] := 15 1
              1 4
              4 25
              ;
set F[111] := 15 1
              1 4
              4 3
              3 13
              13 7
              7 8
              8 5
              5 26
              ;
set F[112] := 15 1
              1 4
              4 3
              3 13
              13 7
              7 8
              8 5
              5 6
              6 27
              ;
set F[113] := 15 1
              1 4
              4 3
              3 13
              13 7
              7 28
              ;
set F[114] := 15 1
              1 4
              4 3
              3 13
              13 7
              7 8
              8 29
              ;
set F[115] := 15 1
              1 4
              4 3
              3 13
              13 12
              12 17
              17 10
              10 9
              9 30
              ;
set F[116] := 15 1
              1 4
              4 3
              3 13
              13 12
              12 17
              17 10
              10 31
              ;
set F[117] := 15 16
              16 11
              11 32
              ;
set F[118] := 15 1
              1 4
              4 3
              3 13
              13 12
              12 33
              ;
set F[119] := 15 16
              16 37
              ;
set F[120] := 15 16
              16 11
              11 18
              18 39
              ;
set F[121] := 15 16
              16 11
              11 18
              18 19
              19 40
              ;
set F[122] := 15 16
              16 11
              11 18
              18 19
              19 20
              20 41
              ;
set F[123] := 15 1
              1 4
              4 3
              3 13
              13 12
              12 21
              21 42
              ;
set F[124] := 17 12
              12 13
              13 3
              3 24
              ;
set F[125] := 17 12
              12 13
              13 3
              3 4
              4 25
              ;
set F[126] := 17 10
              10 9
              9 6
              6 5
              5 26
              ;
set F[127] := 17 12
              12 13
              13 7
              7 28
              ;
set F[128] := 17 12
              12 13
              13 7
              7 8
              8 29
              ;
set F[129] := 17 12
              12 21
              21 20
              20 19
              19 18
              18 11
              11 32
              ;
set F[130] := 17 12
              12 21
              21 20
              20 19
              19 18
              18 11
              11 16
              16 37
              ;
set F[131] := 17 12
              12 21
              21 20
              20 41
              ;
set F[132] := 19 20
              20 21
              21 12
              12 13
              13 3
              3 24
              ;
set F[133] := 19 18
              18 11
              11 16
              16 15
              15 1
              1 4
              4 25
              ;
set F[134] := 19 20
              20 21
              21 12
              12 13
              13 7
              7 8
              8 5
              5 26
              ;
set F[135] := 19 20
              20 21
              21 12
              12 13
              13 7
              7 28
              ;
set F[136] := 19 20
              20 21
              21 12
              12 13
              13 7
              7 8
              8 29
              ;
set F[137] := 19 20
              20 21
              21 12
              12 17
              17 10
              10 31
              ;
set F[138] := 19 18
              18 11
              11 32
              ;
set F[139] := 19 18
              18 11
              11 16
              16 37
              ;
set F[140] := 19 20
              20 41
              ;
set F[141] := 20 21
              21 12
              12 13
              13 7
              7 2
              2 23
              ;
set F[142] := 20 21
              21 12
              12 13
              13 3
              3 24
              ;
set F[143] := 20 21
              21 12
              12 13
              13 3
              3 4
              4 25
              ;
set F[144] := 20 21
              21 12
              12 13
              13 7
              7 8
              8 5
              5 26
              ;
set F[145] := 20 21
              21 12
              12 17
              17 10
              10 9
              9 6
              6 27
              ;
set F[146] := 20 21
              21 12
              12 13
              13 7
              7 28
              ;
set F[147] := 20 21
              21 12
              12 13
              13 7
              7 8
              8 29
              ;
set F[148] := 20 21
              21 12
              12 17
              17 10
              10 9
              9 30
              ;
set F[149] := 20 21
              21 12
              12 17
              17 10
              10 31
              ;
set F[150] := 20 19
              19 18
              18 11
              11 32
              ;
set F[151] := 20 21
              21 12
              12 33
              ;
set F[152] := 20 19
              19 18
              18 11
              11 16
              16 37
              ;
set F[153] := 20 19
              19 18
              18 39
              ;
set F[154] := 20 19
              19 40
              ;
set F[155] := 20 21
              21 42
              ;
set F[156] := 21 12
              12 13
              13 3
              3 24
              ;
set F[157] := 21 12
              12 13
              13 3
              3 4
              4 25
              ;
set F[158] := 21 12
              12 13
              13 7
              7 8
              8 5
              5 26
              ;
set F[159] := 21 12
              12 13
              13 7
              7 28
              ;
set F[160] := 21 12
              12 13
              13 7
              7 8
              8 29
              ;
set F[161] := 21 12
              12 17
              17 10
              10 9
              9 30
              ;
set F[162] := 21 12
              12 17
              17 10
              10 31
              ;
set F[163] := 21 20
              20 19
              19 18
              18 11
              11 32
              ;
set F[164] := 21 12
              12 33
              ;
set F[165] := 21 20
              20 19
              19 18
              18 11
              11 16
              16 37
              ;
set F[166] := 21 20
              20 19
              19 18
              18 39
              ;
set F[167] := 21 20
              20 19
              19 40
              ;
set F[168] := 21 20
              20 41
              ;
set Last[1] := 3 24;
set Last[2] := 4 25;
set Last[3] := 5 26;
set Last[4] := 7 28;
set Last[5] := 8 29;
set Last[6] := 10 31;
set Last[7] := 11 32;
set Last[8] := 12 33;
set Last[9] := 16 37;
set Last[10] := 18 39;
set Last[11] := 20 41;
set Last[12] := 3 24;
set Last[13] := 5 26;
set Last[14] := 7 28;
set Last[15] := 11 32;
set Last[16] := 20 41;
set Last[17] := 4 25;
set Last[18] := 5 26;
set Last[19] := 7 28;
set Last[20] := 8 29;
set Last[21] := 10 31;
set Last[22] := 11 32;
set Last[23] := 12 33;
set Last[24] := 16 37;
set Last[25] := 18 39;
set Last[26] := 19 40;
set Last[27] := 20 41;
set Last[28] := 2 23;
set Last[29] := 3 24;
set Last[30] := 5 26;
set Last[31] := 6 27;
set Last[32] := 7 28;
set Last[33] := 8 29;
set Last[34] := 9 30;
set Last[35] := 10 31;
set Last[36] := 11 32;
set Last[37] := 12 33;
set Last[38] := 16 37;
set Last[39] := 18 39;
set Last[40] := 19 40;
set Last[41] := 20 41;
set Last[42] := 21 42;
set Last[43] := 3 24;
set Last[44] := 4 25;
set Last[45] := 7 28;
set Last[46] := 8 29;
set Last[47] := 10 31;
set Last[48] := 11 32;
set Last[49] := 12 33;
set Last[50] := 16 37;
set Last[51] := 18 39;
set Last[52] := 19 40;
set Last[53] := 20 41;
set Last[54] := 7 28;
set Last[55] := 3 24;
set Last[56] := 4 25;
set Last[57] := 5 26;
set Last[58] := 7 28;
set Last[59] := 8 29;
set Last[60] := 10 31;
set Last[61] := 11 32;
set Last[62] := 12 33;
set Last[63] := 16 37;
set Last[64] := 18 39;
set Last[65] := 19 40;
set Last[66] := 20 41;
set Last[67] := 5 26;
set Last[68] := 7 28;
set Last[69] := 11 32;
set Last[70] := 20 41;
set Last[71] := 1 22;
set Last[72] := 2 23;
set Last[73] := 3 24;
set Last[74] := 4 25;
set Last[75] := 5 26;
set Last[76] := 6 27;
set Last[77] := 7 28;
set Last[78] := 8 29;
set Last[79] := 9 30;
set Last[80] := 10 31;
set Last[81] := 11 32;
set Last[82] := 15 36;
set Last[83] := 16 37;
set Last[84] := 18 39;
set Last[85] := 19 40;
set Last[86] := 20 41;
set Last[87] := 21 42;
set Last[88] := 3 24;
set Last[89] := 4 25;
set Last[90] := 5 26;
set Last[91] := 7 28;
set Last[92] := 8 29;
set Last[93] := 10 31;
set Last[94] := 11 32;
set Last[95] := 12 33;
set Last[96] := 16 37;
set Last[97] := 18 39;
set Last[98] := 19 40;
set Last[99] := 20 41;
set Last[100] := 3 24;
set Last[101] := 4 25;
set Last[102] := 5 26;
set Last[103] := 7 28;
set Last[104] := 8 29;
set Last[105] := 11 32;
set Last[106] := 16 37;
set Last[107] := 20 41;
set Last[108] := 2 23;
set Last[109] := 3 24;
set Last[110] := 4 25;
set Last[111] := 5 26;
set Last[112] := 6 27;
set Last[113] := 7 28;
set Last[114] := 8 29;
set Last[115] := 9 30;
set Last[116] := 10 31;
set Last[117] := 11 32;
set Last[118] := 12 33;
set Last[119] := 16 37;
set Last[120] := 18 39;
set Last[121] := 19 40;
set Last[122] := 20 41;
set Last[123] := 21 42;
set Last[124] := 3 24;
set Last[125] := 4 25;
set Last[126] := 5 26;
set Last[127] := 7 28;
set Last[128] := 8 29;
set Last[129] := 11 32;
set Last[130] := 16 37;
set Last[131] := 20 41;
set Last[132] := 3 24;
set Last[133] := 4 25;
set Last[134] := 5 26;
set Last[135] := 7 28;
set Last[136] := 8 29;
set Last[137] := 10 31;
set Last[138] := 11 32;
set Last[139] := 16 37;
set Last[140] := 20 41;
set Last[141] := 2 23;
set Last[142] := 3 24;
set Last[143] := 4 25;
set Last[144] := 5 26;
set Last[145] := 6 27;
set Last[146] := 7 28;
set Last[147] := 8 29;
set Last[148] := 9 30;
set Last[149] := 10 31;
set Last[150] := 11 32;
set Last[151] := 12 33;
set Last[152] := 16 37;
set Last[153] := 18 39;
set Last[154] := 19 40;
set Last[155] := 21 42;
set Last[156] := 3 24;
set Last[157] := 4 25;
set Last[158] := 5 26;
set Last[159] := 7 28;
set Last[160] := 8 29;
set Last[161] := 9 30;
set Last[162] := 10 31;
set Last[163] := 11 32;
set Last[164] := 12 33;
set Last[165] := 16 37;
set Last[166] := 18 39;
set Last[167] := 19 40;
set Last[168] := 20 41;

param q := 5;

end;
