data;

set V := 1 2 3 4 5 6 7 8 9 10 11 12 13 14 15 16 17 18 19 20 21 22 23 24 25 26 27 28 29 30 31 32 33 34 35 36 37 38 39 40 41 42 43 44;

set A := 1 4
         1 5
         1 23
         2 7
         2 8
         2 24
         3 4
         3 14
         3 25
         4 1
         4 3
         4 26
         5 1
         5 8
         5 11
         5 12
         5 19
         5 27
         6 8
         6 9
         6 28
         7 2
         7 11
         7 29
         8 2
         8 5
         8 6
         8 20
         8 21
         8 30
         9 6
         9 10
         9 31
         10 9
         10 12
         10 32
         11 5
         11 7
         11 33
         12 5
         12 10
         12 34
         13 14
         13 22
         13 35
         14 3
         14 13
         14 36
         15 16
         15 20
         15 37
         16 15
         16 17
         16 38
         17 16
         17 18
         17 39
         18 17
         18 19
         18 40
         19 5
         19 18
         19 41
         20 8
         20 15
         20 42
         21 8
         21 22
         21 43
         22 13
         22 21
         22 44
         ;

set S := 1 2 3 4 5 6 7 8 9 10 11 12 13 14 15 16 17 18 19 20 21 22 23 24 25 26 27 28 29 30 31 32 33 34 35 36 37 38 39 40 41 42 43 44 45 46 47 48 49 50 51 52 53 54 55 56 57 58 59 60 61 62 63 64 65 66 67 68 69 70 71 72 73 74 75 76 77 78 79 80 81 82 83 84 85 86 87 88 89 90 91 92 93 94 95 96 97 98 99 100 101 102 103 104 105 106 107 108 109 110 111 112 113 114 115 116 117 118 119 120 121 122 123 124 125 126 127 128 129 130 131 132 133 134 135 136 137 138 139 140 141 142 143 144 145 146 147 148 149 150 151 152 153 154 155 156 157 158 159 160 161 162 163 164 165 166 167 168 169 170 171 172 173 174 175 176 177 178 179 180 181 182 183 184 185 186 187 188 189 190 191 192 193 194 195 196 197 198 199 200 201 202 203 204 205 206 207 208 209 210 211 212 213 214 215 216 217 218 219 220 221 222 223 224 225 226 227 228 229 230 231 232 233 234 235 236 237 238 239 240 241 242 243 244 245 246 247 248 249 250 251 252 253 254 255 256 257 258 259 260 261 262 263 264 265 266 267 268 269 270 271 272 273 274 275 276 277 278 279 280 281 282 283 284 285 286 287 288 289 290 291 292 293 294 295 296 297 298 299 300 301 302 303 304 305 306 307 308 309 310 311 312 313 314 315 316 317 318 319 320 321 322 323 324 325 326 327 328 329 330 331 332 333 334 335 336 337 338 339 340 341 342 343 344 345 346 347 348 349 350 351 352 353 354 355 356 357 358 359 360 361 362 363 364 365 366 367 368 369;

set F[1] := 1 5
            5 8
            8 2
            2 24
            ;
set F[2] := 1 4
            4 3
            3 25
            ;
set F[3] := 1 4
            4 26
            ;
set F[4] := 1 5
            5 27
            ;
set F[5] := 1 5
            5 8
            8 6
            6 28
            ;
set F[6] := 1 5
            5 8
            8 30
            ;
set F[7] := 1 5
            5 12
            12 10
            10 9
            9 31
            ;
set F[8] := 1 5
            5 12
            12 10
            10 32
            ;
set F[9] := 1 5
            5 11
            11 33
            ;
set F[10] := 1 4
             4 3
             3 14
             14 36
             ;
set F[11] := 1 5
             5 8
             8 20
             20 15
             15 37
             ;
set F[12] := 1 5
             5 19
             19 18
             18 17
             17 39
             ;
set F[13] := 1 5
             5 19
             19 18
             18 40
             ;
set F[14] := 1 5
             5 19
             19 41
             ;
set F[15] := 1 5
             5 8
             8 20
             20 42
             ;
set F[16] := 1 5
             5 8
             8 21
             21 22
             22 44
             ;
set F[17] := 2 8
             8 5
             5 1
             1 23
             ;
set F[18] := 2 8
             8 5
             5 1
             1 4
             4 3
             3 25
             ;
set F[19] := 2 8
             8 5
             5 1
             1 4
             4 26
             ;
set F[20] := 2 8
             8 5
             5 27
             ;
set F[21] := 2 8
             8 6
             6 28
             ;
set F[22] := 2 8
             8 30
             ;
set F[23] := 2 8
             8 6
             6 9
             9 31
             ;
set F[24] := 2 8
             8 5
             5 12
             12 10
             10 32
             ;
set F[25] := 2 7
             7 11
             11 33
             ;
set F[26] := 2 8
             8 21
             21 22
             22 13
             13 14
             14 36
             ;
set F[27] := 2 8
             8 20
             20 15
             15 37
             ;
set F[28] := 2 8
             8 5
             5 19
             19 18
             18 17
             17 39
             ;
set F[29] := 2 8
             8 5
             5 19
             19 18
             18 40
             ;
set F[30] := 2 8
             8 5
             5 19
             19 41
             ;
set F[31] := 2 8
             8 20
             20 42
             ;
set F[32] := 2 8
             8 21
             21 22
             22 44
             ;
set F[33] := 3 4
             4 1
             1 23
             ;
set F[34] := 3 4
             4 1
             1 5
             5 8
             8 2
             2 24
             ;
set F[35] := 3 4
             4 26
             ;
set F[36] := 3 4
             4 1
             1 5
             5 27
             ;
set F[37] := 3 4
             4 1
             1 5
             5 8
             8 6
             6 28
             ;
set F[38] := 3 4
             4 1
             1 5
             5 8
             8 30
             ;
set F[39] := 3 4
             4 1
             1 5
             5 12
             12 10
             10 9
             9 31
             ;
set F[40] := 3 4
             4 1
             1 5
             5 12
             12 10
             10 32
             ;
set F[41] := 3 14
             14 36
             ;
set F[42] := 3 4
             4 1
             1 5
             5 8
             8 20
             20 15
             15 37
             ;
set F[43] := 3 4
             4 1
             1 5
             5 19
             19 18
             18 40
             ;
set F[44] := 3 4
             4 1
             1 5
             5 19
             19 41
             ;
set F[45] := 3 4
             4 1
             1 5
             5 8
             8 20
             20 42
             ;
set F[46] := 3 14
             14 13
             13 22
             22 44
             ;
set F[47] := 4 1
             1 23
             ;
set F[48] := 4 1
             1 5
             5 8
             8 2
             2 24
             ;
set F[49] := 4 3
             3 25
             ;
set F[50] := 4 1
             1 5
             5 27
             ;
set F[51] := 4 1
             1 5
             5 8
             8 6
             6 28
             ;
set F[52] := 4 1
             1 5
             5 8
             8 30
             ;
set F[53] := 4 1
             1 5
             5 12
             12 10
             10 9
             9 31
             ;
set F[54] := 4 1
             1 5
             5 12
             12 10
             10 32
             ;
set F[55] := 4 1
             1 5
             5 11
             11 33
             ;
set F[56] := 4 3
             3 14
             14 36
             ;
set F[57] := 4 1
             1 5
             5 8
             8 20
             20 15
             15 37
             ;
set F[58] := 4 1
             1 5
             5 19
             19 18
             18 17
             17 39
             ;
set F[59] := 4 1
             1 5
             5 19
             19 18
             18 40
             ;
set F[60] := 4 1
             1 5
             5 19
             19 41
             ;
set F[61] := 4 1
             1 5
             5 8
             8 20
             20 42
             ;
set F[62] := 4 3
             3 14
             14 13
             13 22
             22 44
             ;
set F[63] := 6 8
             8 5
             5 1
             1 23
             ;
set F[64] := 6 8
             8 2
             2 24
             ;
set F[65] := 6 8
             8 5
             5 1
             1 4
             4 3
             3 25
             ;
set F[66] := 6 8
             8 5
             5 1
             1 4
             4 26
             ;
set F[67] := 6 8
             8 5
             5 27
             ;
set F[68] := 6 8
             8 30
             ;
set F[69] := 6 9
             9 31
             ;
set F[70] := 6 9
             9 10
             10 32
             ;
set F[71] := 6 8
             8 5
             5 11
             11 33
             ;
set F[72] := 6 8
             8 21
             21 22
             22 13
             13 14
             14 36
             ;
set F[73] := 6 8
             8 20
             20 15
             15 37
             ;
set F[74] := 6 8
             8 5
             5 19
             19 18
             18 17
             17 39
             ;
set F[75] := 6 8
             8 5
             5 19
             19 18
             18 40
             ;
set F[76] := 6 8
             8 5
             5 19
             19 41
             ;
set F[77] := 6 8
             8 20
             20 42
             ;
set F[78] := 6 8
             8 21
             21 22
             22 44
             ;
set F[79] := 7 11
             11 5
             5 1
             1 23
             ;
set F[80] := 7 2
             2 24
             ;
set F[81] := 7 11
             11 5
             5 1
             1 4
             4 3
             3 25
             ;
set F[82] := 7 11
             11 5
             5 1
             1 4
             4 26
             ;
set F[83] := 7 11
             11 5
             5 27
             ;
set F[84] := 7 2
             2 8
             8 6
             6 28
             ;
set F[85] := 7 2
             2 8
             8 30
             ;
set F[86] := 7 2
             2 8
             8 6
             6 9
             9 31
             ;
set F[87] := 7 11
             11 5
             5 12
             12 10
             10 32
             ;
set F[88] := 7 11
             11 33
             ;
set F[89] := 7 2
             2 8
             8 21
             21 22
             22 13
             13 35
             ;
set F[90] := 7 2
             2 8
             8 21
             21 22
             22 13
             13 14
             14 36
             ;
set F[91] := 7 2
             2 8
             8 20
             20 15
             15 37
             ;
set F[92] := 7 2
             2 8
             8 20
             20 15
             15 16
             16 38
             ;
set F[93] := 7 11
             11 5
             5 19
             19 18
             18 17
             17 39
             ;
set F[94] := 7 11
             11 5
             5 19
             19 18
             18 40
             ;
set F[95] := 7 11
             11 5
             5 19
             19 41
             ;
set F[96] := 7 2
             2 8
             8 20
             20 42
             ;
set F[97] := 7 2
             2 8
             8 21
             21 43
             ;
set F[98] := 7 2
             2 8
             8 21
             21 22
             22 44
             ;
set F[99] := 8 5
             5 1
             1 23
             ;
set F[100] := 8 2
              2 24
              ;
set F[101] := 8 5
              5 1
              1 4
              4 3
              3 25
              ;
set F[102] := 8 5
              5 1
              1 4
              4 26
              ;
set F[103] := 8 5
              5 27
              ;
set F[104] := 8 6
              6 28
              ;
set F[105] := 8 2
              2 7
              7 29
              ;
set F[106] := 8 6
              6 9
              9 31
              ;
set F[107] := 8 5
              5 12
              12 10
              10 32
              ;
set F[108] := 8 5
              5 11
              11 33
              ;
set F[109] := 8 5
              5 12
              12 34
              ;
set F[110] := 8 21
              21 22
              22 13
              13 35
              ;
set F[111] := 8 21
              21 22
              22 13
              13 14
              14 36
              ;
set F[112] := 8 20
              20 15
              15 37
              ;
set F[113] := 8 20
              20 15
              15 16
              16 38
              ;
set F[114] := 8 5
              5 19
              19 18
              18 17
              17 39
              ;
set F[115] := 8 5
              5 19
              19 18
              18 40
              ;
set F[116] := 8 5
              5 19
              19 41
              ;
set F[117] := 8 20
              20 42
              ;
set F[118] := 8 21
              21 43
              ;
set F[119] := 8 21
              21 22
              22 44
              ;
set F[120] := 9 6
              6 8
              8 5
              5 1
              1 23
              ;
set F[121] := 9 6
              6 8
              8 2
              2 24
              ;
set F[122] := 9 6
              6 8
              8 5
              5 1
              1 4
              4 3
              3 25
              ;
set F[123] := 9 6
              6 8
              8 5
              5 1
              1 4
              4 26
              ;
set F[124] := 9 6
              6 8
              8 5
              5 27
              ;
set F[125] := 9 6
              6 28
              ;
set F[126] := 9 6
              6 8
              8 30
              ;
set F[127] := 9 10
              10 32
              ;
set F[128] := 9 6
              6 8
              8 5
              5 11
              11 33
              ;
set F[129] := 9 6
              6 8
              8 21
              21 22
              22 13
              13 35
              ;
set F[130] := 9 6
              6 8
              8 21
              21 22
              22 13
              13 14
              14 36
              ;
set F[131] := 9 6
              6 8
              8 20
              20 15
              15 37
              ;
set F[132] := 9 6
              6 8
              8 20
              20 15
              15 16
              16 38
              ;
set F[133] := 9 6
              6 8
              8 5
              5 19
              19 18
              18 17
              17 39
              ;
set F[134] := 9 6
              6 8
              8 5
              5 19
              19 18
              18 40
              ;
set F[135] := 9 6
              6 8
              8 5
              5 19
              19 41
              ;
set F[136] := 9 6
              6 8
              8 20
              20 42
              ;
set F[137] := 9 6
              6 8
              8 21
              21 43
              ;
set F[138] := 9 6
              6 8
              8 21
              21 22
              22 44
              ;
set F[139] := 10 12
              12 5
              5 1
              1 23
              ;
set F[140] := 10 9
              9 6
              6 8
              8 2
              2 24
              ;
set F[141] := 10 12
              12 5
              5 1
              1 4
              4 3
              3 25
              ;
set F[142] := 10 12
              12 5
              5 1
              1 4
              4 26
              ;
set F[143] := 10 12
              12 5
              5 27
              ;
set F[144] := 10 9
              9 6
              6 28
              ;
set F[145] := 10 9
              9 6
              6 8
              8 30
              ;
set F[146] := 10 9
              9 31
              ;
set F[147] := 10 12
              12 5
              5 1
              1 4
              4 3
              3 14
              14 36
              ;
set F[148] := 10 9
              9 6
              6 8
              8 20
              20 15
              15 37
              ;
set F[149] := 10 12
              12 5
              5 19
              19 18
              18 17
              17 39
              ;
set F[150] := 10 12
              12 5
              5 19
              19 18
              18 40
              ;
set F[151] := 10 12
              12 5
              5 19
              19 41
              ;
set F[152] := 10 9
              9 6
              6 8
              8 20
              20 42
              ;
set F[153] := 10 9
              9 6
              6 8
              8 21
              21 22
              22 44
              ;
set F[154] := 11 5
              5 1
              1 23
              ;
set F[155] := 11 7
              7 2
              2 24
              ;
set F[156] := 11 5
              5 1
              1 4
              4 3
              3 25
              ;
set F[157] := 11 5
              5 1
              1 4
              4 26
              ;
set F[158] := 11 5
              5 27
              ;
set F[159] := 11 5
              5 8
              8 6
              6 28
              ;
set F[160] := 11 5
              5 8
              8 30
              ;
set F[161] := 11 5
              5 12
              12 10
              10 9
              9 31
              ;
set F[162] := 11 5
              5 12
              12 10
              10 32
              ;
set F[163] := 11 5
              5 8
              8 21
              21 22
              22 13
              13 35
              ;
set F[164] := 11 5
              5 1
              1 4
              4 3
              3 14
              14 36
              ;
set F[165] := 11 5
              5 8
              8 20
              20 15
              15 37
              ;
set F[166] := 11 5
              5 19
              19 18
              18 17
              17 16
              16 38
              ;
set F[167] := 11 5
              5 19
              19 18
              18 17
              17 39
              ;
set F[168] := 11 5
              5 19
              19 18
              18 40
              ;
set F[169] := 11 5
              5 19
              19 41
              ;
set F[170] := 11 5
              5 8
              8 20
              20 42
              ;
set F[171] := 11 5
              5 8
              8 21
              21 43
              ;
set F[172] := 11 5
              5 8
              8 21
              21 22
              22 44
              ;
set F[173] := 12 5
              5 1
              1 23
              ;
set F[174] := 12 5
              5 8
              8 2
              2 24
              ;
set F[175] := 12 5
              5 1
              1 4
              4 3
              3 25
              ;
set F[176] := 12 5
              5 1
              1 4
              4 26
              ;
set F[177] := 12 5
              5 27
              ;
set F[178] := 12 5
              5 8
              8 6
              6 28
              ;
set F[179] := 12 5
              5 8
              8 30
              ;
set F[180] := 12 10
              10 9
              9 31
              ;
set F[181] := 12 10
              10 32
              ;
set F[182] := 12 5
              5 11
              11 33
              ;
set F[183] := 12 5
              5 8
              8 21
              21 22
              22 13
              13 35
              ;
set F[184] := 12 5
              5 1
              1 4
              4 3
              3 14
              14 36
              ;
set F[185] := 12 5
              5 8
              8 20
              20 15
              15 37
              ;
set F[186] := 12 5
              5 19
              19 18
              18 17
              17 16
              16 38
              ;
set F[187] := 12 5
              5 19
              19 18
              18 17
              17 39
              ;
set F[188] := 12 5
              5 19
              19 18
              18 40
              ;
set F[189] := 12 5
              5 19
              19 41
              ;
set F[190] := 12 5
              5 8
              8 20
              20 42
              ;
set F[191] := 12 5
              5 8
              8 21
              21 43
              ;
set F[192] := 12 5
              5 8
              8 21
              21 22
              22 44
              ;
set F[193] := 13 14
              14 3
              3 4
              4 1
              1 23
              ;
set F[194] := 13 22
              22 21
              21 8
              8 2
              2 24
              ;
set F[195] := 13 14
              14 3
              3 25
              ;
set F[196] := 13 14
              14 3
              3 4
              4 26
              ;
set F[197] := 13 22
              22 21
              21 8
              8 5
              5 27
              ;
set F[198] := 13 22
              22 21
              21 8
              8 6
              6 28
              ;
set F[199] := 13 22
              22 21
              21 8
              8 30
              ;
set F[200] := 13 22
              22 21
              21 8
              8 6
              6 9
              9 31
              ;
set F[201] := 13 22
              22 21
              21 8
              8 5
              5 12
              12 10
              10 32
              ;
set F[202] := 13 14
              14 36
              ;
set F[203] := 13 22
              22 21
              21 8
              8 20
              20 15
              15 37
              ;
set F[204] := 13 22
              22 21
              21 8
              8 5
              5 19
              19 18
              18 17
              17 39
              ;
set F[205] := 13 22
              22 21
              21 8
              8 5
              5 19
              19 18
              18 40
              ;
set F[206] := 13 22
              22 21
              21 8
              8 5
              5 19
              19 41
              ;
set F[207] := 13 22
              22 21
              21 8
              8 20
              20 42
              ;
set F[208] := 13 22
              22 44
              ;
set F[209] := 14 3
              3 4
              4 1
              1 23
              ;
set F[210] := 14 13
              13 22
              22 21
              21 8
              8 2
              2 24
              ;
set F[211] := 14 3
              3 4
              4 26
              ;
set F[212] := 14 3
              3 4
              4 1
              1 5
              5 27
              ;
set F[213] := 14 13
              13 22
              22 21
              21 8
              8 6
              6 28
              ;
set F[214] := 14 13
              13 22
              22 21
              21 8
              8 30
              ;
set F[215] := 14 13
              13 22
              22 21
              21 8
              8 6
              6 9
              9 31
              ;
set F[216] := 14 3
              3 4
              4 1
              1 5
              5 12
              12 10
              10 32
              ;
set F[217] := 14 13
              13 22
              22 21
              21 8
              8 20
              20 15
              15 37
              ;
set F[218] := 14 3
              3 4
              4 1
              1 5
              5 19
              19 18
              18 40
              ;
set F[219] := 14 3
              3 4
              4 1
              1 5
              5 19
              19 41
              ;
set F[220] := 14 13
              13 22
              22 21
              21 8
              8 20
              20 42
              ;
set F[221] := 14 13
              13 22
              22 44
              ;
set F[222] := 15 20
              20 8
              8 5
              5 1
              1 23
              ;
set F[223] := 15 20
              20 8
              8 2
              2 24
              ;
set F[224] := 15 20
              20 8
              8 5
              5 1
              1 4
              4 3
              3 25
              ;
set F[225] := 15 20
              20 8
              8 5
              5 1
              1 4
              4 26
              ;
set F[226] := 15 20
              20 8
              8 5
              5 27
              ;
set F[227] := 15 20
              20 8
              8 6
              6 28
              ;
set F[228] := 15 20
              20 8
              8 30
              ;
set F[229] := 15 20
              20 8
              8 6
              6 9
              9 31
              ;
set F[230] := 15 20
              20 8
              8 5
              5 12
              12 10
              10 32
              ;
set F[231] := 15 20
              20 8
              8 5
              5 11
              11 33
              ;
set F[232] := 15 20
              20 8
              8 21
              21 22
              22 13
              13 35
              ;
set F[233] := 15 20
              20 8
              8 21
              21 22
              22 13
              13 14
              14 36
              ;
set F[234] := 15 16
              16 38
              ;
set F[235] := 15 16
              16 17
              17 39
              ;
set F[236] := 15 16
              16 17
              17 18
              18 40
              ;
set F[237] := 15 20
              20 8
              8 5
              5 19
              19 41
              ;
set F[238] := 15 20
              20 42
              ;
set F[239] := 15 20
              20 8
              8 21
              21 43
              ;
set F[240] := 15 20
              20 8
              8 21
              21 22
              22 44
              ;
set F[241] := 16 15
              15 20
              20 8
              8 5
              5 1
              1 23
              ;
set F[242] := 16 15
              15 20
              20 8
              8 2
              2 24
              ;
set F[243] := 16 15
              15 20
              20 8
              8 5
              5 1
              1 4
              4 3
              3 25
              ;
set F[244] := 16 15
              15 20
              20 8
              8 5
              5 1
              1 4
              4 26
              ;
set F[245] := 16 15
              15 20
              20 8
              8 5
              5 27
              ;
set F[246] := 16 15
              15 20
              20 8
              8 6
              6 28
              ;
set F[247] := 16 15
              15 20
              20 8
              8 30
              ;
set F[248] := 16 15
              15 20
              20 8
              8 6
              6 9
              9 31
              ;
set F[249] := 16 15
              15 20
              20 8
              8 5
              5 12
              12 10
              10 32
              ;
set F[250] := 16 15
              15 20
              20 8
              8 5
              5 11
              11 33
              ;
set F[251] := 16 15
              15 20
              20 8
              8 21
              21 22
              22 13
              13 35
              ;
set F[252] := 16 15
              15 20
              20 8
              8 21
              21 22
              22 13
              13 14
              14 36
              ;
set F[253] := 16 15
              15 37
              ;
set F[254] := 16 17
              17 39
              ;
set F[255] := 16 17
              17 18
              18 40
              ;
set F[256] := 16 17
              17 18
              18 19
              19 41
              ;
set F[257] := 16 15
              15 20
              20 42
              ;
set F[258] := 16 15
              15 20
              20 8
              8 21
              21 43
              ;
set F[259] := 16 15
              15 20
              20 8
              8 21
              21 22
              22 44
              ;
set F[260] := 17 18
              18 19
              19 5
              5 1
              1 23
              ;
set F[261] := 17 16
              16 15
              15 20
              20 8
              8 2
              2 24
              ;
set F[262] := 17 18
              18 19
              19 5
              5 1
              1 4
              4 3
              3 25
              ;
set F[263] := 17 18
              18 19
              19 5
              5 1
              1 4
              4 26
              ;
set F[264] := 17 18
              18 19
              19 5
              5 27
              ;
set F[265] := 17 16
              16 15
              15 20
              20 8
              8 6
              6 28
              ;
set F[266] := 17 16
              16 15
              15 20
              20 8
              8 30
              ;
set F[267] := 17 16
              16 15
              15 20
              20 8
              8 6
              6 9
              9 31
              ;
set F[268] := 17 18
              18 19
              19 5
              5 12
              12 10
              10 32
              ;
set F[269] := 17 18
              18 19
              19 5
              5 11
              11 33
              ;
set F[270] := 17 16
              16 15
              15 20
              20 8
              8 21
              21 22
              22 13
              13 35
              ;
set F[271] := 17 18
              18 19
              19 5
              5 1
              1 4
              4 3
              3 14
              14 36
              ;
set F[272] := 17 16
              16 15
              15 37
              ;
set F[273] := 17 16
              16 38
              ;
set F[274] := 17 18
              18 40
              ;
set F[275] := 17 18
              18 19
              19 41
              ;
set F[276] := 17 16
              16 15
              15 20
              20 42
              ;
set F[277] := 17 16
              16 15
              15 20
              20 8
              8 21
              21 43
              ;
set F[278] := 17 16
              16 15
              15 20
              20 8
              8 21
              21 22
              22 44
              ;
set F[279] := 18 19
              19 5
              5 1
              1 23
              ;
set F[280] := 18 19
              19 5
              5 8
              8 2
              2 24
              ;
set F[281] := 18 19
              19 5
              5 1
              1 4
              4 3
              3 25
              ;
set F[282] := 18 19
              19 5
              5 1
              1 4
              4 26
              ;
set F[283] := 18 19
              19 5
              5 27
              ;
set F[284] := 18 19
              19 5
              5 8
              8 6
              6 28
              ;
set F[285] := 18 19
              19 5
              5 8
              8 30
              ;
set F[286] := 18 19
              19 5
              5 12
              12 10
              10 9
              9 31
              ;
set F[287] := 18 19
              19 5
              5 12
              12 10
              10 32
              ;
set F[288] := 18 19
              19 5
              5 11
              11 33
              ;
set F[289] := 18 19
              19 5
              5 8
              8 21
              21 22
              22 13
              13 35
              ;
set F[290] := 18 19
              19 5
              5 1
              1 4
              4 3
              3 14
              14 36
              ;
set F[291] := 18 17
              17 16
              16 15
              15 37
              ;
set F[292] := 18 17
              17 16
              16 38
              ;
set F[293] := 18 17
              17 39
              ;
set F[294] := 18 19
              19 41
              ;
set F[295] := 18 17
              17 16
              16 15
              15 20
              20 42
              ;
set F[296] := 18 19
              19 5
              5 8
              8 21
              21 43
              ;
set F[297] := 18 19
              19 5
              5 8
              8 21
              21 22
              22 44
              ;
set F[298] := 19 5
              5 1
              1 23
              ;
set F[299] := 19 5
              5 8
              8 2
              2 24
              ;
set F[300] := 19 5
              5 1
              1 4
              4 3
              3 25
              ;
set F[301] := 19 5
              5 1
              1 4
              4 26
              ;
set F[302] := 19 5
              5 27
              ;
set F[303] := 19 5
              5 8
              8 6
              6 28
              ;
set F[304] := 19 5
              5 8
              8 30
              ;
set F[305] := 19 5
              5 12
              12 10
              10 9
              9 31
              ;
set F[306] := 19 5
              5 12
              12 10
              10 32
              ;
set F[307] := 19 5
              5 11
              11 33
              ;
set F[308] := 19 5
              5 8
              8 21
              21 22
              22 13
              13 35
              ;
set F[309] := 19 5
              5 1
              1 4
              4 3
              3 14
              14 36
              ;
set F[310] := 19 5
              5 8
              8 20
              20 15
              15 37
              ;
set F[311] := 19 18
              18 17
              17 16
              16 38
              ;
set F[312] := 19 18
              18 17
              17 39
              ;
set F[313] := 19 18
              18 40
              ;
set F[314] := 19 5
              5 8
              8 20
              20 42
              ;
set F[315] := 19 5
              5 8
              8 21
              21 43
              ;
set F[316] := 19 5
              5 8
              8 21
              21 22
              22 44
              ;
set F[317] := 20 8
              8 5
              5 1
              1 23
              ;
set F[318] := 20 8
              8 2
              2 24
              ;
set F[319] := 20 8
              8 5
              5 1
              1 4
              4 3
              3 25
              ;
set F[320] := 20 8
              8 5
              5 1
              1 4
              4 26
              ;
set F[321] := 20 8
              8 5
              5 27
              ;
set F[322] := 20 8
              8 6
              6 28
              ;
set F[323] := 20 8
              8 30
              ;
set F[324] := 20 8
              8 6
              6 9
              9 31
              ;
set F[325] := 20 8
              8 5
              5 12
              12 10
              10 32
              ;
set F[326] := 20 8
              8 5
              5 11
              11 33
              ;
set F[327] := 20 8
              8 21
              21 22
              22 13
              13 14
              14 36
              ;
set F[328] := 20 15
              15 37
              ;
set F[329] := 20 15
              15 16
              16 17
              17 39
              ;
set F[330] := 20 8
              8 5
              5 19
              19 18
              18 40
              ;
set F[331] := 20 8
              8 5
              5 19
              19 41
              ;
set F[332] := 20 8
              8 21
              21 43
              ;
set F[333] := 20 8
              8 21
              21 22
              22 44
              ;
set F[334] := 21 8
              8 5
              5 1
              1 23
              ;
set F[335] := 21 8
              8 2
              2 24
              ;
set F[336] := 21 22
              22 13
              13 14
              14 3
              3 25
              ;
set F[337] := 21 8
              8 5
              5 1
              1 4
              4 26
              ;
set F[338] := 21 8
              8 5
              5 27
              ;
set F[339] := 21 8
              8 6
              6 28
              ;
set F[340] := 21 8
              8 30
              ;
set F[341] := 21 8
              8 6
              6 9
              9 31
              ;
set F[342] := 21 8
              8 5
              5 12
              12 10
              10 32
              ;
set F[343] := 21 8
              8 5
              5 11
              11 33
              ;
set F[344] := 21 22
              22 13
              13 35
              ;
set F[345] := 21 22
              22 13
              13 14
              14 36
              ;
set F[346] := 21 8
              8 20
              20 15
              15 37
              ;
set F[347] := 21 8
              8 20
              20 15
              15 16
              16 38
              ;
set F[348] := 21 8
              8 5
              5 19
              19 18
              18 17
              17 39
              ;
set F[349] := 21 8
              8 5
              5 19
              19 18
              18 40
              ;
set F[350] := 21 8
              8 5
              5 19
              19 41
              ;
set F[351] := 21 8
              8 20
              20 42
              ;
set F[352] := 21 22
              22 44
              ;
set F[353] := 22 21
              21 8
              8 5
              5 1
              1 23
              ;
set F[354] := 22 21
              21 8
              8 2
              2 24
              ;
set F[355] := 22 13
              13 14
              14 3
              3 25
              ;
set F[356] := 22 13
              13 14
              14 3
              3 4
              4 26
              ;
set F[357] := 22 21
              21 8
              8 5
              5 27
              ;
set F[358] := 22 21
              21 8
              8 6
              6 28
              ;
set F[359] := 22 21
              21 8
              8 30
              ;
set F[360] := 22 21
              21 8
              8 6
              6 9
              9 31
              ;
set F[361] := 22 21
              21 8
              8 5
              5 12
              12 10
              10 32
              ;
set F[362] := 22 21
              21 8
              8 5
              5 11
              11 33
              ;
set F[363] := 22 13
              13 14
              14 36
              ;
set F[364] := 22 21
              21 8
              8 20
              20 15
              15 37
              ;
set F[365] := 22 21
              21 8
              8 5
              5 19
              19 18
              18 17
              17 39
              ;
set F[366] := 22 21
              21 8
              8 5
              5 19
              19 18
              18 40
              ;
set F[367] := 22 21
              21 8
              8 5
              5 19
              19 41
              ;
set F[368] := 22 21
              21 8
              8 20
              20 42
              ;
set F[369] := 22 21
              21 43
              ;
set Last[1] := 2 24;
set Last[2] := 3 25;
set Last[3] := 4 26;
set Last[4] := 5 27;
set Last[5] := 6 28;
set Last[6] := 8 30;
set Last[7] := 9 31;
set Last[8] := 10 32;
set Last[9] := 11 33;
set Last[10] := 14 36;
set Last[11] := 15 37;
set Last[12] := 17 39;
set Last[13] := 18 40;
set Last[14] := 19 41;
set Last[15] := 20 42;
set Last[16] := 22 44;
set Last[17] := 1 23;
set Last[18] := 3 25;
set Last[19] := 4 26;
set Last[20] := 5 27;
set Last[21] := 6 28;
set Last[22] := 8 30;
set Last[23] := 9 31;
set Last[24] := 10 32;
set Last[25] := 11 33;
set Last[26] := 14 36;
set Last[27] := 15 37;
set Last[28] := 17 39;
set Last[29] := 18 40;
set Last[30] := 19 41;
set Last[31] := 20 42;
set Last[32] := 22 44;
set Last[33] := 1 23;
set Last[34] := 2 24;
set Last[35] := 4 26;
set Last[36] := 5 27;
set Last[37] := 6 28;
set Last[38] := 8 30;
set Last[39] := 9 31;
set Last[40] := 10 32;
set Last[41] := 14 36;
set Last[42] := 15 37;
set Last[43] := 18 40;
set Last[44] := 19 41;
set Last[45] := 20 42;
set Last[46] := 22 44;
set Last[47] := 1 23;
set Last[48] := 2 24;
set Last[49] := 3 25;
set Last[50] := 5 27;
set Last[51] := 6 28;
set Last[52] := 8 30;
set Last[53] := 9 31;
set Last[54] := 10 32;
set Last[55] := 11 33;
set Last[56] := 14 36;
set Last[57] := 15 37;
set Last[58] := 17 39;
set Last[59] := 18 40;
set Last[60] := 19 41;
set Last[61] := 20 42;
set Last[62] := 22 44;
set Last[63] := 1 23;
set Last[64] := 2 24;
set Last[65] := 3 25;
set Last[66] := 4 26;
set Last[67] := 5 27;
set Last[68] := 8 30;
set Last[69] := 9 31;
set Last[70] := 10 32;
set Last[71] := 11 33;
set Last[72] := 14 36;
set Last[73] := 15 37;
set Last[74] := 17 39;
set Last[75] := 18 40;
set Last[76] := 19 41;
set Last[77] := 20 42;
set Last[78] := 22 44;
set Last[79] := 1 23;
set Last[80] := 2 24;
set Last[81] := 3 25;
set Last[82] := 4 26;
set Last[83] := 5 27;
set Last[84] := 6 28;
set Last[85] := 8 30;
set Last[86] := 9 31;
set Last[87] := 10 32;
set Last[88] := 11 33;
set Last[89] := 13 35;
set Last[90] := 14 36;
set Last[91] := 15 37;
set Last[92] := 16 38;
set Last[93] := 17 39;
set Last[94] := 18 40;
set Last[95] := 19 41;
set Last[96] := 20 42;
set Last[97] := 21 43;
set Last[98] := 22 44;
set Last[99] := 1 23;
set Last[100] := 2 24;
set Last[101] := 3 25;
set Last[102] := 4 26;
set Last[103] := 5 27;
set Last[104] := 6 28;
set Last[105] := 7 29;
set Last[106] := 9 31;
set Last[107] := 10 32;
set Last[108] := 11 33;
set Last[109] := 12 34;
set Last[110] := 13 35;
set Last[111] := 14 36;
set Last[112] := 15 37;
set Last[113] := 16 38;
set Last[114] := 17 39;
set Last[115] := 18 40;
set Last[116] := 19 41;
set Last[117] := 20 42;
set Last[118] := 21 43;
set Last[119] := 22 44;
set Last[120] := 1 23;
set Last[121] := 2 24;
set Last[122] := 3 25;
set Last[123] := 4 26;
set Last[124] := 5 27;
set Last[125] := 6 28;
set Last[126] := 8 30;
set Last[127] := 10 32;
set Last[128] := 11 33;
set Last[129] := 13 35;
set Last[130] := 14 36;
set Last[131] := 15 37;
set Last[132] := 16 38;
set Last[133] := 17 39;
set Last[134] := 18 40;
set Last[135] := 19 41;
set Last[136] := 20 42;
set Last[137] := 21 43;
set Last[138] := 22 44;
set Last[139] := 1 23;
set Last[140] := 2 24;
set Last[141] := 3 25;
set Last[142] := 4 26;
set Last[143] := 5 27;
set Last[144] := 6 28;
set Last[145] := 8 30;
set Last[146] := 9 31;
set Last[147] := 14 36;
set Last[148] := 15 37;
set Last[149] := 17 39;
set Last[150] := 18 40;
set Last[151] := 19 41;
set Last[152] := 20 42;
set Last[153] := 22 44;
set Last[154] := 1 23;
set Last[155] := 2 24;
set Last[156] := 3 25;
set Last[157] := 4 26;
set Last[158] := 5 27;
set Last[159] := 6 28;
set Last[160] := 8 30;
set Last[161] := 9 31;
set Last[162] := 10 32;
set Last[163] := 13 35;
set Last[164] := 14 36;
set Last[165] := 15 37;
set Last[166] := 16 38;
set Last[167] := 17 39;
set Last[168] := 18 40;
set Last[169] := 19 41;
set Last[170] := 20 42;
set Last[171] := 21 43;
set Last[172] := 22 44;
set Last[173] := 1 23;
set Last[174] := 2 24;
set Last[175] := 3 25;
set Last[176] := 4 26;
set Last[177] := 5 27;
set Last[178] := 6 28;
set Last[179] := 8 30;
set Last[180] := 9 31;
set Last[181] := 10 32;
set Last[182] := 11 33;
set Last[183] := 13 35;
set Last[184] := 14 36;
set Last[185] := 15 37;
set Last[186] := 16 38;
set Last[187] := 17 39;
set Last[188] := 18 40;
set Last[189] := 19 41;
set Last[190] := 20 42;
set Last[191] := 21 43;
set Last[192] := 22 44;
set Last[193] := 1 23;
set Last[194] := 2 24;
set Last[195] := 3 25;
set Last[196] := 4 26;
set Last[197] := 5 27;
set Last[198] := 6 28;
set Last[199] := 8 30;
set Last[200] := 9 31;
set Last[201] := 10 32;
set Last[202] := 14 36;
set Last[203] := 15 37;
set Last[204] := 17 39;
set Last[205] := 18 40;
set Last[206] := 19 41;
set Last[207] := 20 42;
set Last[208] := 22 44;
set Last[209] := 1 23;
set Last[210] := 2 24;
set Last[211] := 4 26;
set Last[212] := 5 27;
set Last[213] := 6 28;
set Last[214] := 8 30;
set Last[215] := 9 31;
set Last[216] := 10 32;
set Last[217] := 15 37;
set Last[218] := 18 40;
set Last[219] := 19 41;
set Last[220] := 20 42;
set Last[221] := 22 44;
set Last[222] := 1 23;
set Last[223] := 2 24;
set Last[224] := 3 25;
set Last[225] := 4 26;
set Last[226] := 5 27;
set Last[227] := 6 28;
set Last[228] := 8 30;
set Last[229] := 9 31;
set Last[230] := 10 32;
set Last[231] := 11 33;
set Last[232] := 13 35;
set Last[233] := 14 36;
set Last[234] := 16 38;
set Last[235] := 17 39;
set Last[236] := 18 40;
set Last[237] := 19 41;
set Last[238] := 20 42;
set Last[239] := 21 43;
set Last[240] := 22 44;
set Last[241] := 1 23;
set Last[242] := 2 24;
set Last[243] := 3 25;
set Last[244] := 4 26;
set Last[245] := 5 27;
set Last[246] := 6 28;
set Last[247] := 8 30;
set Last[248] := 9 31;
set Last[249] := 10 32;
set Last[250] := 11 33;
set Last[251] := 13 35;
set Last[252] := 14 36;
set Last[253] := 15 37;
set Last[254] := 17 39;
set Last[255] := 18 40;
set Last[256] := 19 41;
set Last[257] := 20 42;
set Last[258] := 21 43;
set Last[259] := 22 44;
set Last[260] := 1 23;
set Last[261] := 2 24;
set Last[262] := 3 25;
set Last[263] := 4 26;
set Last[264] := 5 27;
set Last[265] := 6 28;
set Last[266] := 8 30;
set Last[267] := 9 31;
set Last[268] := 10 32;
set Last[269] := 11 33;
set Last[270] := 13 35;
set Last[271] := 14 36;
set Last[272] := 15 37;
set Last[273] := 16 38;
set Last[274] := 18 40;
set Last[275] := 19 41;
set Last[276] := 20 42;
set Last[277] := 21 43;
set Last[278] := 22 44;
set Last[279] := 1 23;
set Last[280] := 2 24;
set Last[281] := 3 25;
set Last[282] := 4 26;
set Last[283] := 5 27;
set Last[284] := 6 28;
set Last[285] := 8 30;
set Last[286] := 9 31;
set Last[287] := 10 32;
set Last[288] := 11 33;
set Last[289] := 13 35;
set Last[290] := 14 36;
set Last[291] := 15 37;
set Last[292] := 16 38;
set Last[293] := 17 39;
set Last[294] := 19 41;
set Last[295] := 20 42;
set Last[296] := 21 43;
set Last[297] := 22 44;
set Last[298] := 1 23;
set Last[299] := 2 24;
set Last[300] := 3 25;
set Last[301] := 4 26;
set Last[302] := 5 27;
set Last[303] := 6 28;
set Last[304] := 8 30;
set Last[305] := 9 31;
set Last[306] := 10 32;
set Last[307] := 11 33;
set Last[308] := 13 35;
set Last[309] := 14 36;
set Last[310] := 15 37;
set Last[311] := 16 38;
set Last[312] := 17 39;
set Last[313] := 18 40;
set Last[314] := 20 42;
set Last[315] := 21 43;
set Last[316] := 22 44;
set Last[317] := 1 23;
set Last[318] := 2 24;
set Last[319] := 3 25;
set Last[320] := 4 26;
set Last[321] := 5 27;
set Last[322] := 6 28;
set Last[323] := 8 30;
set Last[324] := 9 31;
set Last[325] := 10 32;
set Last[326] := 11 33;
set Last[327] := 14 36;
set Last[328] := 15 37;
set Last[329] := 17 39;
set Last[330] := 18 40;
set Last[331] := 19 41;
set Last[332] := 21 43;
set Last[333] := 22 44;
set Last[334] := 1 23;
set Last[335] := 2 24;
set Last[336] := 3 25;
set Last[337] := 4 26;
set Last[338] := 5 27;
set Last[339] := 6 28;
set Last[340] := 8 30;
set Last[341] := 9 31;
set Last[342] := 10 32;
set Last[343] := 11 33;
set Last[344] := 13 35;
set Last[345] := 14 36;
set Last[346] := 15 37;
set Last[347] := 16 38;
set Last[348] := 17 39;
set Last[349] := 18 40;
set Last[350] := 19 41;
set Last[351] := 20 42;
set Last[352] := 22 44;
set Last[353] := 1 23;
set Last[354] := 2 24;
set Last[355] := 3 25;
set Last[356] := 4 26;
set Last[357] := 5 27;
set Last[358] := 6 28;
set Last[359] := 8 30;
set Last[360] := 9 31;
set Last[361] := 10 32;
set Last[362] := 11 33;
set Last[363] := 14 36;
set Last[364] := 15 37;
set Last[365] := 17 39;
set Last[366] := 18 40;
set Last[367] := 19 41;
set Last[368] := 20 42;
set Last[369] := 21 43;

param q := 5;

end;
