data;

set V := 1 2 3 4 5 6 7 8 9 10 11 12 13 14 15 16 17 18 19 20 21 22 23 24 25 26 27 28 29 30 31 32 33 34 35 36 37 38 39 40 41 42 43 44;

set A := 1 4
         1 5
         1 23
         2 7
         2 8
         2 24
         3 4
         3 14
         3 25
         4 1
         4 3
         4 26
         5 1
         5 8
         5 11
         5 12
         5 19
         5 27
         6 8
         6 9
         6 28
         7 2
         7 11
         7 29
         8 2
         8 5
         8 6
         8 20
         8 21
         8 30
         9 6
         9 10
         9 31
         10 9
         10 12
         10 32
         11 5
         11 7
         11 33
         12 5
         12 10
         12 34
         13 14
         13 22
         13 35
         14 3
         14 13
         14 36
         15 16
         15 20
         15 37
         16 15
         16 17
         16 38
         17 16
         17 18
         17 39
         18 17
         18 19
         18 40
         19 5
         19 18
         19 41
         20 8
         20 15
         20 42
         21 8
         21 22
         21 43
         22 13
         22 21
         22 44
         ;

set S := 1 2 3 4 5 6 7 8 9 10 11 12 13 14 15 16 17 18 19 20 21 22 23 24 25 26 27 28 29 30 31 32 33 34 35 36 37 38 39 40 41 42 43 44 45 46 47 48 49 50 51 52 53 54 55 56 57 58 59 60 61 62 63 64 65 66 67 68 69 70 71 72 73 74 75 76 77 78 79 80 81 82 83 84 85 86 87 88 89 90 91 92 93 94 95 96 97 98 99 100 101 102 103 104 105 106 107 108 109 110 111 112 113 114 115 116 117 118 119 120 121 122 123 124 125 126 127 128 129 130 131 132 133 134 135 136 137 138 139 140 141 142 143 144 145 146 147 148 149 150 151 152 153 154 155 156 157 158 159 160 161 162 163 164 165 166 167 168 169 170 171 172 173 174 175 176 177 178 179 180 181 182 183 184 185 186 187 188 189 190 191 192 193 194 195 196 197 198 199 200 201 202 203 204 205 206 207 208 209 210 211 212 213 214 215 216 217 218 219 220 221 222 223 224 225 226 227 228 229 230 231 232 233 234 235 236 237 238 239 240 241 242 243 244 245 246 247 248 249 250 251 252 253 254 255 256 257 258 259 260 261 262 263 264 265 266 267 268 269 270 271 272 273 274 275 276 277;

set F[1] := 1 5
            5 8
            8 2
            2 24
            ;
set F[2] := 1 4
            4 26
            ;
set F[3] := 1 5
            5 27
            ;
set F[4] := 1 5
            5 8
            8 6
            6 28
            ;
set F[5] := 1 5
            5 8
            8 30
            ;
set F[6] := 1 5
            5 12
            12 10
            10 9
            9 31
            ;
set F[7] := 1 5
            5 12
            12 10
            10 32
            ;
set F[8] := 1 5
            5 11
            11 33
            ;
set F[9] := 1 5
            5 12
            12 34
            ;
set F[10] := 1 4
             4 3
             3 14
             14 13
             13 35
             ;
set F[11] := 1 4
             4 3
             3 14
             14 36
             ;
set F[12] := 1 5
             5 19
             19 18
             18 17
             17 16
             16 38
             ;
set F[13] := 1 5
             5 19
             19 18
             18 17
             17 39
             ;
set F[14] := 1 5
             5 19
             19 41
             ;
set F[15] := 1 5
             5 8
             8 20
             20 42
             ;
set F[16] := 1 5
             5 8
             8 21
             21 22
             22 44
             ;
set F[17] := 2 8
             8 5
             5 1
             1 4
             4 26
             ;
set F[18] := 2 8
             8 5
             5 27
             ;
set F[19] := 2 8
             8 30
             ;
set F[20] := 2 8
             8 6
             6 9
             9 31
             ;
set F[21] := 2 8
             8 5
             5 12
             12 34
             ;
set F[22] := 2 8
             8 20
             20 15
             15 16
             16 38
             ;
set F[23] := 2 8
             8 5
             5 19
             19 18
             18 17
             17 39
             ;
set F[24] := 2 8
             8 5
             5 19
             19 41
             ;
set F[25] := 2 8
             8 20
             20 42
             ;
set F[26] := 3 4
             4 1
             1 5
             5 27
             ;
set F[27] := 3 4
             4 1
             1 5
             5 8
             8 30
             ;
set F[28] := 3 4
             4 1
             1 5
             5 19
             19 18
             18 17
             17 16
             16 38
             ;
set F[29] := 3 4
             4 1
             1 5
             5 19
             19 18
             18 17
             17 39
             ;
set F[30] := 5 1
             1 23
             ;
set F[31] := 5 8
             8 2
             2 24
             ;
set F[32] := 5 1
             1 4
             4 3
             3 25
             ;
set F[33] := 5 1
             1 4
             4 26
             ;
set F[34] := 5 8
             8 6
             6 28
             ;
set F[35] := 5 11
             11 7
             7 29
             ;
set F[36] := 5 8
             8 30
             ;
set F[37] := 5 12
             12 10
             10 9
             9 31
             ;
set F[38] := 5 12
             12 10
             10 32
             ;
set F[39] := 5 11
             11 33
             ;
set F[40] := 5 12
             12 34
             ;
set F[41] := 5 8
             8 21
             21 22
             22 13
             13 35
             ;
set F[42] := 5 1
             1 4
             4 3
             3 14
             14 36
             ;
set F[43] := 5 8
             8 20
             20 15
             15 37
             ;
set F[44] := 5 19
             19 18
             18 17
             17 16
             16 38
             ;
set F[45] := 5 19
             19 18
             18 17
             17 39
             ;
set F[46] := 5 19
             19 18
             18 40
             ;
set F[47] := 5 19
             19 41
             ;
set F[48] := 5 8
             8 20
             20 42
             ;
set F[49] := 5 8
             8 21
             21 43
             ;
set F[50] := 5 8
             8 21
             21 22
             22 44
             ;
set F[51] := 6 8
             8 5
             5 1
             1 23
             ;
set F[52] := 6 8
             8 5
             5 1
             1 4
             4 26
             ;
set F[53] := 6 8
             8 5
             5 27
             ;
set F[54] := 6 8
             8 30
             ;
set F[55] := 6 9
             9 31
             ;
set F[56] := 6 9
             9 10
             10 32
             ;
set F[57] := 6 8
             8 5
             5 11
             11 33
             ;
set F[58] := 6 9
             9 10
             10 12
             12 34
             ;
set F[59] := 6 8
             8 21
             21 22
             22 13
             13 35
             ;
set F[60] := 6 8
             8 21
             21 22
             22 13
             13 14
             14 36
             ;
set F[61] := 6 8
             8 20
             20 15
             15 16
             16 38
             ;
set F[62] := 6 8
             8 5
             5 19
             19 18
             18 17
             17 39
             ;
set F[63] := 6 8
             8 5
             5 19
             19 41
             ;
set F[64] := 6 8
             8 20
             20 42
             ;
set F[65] := 6 8
             8 21
             21 22
             22 44
             ;
set F[66] := 7 11
             11 5
             5 1
             1 23
             ;
set F[67] := 7 2
             2 24
             ;
set F[68] := 7 11
             11 5
             5 1
             1 4
             4 3
             3 25
             ;
set F[69] := 7 11
             11 5
             5 1
             1 4
             4 26
             ;
set F[70] := 7 11
             11 5
             5 27
             ;
set F[71] := 7 2
             2 8
             8 6
             6 28
             ;
set F[72] := 7 2
             2 8
             8 30
             ;
set F[73] := 7 2
             2 8
             8 6
             6 9
             9 31
             ;
set F[74] := 7 11
             11 5
             5 12
             12 10
             10 32
             ;
set F[75] := 7 11
             11 33
             ;
set F[76] := 7 11
             11 5
             5 12
             12 34
             ;
set F[77] := 7 2
             2 8
             8 21
             21 22
             22 13
             13 35
             ;
set F[78] := 7 2
             2 8
             8 21
             21 22
             22 13
             13 14
             14 36
             ;
set F[79] := 7 2
             2 8
             8 20
             20 15
             15 37
             ;
set F[80] := 7 2
             2 8
             8 20
             20 15
             15 16
             16 38
             ;
set F[81] := 7 11
             11 5
             5 19
             19 18
             18 17
             17 39
             ;
set F[82] := 7 11
             11 5
             5 19
             19 18
             18 40
             ;
set F[83] := 7 11
             11 5
             5 19
             19 41
             ;
set F[84] := 7 2
             2 8
             8 20
             20 42
             ;
set F[85] := 7 2
             2 8
             8 21
             21 43
             ;
set F[86] := 7 2
             2 8
             8 21
             21 22
             22 44
             ;
set F[87] := 9 6
             6 8
             8 5
             5 27
             ;
set F[88] := 9 6
             6 8
             8 30
             ;
set F[89] := 9 6
             6 8
             8 20
             20 15
             15 16
             16 38
             ;
set F[90] := 9 6
             6 8
             8 5
             5 19
             19 18
             18 17
             17 39
             ;
set F[91] := 10 9
             9 6
             6 8
             8 30
             ;
set F[92] := 11 5
             5 1
             1 23
             ;
set F[93] := 11 7
             7 2
             2 24
             ;
set F[94] := 11 5
             5 1
             1 4
             4 3
             3 25
             ;
set F[95] := 11 5
             5 1
             1 4
             4 26
             ;
set F[96] := 11 5
             5 27
             ;
set F[97] := 11 5
             5 8
             8 6
             6 28
             ;
set F[98] := 11 7
             7 29
             ;
set F[99] := 11 5
             5 8
             8 30
             ;
set F[100] := 11 5
              5 12
              12 10
              10 9
              9 31
              ;
set F[101] := 11 5
              5 12
              12 10
              10 32
              ;
set F[102] := 11 5
              5 12
              12 34
              ;
set F[103] := 11 5
              5 8
              8 21
              21 22
              22 13
              13 35
              ;
set F[104] := 11 5
              5 1
              1 4
              4 3
              3 14
              14 36
              ;
set F[105] := 11 5
              5 8
              8 20
              20 15
              15 37
              ;
set F[106] := 11 5
              5 19
              19 18
              18 17
              17 16
              16 38
              ;
set F[107] := 11 5
              5 19
              19 18
              18 17
              17 39
              ;
set F[108] := 11 5
              5 19
              19 18
              18 40
              ;
set F[109] := 11 5
              5 19
              19 41
              ;
set F[110] := 11 5
              5 8
              8 20
              20 42
              ;
set F[111] := 11 5
              5 8
              8 21
              21 43
              ;
set F[112] := 11 5
              5 8
              8 21
              21 22
              22 44
              ;
set F[113] := 12 5
              5 1
              1 23
              ;
set F[114] := 12 5
              5 8
              8 2
              2 24
              ;
set F[115] := 12 5
              5 1
              1 4
              4 3
              3 25
              ;
set F[116] := 12 5
              5 1
              1 4
              4 26
              ;
set F[117] := 12 5
              5 27
              ;
set F[118] := 12 5
              5 8
              8 6
              6 28
              ;
set F[119] := 12 5
              5 11
              11 7
              7 29
              ;
set F[120] := 12 5
              5 8
              8 30
              ;
set F[121] := 12 10
              10 9
              9 31
              ;
set F[122] := 12 10
              10 32
              ;
set F[123] := 12 5
              5 11
              11 33
              ;
set F[124] := 12 5
              5 8
              8 21
              21 22
              22 13
              13 35
              ;
set F[125] := 12 5
              5 1
              1 4
              4 3
              3 14
              14 36
              ;
set F[126] := 12 5
              5 8
              8 20
              20 15
              15 37
              ;
set F[127] := 12 5
              5 19
              19 18
              18 17
              17 16
              16 38
              ;
set F[128] := 12 5
              5 19
              19 18
              18 17
              17 39
              ;
set F[129] := 12 5
              5 19
              19 18
              18 40
              ;
set F[130] := 12 5
              5 19
              19 41
              ;
set F[131] := 12 5
              5 8
              8 20
              20 42
              ;
set F[132] := 12 5
              5 8
              8 21
              21 43
              ;
set F[133] := 12 5
              5 8
              8 21
              21 22
              22 44
              ;
set F[134] := 13 14
              14 3
              3 4
              4 1
              1 23
              ;
set F[135] := 13 22
              22 21
              21 8
              8 2
              2 24
              ;
set F[136] := 13 14
              14 3
              3 4
              4 26
              ;
set F[137] := 13 22
              22 21
              21 8
              8 5
              5 27
              ;
set F[138] := 13 22
              22 21
              21 8
              8 6
              6 28
              ;
set F[139] := 13 22
              22 21
              21 8
              8 30
              ;
set F[140] := 13 22
              22 21
              21 8
              8 6
              6 9
              9 31
              ;
set F[141] := 13 22
              22 21
              21 8
              8 5
              5 12
              12 10
              10 32
              ;
set F[142] := 13 22
              22 21
              21 8
              8 5
              5 11
              11 33
              ;
set F[143] := 13 22
              22 21
              21 8
              8 5
              5 12
              12 34
              ;
set F[144] := 13 14
              14 36
              ;
set F[145] := 13 22
              22 21
              21 8
              8 20
              20 15
              15 16
              16 38
              ;
set F[146] := 13 22
              22 21
              21 8
              8 5
              5 19
              19 18
              18 17
              17 39
              ;
set F[147] := 13 22
              22 21
              21 8
              8 5
              5 19
              19 18
              18 40
              ;
set F[148] := 13 22
              22 21
              21 8
              8 5
              5 19
              19 41
              ;
set F[149] := 13 22
              22 21
              21 8
              8 20
              20 42
              ;
set F[150] := 13 22
              22 44
              ;
set F[151] := 14 3
              3 4
              4 1
              1 23
              ;
set F[152] := 14 13
              13 22
              22 21
              21 8
              8 2
              2 24
              ;
set F[153] := 14 3
              3 25
              ;
set F[154] := 14 3
              3 4
              4 26
              ;
set F[155] := 14 3
              3 4
              4 1
              1 5
              5 27
              ;
set F[156] := 14 13
              13 22
              22 21
              21 8
              8 6
              6 28
              ;
set F[157] := 14 3
              3 4
              4 1
              1 5
              5 11
              11 7
              7 29
              ;
set F[158] := 14 13
              13 22
              22 21
              21 8
              8 30
              ;
set F[159] := 14 13
              13 22
              22 21
              21 8
              8 6
              6 9
              9 31
              ;
set F[160] := 14 3
              3 4
              4 1
              1 5
              5 12
              12 10
              10 32
              ;
set F[161] := 14 3
              3 4
              4 1
              1 5
              5 11
              11 33
              ;
set F[162] := 14 3
              3 4
              4 1
              1 5
              5 12
              12 34
              ;
set F[163] := 14 13
              13 35
              ;
set F[164] := 14 13
              13 22
              22 21
              21 8
              8 20
              20 15
              15 37
              ;
set F[165] := 14 13
              13 22
              22 21
              21 8
              8 20
              20 15
              15 16
              16 38
              ;
set F[166] := 14 3
              3 4
              4 1
              1 5
              5 19
              19 18
              18 17
              17 39
              ;
set F[167] := 14 3
              3 4
              4 1
              1 5
              5 19
              19 18
              18 40
              ;
set F[168] := 14 3
              3 4
              4 1
              1 5
              5 19
              19 41
              ;
set F[169] := 14 13
              13 22
              22 21
              21 8
              8 20
              20 42
              ;
set F[170] := 14 13
              13 22
              22 21
              21 43
              ;
set F[171] := 14 13
              13 22
              22 44
              ;
set F[172] := 15 20
              20 8
              8 5
              5 1
              1 23
              ;
set F[173] := 15 20
              20 8
              8 2
              2 24
              ;
set F[174] := 15 20
              20 8
              8 5
              5 1
              1 4
              4 3
              3 25
              ;
set F[175] := 15 20
              20 8
              8 5
              5 1
              1 4
              4 26
              ;
set F[176] := 15 20
              20 8
              8 5
              5 27
              ;
set F[177] := 15 20
              20 8
              8 6
              6 28
              ;
set F[178] := 15 20
              20 8
              8 2
              2 7
              7 29
              ;
set F[179] := 15 20
              20 8
              8 30
              ;
set F[180] := 15 20
              20 8
              8 6
              6 9
              9 31
              ;
set F[181] := 15 20
              20 8
              8 5
              5 12
              12 10
              10 32
              ;
set F[182] := 15 20
              20 8
              8 5
              5 11
              11 33
              ;
set F[183] := 15 20
              20 8
              8 5
              5 12
              12 34
              ;
set F[184] := 15 20
              20 8
              8 21
              21 22
              22 13
              13 35
              ;
set F[185] := 15 20
              20 8
              8 21
              21 22
              22 13
              13 14
              14 36
              ;
set F[186] := 15 16
              16 38
              ;
set F[187] := 15 16
              16 17
              17 39
              ;
set F[188] := 15 16
              16 17
              17 18
              18 40
              ;
set F[189] := 15 20
              20 8
              8 5
              5 19
              19 41
              ;
set F[190] := 15 20
              20 42
              ;
set F[191] := 15 20
              20 8
              8 21
              21 43
              ;
set F[192] := 15 20
              20 8
              8 21
              21 22
              22 44
              ;
set F[193] := 16 15
              15 20
              20 8
              8 5
              5 1
              1 23
              ;
set F[194] := 16 15
              15 20
              20 8
              8 2
              2 24
              ;
set F[195] := 16 15
              15 20
              20 8
              8 5
              5 1
              1 4
              4 3
              3 25
              ;
set F[196] := 16 15
              15 20
              20 8
              8 5
              5 1
              1 4
              4 26
              ;
set F[197] := 16 15
              15 20
              20 8
              8 5
              5 27
              ;
set F[198] := 16 15
              15 20
              20 8
              8 6
              6 28
              ;
set F[199] := 16 15
              15 20
              20 8
              8 2
              2 7
              7 29
              ;
set F[200] := 16 15
              15 20
              20 8
              8 30
              ;
set F[201] := 16 15
              15 20
              20 8
              8 6
              6 9
              9 31
              ;
set F[202] := 16 15
              15 20
              20 8
              8 5
              5 12
              12 10
              10 32
              ;
set F[203] := 16 15
              15 20
              20 8
              8 5
              5 11
              11 33
              ;
set F[204] := 16 15
              15 20
              20 8
              8 5
              5 12
              12 34
              ;
set F[205] := 16 15
              15 20
              20 8
              8 21
              21 22
              22 13
              13 35
              ;
set F[206] := 16 15
              15 20
              20 8
              8 21
              21 22
              22 13
              13 14
              14 36
              ;
set F[207] := 16 15
              15 37
              ;
set F[208] := 16 17
              17 39
              ;
set F[209] := 16 17
              17 18
              18 40
              ;
set F[210] := 16 17
              17 18
              18 19
              19 41
              ;
set F[211] := 16 15
              15 20
              20 42
              ;
set F[212] := 16 15
              15 20
              20 8
              8 21
              21 43
              ;
set F[213] := 16 15
              15 20
              20 8
              8 21
              21 22
              22 44
              ;
set F[214] := 17 18
              18 19
              19 5
              5 1
              1 23
              ;
set F[215] := 17 16
              16 15
              15 20
              20 8
              8 2
              2 24
              ;
set F[216] := 17 18
              18 19
              19 5
              5 1
              1 4
              4 26
              ;
set F[217] := 17 18
              18 19
              19 5
              5 27
              ;
set F[218] := 17 16
              16 15
              15 20
              20 8
              8 6
              6 28
              ;
set F[219] := 17 16
              16 15
              15 20
              20 8
              8 30
              ;
set F[220] := 17 16
              16 15
              15 20
              20 8
              8 6
              6 9
              9 31
              ;
set F[221] := 17 18
              18 19
              19 5
              5 12
              12 10
              10 32
              ;
set F[222] := 17 18
              18 19
              19 5
              5 11
              11 33
              ;
set F[223] := 17 18
              18 19
              19 5
              5 12
              12 34
              ;
set F[224] := 17 16
              16 15
              15 20
              20 8
              8 21
              21 22
              22 13
              13 35
              ;
set F[225] := 17 18
              18 19
              19 5
              5 1
              1 4
              4 3
              3 14
              14 36
              ;
set F[226] := 17 16
              16 38
              ;
set F[227] := 17 18
              18 40
              ;
set F[228] := 17 18
              18 19
              19 41
              ;
set F[229] := 17 16
              16 15
              15 20
              20 42
              ;
set F[230] := 17 16
              16 15
              15 20
              20 8
              8 21
              21 22
              22 44
              ;
set F[231] := 18 19
              19 5
              5 1
              1 23
              ;
set F[232] := 18 19
              19 5
              5 8
              8 2
              2 24
              ;
set F[233] := 18 19
              19 5
              5 1
              1 4
              4 26
              ;
set F[234] := 18 19
              19 5
              5 27
              ;
set F[235] := 18 19
              19 5
              5 8
              8 6
              6 28
              ;
set F[236] := 18 19
              19 5
              5 8
              8 30
              ;
set F[237] := 18 19
              19 5
              5 12
              12 10
              10 9
              9 31
              ;
set F[238] := 18 19
              19 5
              5 12
              12 10
              10 32
              ;
set F[239] := 18 19
              19 5
              5 11
              11 33
              ;
set F[240] := 18 19
              19 5
              5 12
              12 34
              ;
set F[241] := 18 19
              19 5
              5 8
              8 21
              21 22
              22 13
              13 35
              ;
set F[242] := 18 19
              19 5
              5 1
              1 4
              4 3
              3 14
              14 36
              ;
set F[243] := 18 17
              17 16
              16 38
              ;
set F[244] := 18 17
              17 39
              ;
set F[245] := 18 19
              19 41
              ;
set F[246] := 18 17
              17 16
              16 15
              15 20
              20 42
              ;
set F[247] := 18 19
              19 5
              5 8
              8 21
              21 22
              22 44
              ;
set F[248] := 19 5
              5 1
              1 23
              ;
set F[249] := 19 5
              5 8
              8 2
              2 24
              ;
set F[250] := 19 5
              5 1
              1 4
              4 3
              3 25
              ;
set F[251] := 19 5
              5 1
              1 4
              4 26
              ;
set F[252] := 19 5
              5 27
              ;
set F[253] := 19 5
              5 8
              8 6
              6 28
              ;
set F[254] := 19 5
              5 11
              11 7
              7 29
              ;
set F[255] := 19 5
              5 8
              8 30
              ;
set F[256] := 19 5
              5 12
              12 10
              10 9
              9 31
              ;
set F[257] := 19 5
              5 12
              12 10
              10 32
              ;
set F[258] := 19 5
              5 11
              11 33
              ;
set F[259] := 19 5
              5 12
              12 34
              ;
set F[260] := 19 5
              5 8
              8 21
              21 22
              22 13
              13 35
              ;
set F[261] := 19 5
              5 1
              1 4
              4 3
              3 14
              14 36
              ;
set F[262] := 19 5
              5 8
              8 20
              20 15
              15 37
              ;
set F[263] := 19 18
              18 17
              17 16
              16 38
              ;
set F[264] := 19 18
              18 17
              17 39
              ;
set F[265] := 19 18
              18 40
              ;
set F[266] := 19 5
              5 8
              8 20
              20 42
              ;
set F[267] := 19 5
              5 8
              8 21
              21 43
              ;
set F[268] := 19 5
              5 8
              8 21
              21 22
              22 44
              ;
set F[269] := 20 8
              8 30
              ;
set F[270] := 21 8
              8 5
              5 27
              ;
set F[271] := 21 8
              8 30
              ;
set F[272] := 21 8
              8 6
              6 9
              9 31
              ;
set F[273] := 21 8
              8 5
              5 12
              12 34
              ;
set F[274] := 21 8
              8 20
              20 15
              15 16
              16 38
              ;
set F[275] := 21 8
              8 5
              5 19
              19 18
              18 17
              17 39
              ;
set F[276] := 21 8
              8 5
              5 19
              19 41
              ;
set F[277] := 21 8
              8 20
              20 42
              ;
set Last[1] := 2 24;
set Last[2] := 4 26;
set Last[3] := 5 27;
set Last[4] := 6 28;
set Last[5] := 8 30;
set Last[6] := 9 31;
set Last[7] := 10 32;
set Last[8] := 11 33;
set Last[9] := 12 34;
set Last[10] := 13 35;
set Last[11] := 14 36;
set Last[12] := 16 38;
set Last[13] := 17 39;
set Last[14] := 19 41;
set Last[15] := 20 42;
set Last[16] := 22 44;
set Last[17] := 4 26;
set Last[18] := 5 27;
set Last[19] := 8 30;
set Last[20] := 9 31;
set Last[21] := 12 34;
set Last[22] := 16 38;
set Last[23] := 17 39;
set Last[24] := 19 41;
set Last[25] := 20 42;
set Last[26] := 5 27;
set Last[27] := 8 30;
set Last[28] := 16 38;
set Last[29] := 17 39;
set Last[30] := 1 23;
set Last[31] := 2 24;
set Last[32] := 3 25;
set Last[33] := 4 26;
set Last[34] := 6 28;
set Last[35] := 7 29;
set Last[36] := 8 30;
set Last[37] := 9 31;
set Last[38] := 10 32;
set Last[39] := 11 33;
set Last[40] := 12 34;
set Last[41] := 13 35;
set Last[42] := 14 36;
set Last[43] := 15 37;
set Last[44] := 16 38;
set Last[45] := 17 39;
set Last[46] := 18 40;
set Last[47] := 19 41;
set Last[48] := 20 42;
set Last[49] := 21 43;
set Last[50] := 22 44;
set Last[51] := 1 23;
set Last[52] := 4 26;
set Last[53] := 5 27;
set Last[54] := 8 30;
set Last[55] := 9 31;
set Last[56] := 10 32;
set Last[57] := 11 33;
set Last[58] := 12 34;
set Last[59] := 13 35;
set Last[60] := 14 36;
set Last[61] := 16 38;
set Last[62] := 17 39;
set Last[63] := 19 41;
set Last[64] := 20 42;
set Last[65] := 22 44;
set Last[66] := 1 23;
set Last[67] := 2 24;
set Last[68] := 3 25;
set Last[69] := 4 26;
set Last[70] := 5 27;
set Last[71] := 6 28;
set Last[72] := 8 30;
set Last[73] := 9 31;
set Last[74] := 10 32;
set Last[75] := 11 33;
set Last[76] := 12 34;
set Last[77] := 13 35;
set Last[78] := 14 36;
set Last[79] := 15 37;
set Last[80] := 16 38;
set Last[81] := 17 39;
set Last[82] := 18 40;
set Last[83] := 19 41;
set Last[84] := 20 42;
set Last[85] := 21 43;
set Last[86] := 22 44;
set Last[87] := 5 27;
set Last[88] := 8 30;
set Last[89] := 16 38;
set Last[90] := 17 39;
set Last[91] := 8 30;
set Last[92] := 1 23;
set Last[93] := 2 24;
set Last[94] := 3 25;
set Last[95] := 4 26;
set Last[96] := 5 27;
set Last[97] := 6 28;
set Last[98] := 7 29;
set Last[99] := 8 30;
set Last[100] := 9 31;
set Last[101] := 10 32;
set Last[102] := 12 34;
set Last[103] := 13 35;
set Last[104] := 14 36;
set Last[105] := 15 37;
set Last[106] := 16 38;
set Last[107] := 17 39;
set Last[108] := 18 40;
set Last[109] := 19 41;
set Last[110] := 20 42;
set Last[111] := 21 43;
set Last[112] := 22 44;
set Last[113] := 1 23;
set Last[114] := 2 24;
set Last[115] := 3 25;
set Last[116] := 4 26;
set Last[117] := 5 27;
set Last[118] := 6 28;
set Last[119] := 7 29;
set Last[120] := 8 30;
set Last[121] := 9 31;
set Last[122] := 10 32;
set Last[123] := 11 33;
set Last[124] := 13 35;
set Last[125] := 14 36;
set Last[126] := 15 37;
set Last[127] := 16 38;
set Last[128] := 17 39;
set Last[129] := 18 40;
set Last[130] := 19 41;
set Last[131] := 20 42;
set Last[132] := 21 43;
set Last[133] := 22 44;
set Last[134] := 1 23;
set Last[135] := 2 24;
set Last[136] := 4 26;
set Last[137] := 5 27;
set Last[138] := 6 28;
set Last[139] := 8 30;
set Last[140] := 9 31;
set Last[141] := 10 32;
set Last[142] := 11 33;
set Last[143] := 12 34;
set Last[144] := 14 36;
set Last[145] := 16 38;
set Last[146] := 17 39;
set Last[147] := 18 40;
set Last[148] := 19 41;
set Last[149] := 20 42;
set Last[150] := 22 44;
set Last[151] := 1 23;
set Last[152] := 2 24;
set Last[153] := 3 25;
set Last[154] := 4 26;
set Last[155] := 5 27;
set Last[156] := 6 28;
set Last[157] := 7 29;
set Last[158] := 8 30;
set Last[159] := 9 31;
set Last[160] := 10 32;
set Last[161] := 11 33;
set Last[162] := 12 34;
set Last[163] := 13 35;
set Last[164] := 15 37;
set Last[165] := 16 38;
set Last[166] := 17 39;
set Last[167] := 18 40;
set Last[168] := 19 41;
set Last[169] := 20 42;
set Last[170] := 21 43;
set Last[171] := 22 44;
set Last[172] := 1 23;
set Last[173] := 2 24;
set Last[174] := 3 25;
set Last[175] := 4 26;
set Last[176] := 5 27;
set Last[177] := 6 28;
set Last[178] := 7 29;
set Last[179] := 8 30;
set Last[180] := 9 31;
set Last[181] := 10 32;
set Last[182] := 11 33;
set Last[183] := 12 34;
set Last[184] := 13 35;
set Last[185] := 14 36;
set Last[186] := 16 38;
set Last[187] := 17 39;
set Last[188] := 18 40;
set Last[189] := 19 41;
set Last[190] := 20 42;
set Last[191] := 21 43;
set Last[192] := 22 44;
set Last[193] := 1 23;
set Last[194] := 2 24;
set Last[195] := 3 25;
set Last[196] := 4 26;
set Last[197] := 5 27;
set Last[198] := 6 28;
set Last[199] := 7 29;
set Last[200] := 8 30;
set Last[201] := 9 31;
set Last[202] := 10 32;
set Last[203] := 11 33;
set Last[204] := 12 34;
set Last[205] := 13 35;
set Last[206] := 14 36;
set Last[207] := 15 37;
set Last[208] := 17 39;
set Last[209] := 18 40;
set Last[210] := 19 41;
set Last[211] := 20 42;
set Last[212] := 21 43;
set Last[213] := 22 44;
set Last[214] := 1 23;
set Last[215] := 2 24;
set Last[216] := 4 26;
set Last[217] := 5 27;
set Last[218] := 6 28;
set Last[219] := 8 30;
set Last[220] := 9 31;
set Last[221] := 10 32;
set Last[222] := 11 33;
set Last[223] := 12 34;
set Last[224] := 13 35;
set Last[225] := 14 36;
set Last[226] := 16 38;
set Last[227] := 18 40;
set Last[228] := 19 41;
set Last[229] := 20 42;
set Last[230] := 22 44;
set Last[231] := 1 23;
set Last[232] := 2 24;
set Last[233] := 4 26;
set Last[234] := 5 27;
set Last[235] := 6 28;
set Last[236] := 8 30;
set Last[237] := 9 31;
set Last[238] := 10 32;
set Last[239] := 11 33;
set Last[240] := 12 34;
set Last[241] := 13 35;
set Last[242] := 14 36;
set Last[243] := 16 38;
set Last[244] := 17 39;
set Last[245] := 19 41;
set Last[246] := 20 42;
set Last[247] := 22 44;
set Last[248] := 1 23;
set Last[249] := 2 24;
set Last[250] := 3 25;
set Last[251] := 4 26;
set Last[252] := 5 27;
set Last[253] := 6 28;
set Last[254] := 7 29;
set Last[255] := 8 30;
set Last[256] := 9 31;
set Last[257] := 10 32;
set Last[258] := 11 33;
set Last[259] := 12 34;
set Last[260] := 13 35;
set Last[261] := 14 36;
set Last[262] := 15 37;
set Last[263] := 16 38;
set Last[264] := 17 39;
set Last[265] := 18 40;
set Last[266] := 20 42;
set Last[267] := 21 43;
set Last[268] := 22 44;
set Last[269] := 8 30;
set Last[270] := 5 27;
set Last[271] := 8 30;
set Last[272] := 9 31;
set Last[273] := 12 34;
set Last[274] := 16 38;
set Last[275] := 17 39;
set Last[276] := 19 41;
set Last[277] := 20 42;

param q := 5;

end;
