data;

set V := 1 2 3 4 5 6 7 8 9 10 11 12 13 14 15 16 17 18 19 20 21 22 23 25 26 27 28 29 30 32 33 34 35 36 37 38 39 40 41 43 44;

set A := 1 4
         1 5
         1 23
         2 7
         2 8
         3 4
         3 14
         3 25
         4 1
         4 3
         4 26
         5 1
         5 8
         5 11
         5 12
         5 19
         5 27
         6 8
         6 9
         6 28
         7 2
         7 11
         7 29
         8 2
         8 5
         8 6
         8 20
         8 21
         8 30
         9 6
         9 10
         10 9
         10 12
         10 32
         11 5
         11 7
         11 33
         12 5
         12 10
         12 34
         13 14
         13 22
         13 35
         14 3
         14 13
         14 36
         15 16
         15 20
         15 37
         16 15
         16 17
         16 38
         17 16
         17 18
         17 39
         18 17
         18 19
         18 40
         19 5
         19 18
         19 41
         20 8
         20 15
         21 8
         21 22
         21 43
         22 13
         22 21
         22 44
         ;

set S := 1 2 3 4 5 6 7 8 9 10 11 12 13 14 15 16 17 18 19 20 21 22 23 24 25 26 27 28 29 30 31 32 33 34 35 36 37 38 39 40 41 42 43 44 45 46 47 48 49 50 51 52 53 54 55 56 57 58 59 60 61 62 63 64 65 66 67 68 69 70 71 72 73 74 75 76 77 78 79 80 81 82 83 84 85 86 87 88 89 90 91 92 93 94 95 96 97 98 99 100 101 102 103 104 105 106 107 108 109 110 111 112 113 114 115 116 117 118 119 120 121 122 123 124 125 126 127 128 129 130 131 132 133 134 135 136 137 138 139 140 141 142 143 144 145 146 147 148 149 150 151 152 153 154 155 156 157 158 159 160 161 162 163 164 165 166 167 168 169 170 171 172 173 174 175 176 177 178 179 180 181 182 183 184 185;

set F[1] := 1 5
            5 27
            ;
set F[2] := 1 5
            5 8
            8 30
            ;
set F[3] := 1 5
            5 19
            19 18
            18 40
            ;
set F[4] := 2 8
            8 5
            5 27
            ;
set F[5] := 2 8
            8 30
            ;
set F[6] := 2 8
            8 5
            5 19
            19 18
            18 40
            ;
set F[7] := 3 4
            4 1
            1 5
            5 27
            ;
set F[8] := 3 4
            4 1
            1 5
            5 8
            8 30
            ;
set F[9] := 3 4
            4 1
            1 5
            5 19
            19 18
            18 40
            ;
set F[10] := 4 1
             1 5
             5 27
             ;
set F[11] := 4 1
             1 5
             5 8
             8 6
             6 28
             ;
set F[12] := 4 1
             1 5
             5 11
             11 7
             7 29
             ;
set F[13] := 4 1
             1 5
             5 8
             8 30
             ;
set F[14] := 4 1
             1 5
             5 12
             12 10
             10 32
             ;
set F[15] := 4 1
             1 5
             5 11
             11 33
             ;
set F[16] := 4 1
             1 5
             5 12
             12 34
             ;
set F[17] := 4 3
             3 14
             14 13
             13 35
             ;
set F[18] := 4 1
             1 5
             5 8
             8 20
             20 15
             15 37
             ;
set F[19] := 4 1
             1 5
             5 19
             19 18
             18 17
             17 16
             16 38
             ;
set F[20] := 4 1
             1 5
             5 19
             19 18
             18 17
             17 39
             ;
set F[21] := 4 1
             1 5
             5 19
             19 18
             18 40
             ;
set F[22] := 5 1
             1 23
             ;
set F[23] := 5 1
             1 4
             4 3
             3 25
             ;
set F[24] := 5 1
             1 4
             4 26
             ;
set F[25] := 5 8
             8 6
             6 28
             ;
set F[26] := 5 11
             11 7
             7 29
             ;
set F[27] := 5 8
             8 30
             ;
set F[28] := 5 12
             12 10
             10 32
             ;
set F[29] := 5 11
             11 33
             ;
set F[30] := 5 12
             12 34
             ;
set F[31] := 5 8
             8 21
             21 22
             22 13
             13 35
             ;
set F[32] := 5 1
             1 4
             4 3
             3 14
             14 36
             ;
set F[33] := 5 8
             8 20
             20 15
             15 37
             ;
set F[34] := 5 19
             19 18
             18 17
             17 16
             16 38
             ;
set F[35] := 5 19
             19 18
             18 17
             17 39
             ;
set F[36] := 5 19
             19 18
             18 40
             ;
set F[37] := 5 19
             19 41
             ;
set F[38] := 5 8
             8 21
             21 43
             ;
set F[39] := 5 8
             8 21
             21 22
             22 44
             ;
set F[40] := 6 8
             8 5
             5 1
             1 4
             4 26
             ;
set F[41] := 6 8
             8 5
             5 27
             ;
set F[42] := 6 8
             8 2
             2 7
             7 29
             ;
set F[43] := 6 8
             8 30
             ;
set F[44] := 6 9
             9 10
             10 32
             ;
set F[45] := 6 8
             8 5
             5 11
             11 33
             ;
set F[46] := 6 8
             8 21
             21 22
             22 13
             13 35
             ;
set F[47] := 6 8
             8 20
             20 15
             15 37
             ;
set F[48] := 6 8
             8 20
             20 15
             15 16
             16 38
             ;
set F[49] := 6 8
             8 5
             5 19
             19 18
             18 17
             17 39
             ;
set F[50] := 6 8
             8 5
             5 19
             19 18
             18 40
             ;
set F[51] := 7 11
             11 5
             5 27
             ;
set F[52] := 7 2
             2 8
             8 30
             ;
set F[53] := 7 2
             2 8
             8 21
             21 22
             22 13
             13 35
             ;
set F[54] := 7 11
             11 5
             5 19
             19 18
             18 40
             ;
set F[55] := 8 5
             5 1
             1 4
             4 26
             ;
set F[56] := 8 5
             5 27
             ;
set F[57] := 8 6
             6 28
             ;
set F[58] := 8 2
             2 7
             7 29
             ;
set F[59] := 8 5
             5 12
             12 10
             10 32
             ;
set F[60] := 8 5
             5 11
             11 33
             ;
set F[61] := 8 5
             5 12
             12 34
             ;
set F[62] := 8 21
             21 22
             22 13
             13 35
             ;
set F[63] := 8 20
             20 15
             15 37
             ;
set F[64] := 8 20
             20 15
             15 16
             16 38
             ;
set F[65] := 8 5
             5 19
             19 18
             18 17
             17 39
             ;
set F[66] := 8 5
             5 19
             19 18
             18 40
             ;
set F[67] := 9 6
             6 8
             8 5
             5 1
             1 4
             4 26
             ;
set F[68] := 9 6
             6 8
             8 5
             5 27
             ;
set F[69] := 9 6
             6 28
             ;
set F[70] := 9 6
             6 8
             8 2
             2 7
             7 29
             ;
set F[71] := 9 6
             6 8
             8 30
             ;
set F[72] := 9 10
             10 32
             ;
set F[73] := 9 6
             6 8
             8 5
             5 11
             11 33
             ;
set F[74] := 9 10
             10 12
             12 34
             ;
set F[75] := 9 6
             6 8
             8 21
             21 22
             22 13
             13 35
             ;
set F[76] := 9 6
             6 8
             8 20
             20 15
             15 37
             ;
set F[77] := 9 6
             6 8
             8 20
             20 15
             15 16
             16 38
             ;
set F[78] := 9 6
             6 8
             8 5
             5 19
             19 18
             18 17
             17 39
             ;
set F[79] := 9 6
             6 8
             8 5
             5 19
             19 18
             18 40
             ;
set F[80] := 10 12
             12 5
             5 1
             1 4
             4 26
             ;
set F[81] := 10 12
             12 5
             5 27
             ;
set F[82] := 10 9
             9 6
             6 28
             ;
set F[83] := 10 12
             12 5
             5 11
             11 7
             7 29
             ;
set F[84] := 10 9
             9 6
             6 8
             8 30
             ;
set F[85] := 10 12
             12 5
             5 11
             11 33
             ;
set F[86] := 10 9
             9 6
             6 8
             8 21
             21 22
             22 13
             13 35
             ;
set F[87] := 10 9
             9 6
             6 8
             8 20
             20 15
             15 37
             ;
set F[88] := 10 12
             12 5
             5 19
             19 18
             18 17
             17 39
             ;
set F[89] := 10 12
             12 5
             5 19
             19 18
             18 40
             ;
set F[90] := 11 5
             5 1
             1 4
             4 26
             ;
set F[91] := 11 5
             5 27
             ;
set F[92] := 11 5
             5 8
             8 6
             6 28
             ;
set F[93] := 11 7
             7 29
             ;
set F[94] := 11 5
             5 8
             8 30
             ;
set F[95] := 11 5
             5 12
             12 10
             10 32
             ;
set F[96] := 11 5
             5 8
             8 21
             21 22
             22 13
             13 35
             ;
set F[97] := 11 5
             5 8
             8 20
             20 15
             15 37
             ;
set F[98] := 11 5
             5 19
             19 18
             18 17
             17 39
             ;
set F[99] := 11 5
             5 19
             19 18
             18 40
             ;
set F[100] := 12 5
              5 1
              1 4
              4 26
              ;
set F[101] := 12 5
              5 27
              ;
set F[102] := 12 5
              5 8
              8 6
              6 28
              ;
set F[103] := 12 5
              5 11
              11 7
              7 29
              ;
set F[104] := 12 5
              5 8
              8 30
              ;
set F[105] := 12 5
              5 11
              11 33
              ;
set F[106] := 12 5
              5 8
              8 21
              21 22
              22 13
              13 35
              ;
set F[107] := 12 5
              5 8
              8 20
              20 15
              15 37
              ;
set F[108] := 12 5
              5 19
              19 18
              18 17
              17 39
              ;
set F[109] := 12 5
              5 19
              19 18
              18 40
              ;
set F[110] := 13 14
              14 3
              3 4
              4 26
              ;
set F[111] := 13 22
              22 21
              21 8
              8 5
              5 27
              ;
set F[112] := 13 22
              22 21
              21 8
              8 6
              6 28
              ;
set F[113] := 13 22
              22 21
              21 8
              8 2
              2 7
              7 29
              ;
set F[114] := 13 22
              22 21
              21 8
              8 30
              ;
set F[115] := 13 22
              22 21
              21 8
              8 5
              5 11
              11 33
              ;
set F[116] := 13 22
              22 21
              21 8
              8 20
              20 15
              15 37
              ;
set F[117] := 13 22
              22 21
              21 8
              8 5
              5 19
              19 18
              18 17
              17 39
              ;
set F[118] := 13 22
              22 21
              21 8
              8 5
              5 19
              19 18
              18 40
              ;
set F[119] := 15 20
              20 8
              8 5
              5 27
              ;
set F[120] := 15 20
              20 8
              8 6
              6 28
              ;
set F[121] := 15 20
              20 8
              8 2
              2 7
              7 29
              ;
set F[122] := 15 20
              20 8
              8 30
              ;
set F[123] := 15 20
              20 8
              8 21
              21 22
              22 13
              13 35
              ;
set F[124] := 15 16
              16 17
              17 18
              18 40
              ;
set F[125] := 16 15
              15 20
              20 8
              8 5
              5 1
              1 4
              4 26
              ;
set F[126] := 16 15
              15 20
              20 8
              8 5
              5 27
              ;
set F[127] := 16 15
              15 20
              20 8
              8 6
              6 28
              ;
set F[128] := 16 15
              15 20
              20 8
              8 2
              2 7
              7 29
              ;
set F[129] := 16 15
              15 20
              20 8
              8 30
              ;
set F[130] := 16 15
              15 20
              20 8
              8 5
              5 11
              11 33
              ;
set F[131] := 16 15
              15 20
              20 8
              8 21
              21 22
              22 13
              13 35
              ;
set F[132] := 16 15
              15 37
              ;
set F[133] := 16 17
              17 39
              ;
set F[134] := 16 17
              17 18
              18 40
              ;
set F[135] := 17 18
              18 19
              19 5
              5 1
              1 4
              4 26
              ;
set F[136] := 17 18
              18 19
              19 5
              5 27
              ;
set F[137] := 17 16
              16 15
              15 20
              20 8
              8 6
              6 28
              ;
set F[138] := 17 18
              18 19
              19 5
              5 11
              11 7
              7 29
              ;
set F[139] := 17 16
              16 15
              15 20
              20 8
              8 30
              ;
set F[140] := 17 18
              18 19
              19 5
              5 12
              12 10
              10 32
              ;
set F[141] := 17 18
              18 19
              19 5
              5 11
              11 33
              ;
set F[142] := 17 18
              18 19
              19 5
              5 12
              12 34
              ;
set F[143] := 17 16
              16 15
              15 20
              20 8
              8 21
              21 22
              22 13
              13 35
              ;
set F[144] := 17 16
              16 15
              15 37
              ;
set F[145] := 17 16
              16 38
              ;
set F[146] := 17 18
              18 40
              ;
set F[147] := 18 19
              19 5
              5 1
              1 4
              4 26
              ;
set F[148] := 18 19
              19 5
              5 27
              ;
set F[149] := 18 19
              19 5
              5 8
              8 6
              6 28
              ;
set F[150] := 18 19
              19 5
              5 11
              11 7
              7 29
              ;
set F[151] := 18 19
              19 5
              5 8
              8 30
              ;
set F[152] := 18 19
              19 5
              5 12
              12 10
              10 32
              ;
set F[153] := 18 19
              19 5
              5 11
              11 33
              ;
set F[154] := 18 19
              19 5
              5 12
              12 34
              ;
set F[155] := 18 19
              19 5
              5 8
              8 21
              21 22
              22 13
              13 35
              ;
set F[156] := 18 17
              17 16
              16 15
              15 37
              ;
set F[157] := 18 17
              17 16
              16 38
              ;
set F[158] := 18 17
              17 39
              ;
set F[159] := 19 5
              5 1
              1 4
              4 26
              ;
set F[160] := 19 5
              5 27
              ;
set F[161] := 19 5
              5 8
              8 6
              6 28
              ;
set F[162] := 19 5
              5 11
              11 7
              7 29
              ;
set F[163] := 19 5
              5 8
              8 30
              ;
set F[164] := 19 5
              5 12
              12 10
              10 32
              ;
set F[165] := 19 5
              5 11
              11 33
              ;
set F[166] := 19 5
              5 12
              12 34
              ;
set F[167] := 19 5
              5 8
              8 21
              21 22
              22 13
              13 35
              ;
set F[168] := 19 5
              5 8
              8 20
              20 15
              15 37
              ;
set F[169] := 19 18
              18 17
              17 16
              16 38
              ;
set F[170] := 19 18
              18 17
              17 39
              ;
set F[171] := 19 18
              18 40
              ;
set F[172] := 21 8
              8 5
              5 27
              ;
set F[173] := 21 8
              8 30
              ;
set F[174] := 21 8
              8 5
              5 19
              19 18
              18 40
              ;
set F[175] := 22 13
              13 14
              14 3
              3 4
              4 26
              ;
set F[176] := 22 21
              21 8
              8 5
              5 27
              ;
set F[177] := 22 21
              21 8
              8 6
              6 28
              ;
set F[178] := 22 21
              21 8
              8 2
              2 7
              7 29
              ;
set F[179] := 22 21
              21 8
              8 30
              ;
set F[180] := 22 21
              21 8
              8 5
              5 12
              12 10
              10 32
              ;
set F[181] := 22 21
              21 8
              8 5
              5 11
              11 33
              ;
set F[182] := 22 13
              13 35
              ;
set F[183] := 22 21
              21 8
              8 20
              20 15
              15 37
              ;
set F[184] := 22 21
              21 8
              8 5
              5 19
              19 18
              18 17
              17 39
              ;
set F[185] := 22 21
              21 8
              8 5
              5 19
              19 18
              18 40
              ;
set Last[1] := 5 27;
set Last[2] := 8 30;
set Last[3] := 18 40;
set Last[4] := 5 27;
set Last[5] := 8 30;
set Last[6] := 18 40;
set Last[7] := 5 27;
set Last[8] := 8 30;
set Last[9] := 18 40;
set Last[10] := 5 27;
set Last[11] := 6 28;
set Last[12] := 7 29;
set Last[13] := 8 30;
set Last[14] := 10 32;
set Last[15] := 11 33;
set Last[16] := 12 34;
set Last[17] := 13 35;
set Last[18] := 15 37;
set Last[19] := 16 38;
set Last[20] := 17 39;
set Last[21] := 18 40;
set Last[22] := 1 23;
set Last[23] := 3 25;
set Last[24] := 4 26;
set Last[25] := 6 28;
set Last[26] := 7 29;
set Last[27] := 8 30;
set Last[28] := 10 32;
set Last[29] := 11 33;
set Last[30] := 12 34;
set Last[31] := 13 35;
set Last[32] := 14 36;
set Last[33] := 15 37;
set Last[34] := 16 38;
set Last[35] := 17 39;
set Last[36] := 18 40;
set Last[37] := 19 41;
set Last[38] := 21 43;
set Last[39] := 22 44;
set Last[40] := 4 26;
set Last[41] := 5 27;
set Last[42] := 7 29;
set Last[43] := 8 30;
set Last[44] := 10 32;
set Last[45] := 11 33;
set Last[46] := 13 35;
set Last[47] := 15 37;
set Last[48] := 16 38;
set Last[49] := 17 39;
set Last[50] := 18 40;
set Last[51] := 5 27;
set Last[52] := 8 30;
set Last[53] := 13 35;
set Last[54] := 18 40;
set Last[55] := 4 26;
set Last[56] := 5 27;
set Last[57] := 6 28;
set Last[58] := 7 29;
set Last[59] := 10 32;
set Last[60] := 11 33;
set Last[61] := 12 34;
set Last[62] := 13 35;
set Last[63] := 15 37;
set Last[64] := 16 38;
set Last[65] := 17 39;
set Last[66] := 18 40;
set Last[67] := 4 26;
set Last[68] := 5 27;
set Last[69] := 6 28;
set Last[70] := 7 29;
set Last[71] := 8 30;
set Last[72] := 10 32;
set Last[73] := 11 33;
set Last[74] := 12 34;
set Last[75] := 13 35;
set Last[76] := 15 37;
set Last[77] := 16 38;
set Last[78] := 17 39;
set Last[79] := 18 40;
set Last[80] := 4 26;
set Last[81] := 5 27;
set Last[82] := 6 28;
set Last[83] := 7 29;
set Last[84] := 8 30;
set Last[85] := 11 33;
set Last[86] := 13 35;
set Last[87] := 15 37;
set Last[88] := 17 39;
set Last[89] := 18 40;
set Last[90] := 4 26;
set Last[91] := 5 27;
set Last[92] := 6 28;
set Last[93] := 7 29;
set Last[94] := 8 30;
set Last[95] := 10 32;
set Last[96] := 13 35;
set Last[97] := 15 37;
set Last[98] := 17 39;
set Last[99] := 18 40;
set Last[100] := 4 26;
set Last[101] := 5 27;
set Last[102] := 6 28;
set Last[103] := 7 29;
set Last[104] := 8 30;
set Last[105] := 11 33;
set Last[106] := 13 35;
set Last[107] := 15 37;
set Last[108] := 17 39;
set Last[109] := 18 40;
set Last[110] := 4 26;
set Last[111] := 5 27;
set Last[112] := 6 28;
set Last[113] := 7 29;
set Last[114] := 8 30;
set Last[115] := 11 33;
set Last[116] := 15 37;
set Last[117] := 17 39;
set Last[118] := 18 40;
set Last[119] := 5 27;
set Last[120] := 6 28;
set Last[121] := 7 29;
set Last[122] := 8 30;
set Last[123] := 13 35;
set Last[124] := 18 40;
set Last[125] := 4 26;
set Last[126] := 5 27;
set Last[127] := 6 28;
set Last[128] := 7 29;
set Last[129] := 8 30;
set Last[130] := 11 33;
set Last[131] := 13 35;
set Last[132] := 15 37;
set Last[133] := 17 39;
set Last[134] := 18 40;
set Last[135] := 4 26;
set Last[136] := 5 27;
set Last[137] := 6 28;
set Last[138] := 7 29;
set Last[139] := 8 30;
set Last[140] := 10 32;
set Last[141] := 11 33;
set Last[142] := 12 34;
set Last[143] := 13 35;
set Last[144] := 15 37;
set Last[145] := 16 38;
set Last[146] := 18 40;
set Last[147] := 4 26;
set Last[148] := 5 27;
set Last[149] := 6 28;
set Last[150] := 7 29;
set Last[151] := 8 30;
set Last[152] := 10 32;
set Last[153] := 11 33;
set Last[154] := 12 34;
set Last[155] := 13 35;
set Last[156] := 15 37;
set Last[157] := 16 38;
set Last[158] := 17 39;
set Last[159] := 4 26;
set Last[160] := 5 27;
set Last[161] := 6 28;
set Last[162] := 7 29;
set Last[163] := 8 30;
set Last[164] := 10 32;
set Last[165] := 11 33;
set Last[166] := 12 34;
set Last[167] := 13 35;
set Last[168] := 15 37;
set Last[169] := 16 38;
set Last[170] := 17 39;
set Last[171] := 18 40;
set Last[172] := 5 27;
set Last[173] := 8 30;
set Last[174] := 18 40;
set Last[175] := 4 26;
set Last[176] := 5 27;
set Last[177] := 6 28;
set Last[178] := 7 29;
set Last[179] := 8 30;
set Last[180] := 10 32;
set Last[181] := 11 33;
set Last[182] := 13 35;
set Last[183] := 15 37;
set Last[184] := 17 39;
set Last[185] := 18 40;

param q := 5;

end;
