data;

set V := 1 2 3 4 5 6 7 8 9 10 11 12 13 14 15 16 17 18 19 20 21 22 23 24 25 26 27 28 29 30 31 32 33 34 35 36 37 38 39 40 41 42;

set A := 1 2
         1 4
         1 22
         2 1
         2 7
         2 23
         3 4
         3 12
         3 24
         4 1
         4 3
         4 25
         5 6
         5 19
         5 26
         6 5
         6 9
         6 27
         7 2
         7 18
         7 28
         8 13
         8 18
         8 29
         9 6
         9 10
         9 30
         10 9
         10 13
         10 31
         11 12
         11 19
         11 32
         12 3
         12 11
         12 33
         13 8
         13 10
         13 34
         14 15
         14 18
         14 35
         15 14
         15 16
         15 36
         16 15
         16 17
         16 37
         17 16
         17 19
         17 38
         18 7
         18 8
         18 14
         18 19
         18 21
         18 39
         19 5
         19 11
         19 17
         19 18
         19 20
         19 40
         20 41
         21 18
         21 42
         ;

set S := 1 2 3 4 5 6 7 8 9 10 11 12 13 14 15 16 17 18 19 20 21 22 23 24 25 26 27 28 29 30 31 32 33 34 35 36 37 38 39 40 41 42 43 44 45 46 47 48 49 50 51 52 53 54 55 56 57 58 59 60 61 62 63 64 65 66 67 68 69 70 71 72 73 74 75 76 77 78 79 80 81 82 83 84 85 86 87 88 89 90 91 92 93 94 95 96 97 98 99 100 101 102 103 104 105 106 107 108 109 110 111 112 113 114 115 116 117 118 119 120 121 122 123 124 125 126 127 128 129 130 131 132 133 134 135 136 137 138 139 140 141 142 143 144 145 146 147 148 149 150 151 152 153 154 155 156 157 158 159 160 161 162 163 164 165 166 167 168 169 170 171 172 173 174 175 176 177 178 179 180 181 182 183 184 185 186 187 188 189 190 191 192 193 194 195 196 197 198 199 200 201 202 203 204 205 206 207 208 209 210 211 212 213 214 215 216 217 218 219 220 221 222 223 224 225 226 227 228 229 230 231 232 233 234 235 236 237 238 239 240 241 242 243 244 245 246 247 248 249 250 251 252;

set F[1] := 1 2
            2 23
            ;
set F[2] := 1 4
            4 3
            3 24
            ;
set F[3] := 1 4
            4 25
            ;
set F[4] := 1 2
            2 7
            7 18
            18 19
            19 5
            5 26
            ;
set F[5] := 1 2
            2 7
            7 18
            18 19
            19 5
            5 6
            6 27
            ;
set F[6] := 1 2
            2 7
            7 28
            ;
set F[7] := 1 2
            2 7
            7 18
            18 8
            8 13
            13 10
            10 9
            9 30
            ;
set F[8] := 1 2
            2 7
            7 18
            18 8
            8 13
            13 10
            10 31
            ;
set F[9] := 1 4
            4 3
            3 12
            12 11
            11 32
            ;
set F[10] := 1 4
             4 3
             3 12
             12 33
             ;
set F[11] := 1 2
             2 7
             7 18
             18 8
             8 13
             13 34
             ;
set F[12] := 1 2
             2 7
             7 18
             18 14
             14 35
             ;
set F[13] := 1 2
             2 7
             7 18
             18 14
             14 15
             15 36
             ;
set F[14] := 1 2
             2 7
             7 18
             18 14
             14 15
             15 16
             16 37
             ;
set F[15] := 1 2
             2 7
             7 18
             18 39
             ;
set F[16] := 1 2
             2 7
             7 18
             18 19
             19 40
             ;
set F[17] := 1 2
             2 7
             7 18
             18 21
             21 42
             ;
set F[18] := 2 7
             7 18
             18 8
             8 13
             13 10
             10 9
             9 30
             ;
set F[19] := 2 7
             7 18
             18 19
             19 40
             ;
set F[20] := 3 4
             4 1
             1 22
             ;
set F[21] := 3 4
             4 1
             1 2
             2 23
             ;
set F[22] := 3 4
             4 25
             ;
set F[23] := 3 12
             12 11
             11 19
             19 5
             5 26
             ;
set F[24] := 3 12
             12 11
             11 19
             19 5
             5 6
             6 27
             ;
set F[25] := 3 4
             4 1
             1 2
             2 7
             7 28
             ;
set F[26] := 3 12
             12 11
             11 19
             19 5
             5 6
             6 9
             9 30
             ;
set F[27] := 3 12
             12 11
             11 19
             19 5
             5 6
             6 9
             9 10
             10 31
             ;
set F[28] := 3 12
             12 11
             11 32
             ;
set F[29] := 3 12
             12 33
             ;
set F[30] := 3 12
             12 11
             11 19
             19 18
             18 8
             8 13
             13 34
             ;
set F[31] := 3 12
             12 11
             11 19
             19 18
             18 14
             14 35
             ;
set F[32] := 3 12
             12 11
             11 19
             19 17
             17 16
             16 15
             15 36
             ;
set F[33] := 3 12
             12 11
             11 19
             19 17
             17 16
             16 37
             ;
set F[34] := 3 12
             12 11
             11 19
             19 17
             17 38
             ;
set F[35] := 3 12
             12 11
             11 19
             19 18
             18 39
             ;
set F[36] := 3 12
             12 11
             11 19
             19 40
             ;
set F[37] := 3 12
             12 11
             11 19
             19 18
             18 21
             21 42
             ;
set F[38] := 4 1
             1 22
             ;
set F[39] := 4 1
             1 2
             2 23
             ;
set F[40] := 4 3
             3 24
             ;
set F[41] := 4 3
             3 12
             12 11
             11 19
             19 5
             5 26
             ;
set F[42] := 4 3
             3 12
             12 11
             11 19
             19 5
             5 6
             6 27
             ;
set F[43] := 4 1
             1 2
             2 7
             7 28
             ;
set F[44] := 4 3
             3 12
             12 11
             11 19
             19 5
             5 6
             6 9
             9 30
             ;
set F[45] := 4 1
             1 2
             2 7
             7 18
             18 8
             8 13
             13 10
             10 31
             ;
set F[46] := 4 3
             3 12
             12 11
             11 32
             ;
set F[47] := 4 3
             3 12
             12 33
             ;
set F[48] := 4 1
             1 2
             2 7
             7 18
             18 8
             8 13
             13 34
             ;
set F[49] := 4 1
             1 2
             2 7
             7 18
             18 14
             14 35
             ;
set F[50] := 4 1
             1 2
             2 7
             7 18
             18 14
             14 15
             15 36
             ;
set F[51] := 4 3
             3 12
             12 11
             11 19
             19 17
             17 16
             16 37
             ;
set F[52] := 4 1
             1 2
             2 7
             7 18
             18 39
             ;
set F[53] := 4 3
             3 12
             12 11
             11 19
             19 40
             ;
set F[54] := 4 1
             1 2
             2 7
             7 18
             18 21
             21 42
             ;
set F[55] := 5 19
             19 18
             18 7
             7 2
             2 1
             1 22
             ;
set F[56] := 5 19
             19 18
             18 7
             7 2
             2 23
             ;
set F[57] := 5 19
             19 11
             11 12
             12 3
             3 24
             ;
set F[58] := 5 19
             19 11
             11 12
             12 3
             3 4
             4 25
             ;
set F[59] := 5 6
             6 27
             ;
set F[60] := 5 19
             19 18
             18 7
             7 28
             ;
set F[61] := 5 6
             6 9
             9 30
             ;
set F[62] := 5 6
             6 9
             9 10
             10 31
             ;
set F[63] := 5 19
             19 11
             11 32
             ;
set F[64] := 5 19
             19 11
             11 12
             12 33
             ;
set F[65] := 5 19
             19 18
             18 8
             8 13
             13 34
             ;
set F[66] := 5 19
             19 18
             18 14
             14 35
             ;
set F[67] := 5 19
             19 17
             17 16
             16 15
             15 36
             ;
set F[68] := 5 19
             19 17
             17 16
             16 37
             ;
set F[69] := 5 19
             19 17
             17 38
             ;
set F[70] := 5 19
             19 18
             18 39
             ;
set F[71] := 5 19
             19 40
             ;
set F[72] := 5 19
             19 20
             20 41
             ;
set F[73] := 5 19
             19 18
             18 21
             21 42
             ;
set F[74] := 6 5
             5 19
             19 18
             18 7
             7 2
             2 1
             1 22
             ;
set F[75] := 6 5
             5 19
             19 18
             18 7
             7 2
             2 23
             ;
set F[76] := 6 5
             5 19
             19 11
             11 12
             12 3
             3 24
             ;
set F[77] := 6 5
             5 19
             19 11
             11 12
             12 3
             3 4
             4 25
             ;
set F[78] := 6 5
             5 26
             ;
set F[79] := 6 5
             5 19
             19 18
             18 7
             7 28
             ;
set F[80] := 6 9
             9 30
             ;
set F[81] := 6 9
             9 10
             10 31
             ;
set F[82] := 6 5
             5 19
             19 11
             11 32
             ;
set F[83] := 6 5
             5 19
             19 11
             11 12
             12 33
             ;
set F[84] := 6 9
             9 10
             10 13
             13 34
             ;
set F[85] := 6 5
             5 19
             19 18
             18 14
             14 35
             ;
set F[86] := 6 5
             5 19
             19 17
             17 16
             16 15
             15 36
             ;
set F[87] := 6 5
             5 19
             19 17
             17 16
             16 37
             ;
set F[88] := 6 5
             5 19
             19 18
             18 39
             ;
set F[89] := 6 5
             5 19
             19 40
             ;
set F[90] := 6 5
             5 19
             19 18
             18 21
             21 42
             ;
set F[91] := 7 2
             2 1
             1 22
             ;
set F[92] := 7 2
             2 23
             ;
set F[93] := 7 2
             2 1
             1 4
             4 3
             3 24
             ;
set F[94] := 7 2
             2 1
             1 4
             4 25
             ;
set F[95] := 7 18
             18 19
             19 5
             5 26
             ;
set F[96] := 7 18
             18 19
             19 5
             5 6
             6 27
             ;
set F[97] := 7 18
             18 8
             8 13
             13 10
             10 9
             9 30
             ;
set F[98] := 7 18
             18 8
             8 13
             13 10
             10 31
             ;
set F[99] := 7 18
             18 19
             19 11
             11 32
             ;
set F[100] := 7 18
              18 19
              19 11
              11 12
              12 33
              ;
set F[101] := 7 18
              18 8
              8 13
              13 34
              ;
set F[102] := 7 18
              18 14
              14 35
              ;
set F[103] := 7 18
              18 14
              14 15
              15 36
              ;
set F[104] := 7 18
              18 14
              14 15
              15 16
              16 37
              ;
set F[105] := 7 18
              18 39
              ;
set F[106] := 7 18
              18 19
              19 40
              ;
set F[107] := 8 18
              18 7
              7 2
              2 1
              1 22
              ;
set F[108] := 8 18
              18 19
              19 5
              5 6
              6 27
              ;
set F[109] := 8 13
              13 10
              10 9
              9 30
              ;
set F[110] := 8 18
              18 19
              19 11
              11 12
              12 33
              ;
set F[111] := 8 18
              18 14
              14 15
              15 16
              16 37
              ;
set F[112] := 8 18
              18 39
              ;
set F[113] := 8 18
              18 19
              19 40
              ;
set F[114] := 9 6
              6 5
              5 19
              19 40
              ;
set F[115] := 10 13
              13 8
              8 18
              18 7
              7 2
              2 1
              1 22
              ;
set F[116] := 10 13
              13 8
              8 18
              18 7
              7 2
              2 23
              ;
set F[117] := 10 9
              9 6
              6 5
              5 19
              19 11
              11 12
              12 3
              3 24
              ;
set F[118] := 10 13
              13 8
              8 18
              18 7
              7 2
              2 1
              1 4
              4 25
              ;
set F[119] := 10 9
              9 6
              6 5
              5 26
              ;
set F[120] := 10 9
              9 6
              6 27
              ;
set F[121] := 10 13
              13 8
              8 18
              18 7
              7 28
              ;
set F[122] := 10 9
              9 30
              ;
set F[123] := 10 9
              9 6
              6 5
              5 19
              19 11
              11 32
              ;
set F[124] := 10 9
              9 6
              6 5
              5 19
              19 11
              11 12
              12 33
              ;
set F[125] := 10 13
              13 34
              ;
set F[126] := 10 13
              13 8
              8 18
              18 14
              14 35
              ;
set F[127] := 10 13
              13 8
              8 18
              18 14
              14 15
              15 36
              ;
set F[128] := 10 9
              9 6
              6 5
              5 19
              19 17
              17 16
              16 37
              ;
set F[129] := 10 9
              9 6
              6 5
              5 19
              19 17
              17 38
              ;
set F[130] := 10 13
              13 8
              8 18
              18 39
              ;
set F[131] := 10 9
              9 6
              6 5
              5 19
              19 40
              ;
set F[132] := 10 9
              9 6
              6 5
              5 19
              19 20
              20 41
              ;
set F[133] := 10 13
              13 8
              8 18
              18 21
              21 42
              ;
set F[134] := 11 19
              19 5
              5 6
              6 9
              9 30
              ;
set F[135] := 11 19
              19 40
              ;
set F[136] := 12 3
              3 4
              4 1
              1 22
              ;
set F[137] := 12 3
              3 4
              4 1
              1 2
              2 23
              ;
set F[138] := 12 3
              3 24
              ;
set F[139] := 12 3
              3 4
              4 25
              ;
set F[140] := 12 11
              11 19
              19 5
              5 26
              ;
set F[141] := 12 11
              11 19
              19 5
              5 6
              6 27
              ;
set F[142] := 12 11
              11 19
              19 18
              18 7
              7 28
              ;
set F[143] := 12 11
              11 19
              19 5
              5 6
              6 9
              9 30
              ;
set F[144] := 12 11
              11 19
              19 5
              5 6
              6 9
              9 10
              10 31
              ;
set F[145] := 12 11
              11 32
              ;
set F[146] := 12 11
              11 19
              19 18
              18 8
              8 13
              13 34
              ;
set F[147] := 12 11
              11 19
              19 18
              18 14
              14 35
              ;
set F[148] := 12 11
              11 19
              19 17
              17 16
              16 15
              15 36
              ;
set F[149] := 12 11
              11 19
              19 17
              17 16
              16 37
              ;
set F[150] := 12 11
              11 19
              19 17
              17 38
              ;
set F[151] := 12 11
              11 19
              19 18
              18 39
              ;
set F[152] := 12 11
              11 19
              19 40
              ;
set F[153] := 12 11
              11 19
              19 20
              20 41
              ;
set F[154] := 12 11
              11 19
              19 18
              18 21
              21 42
              ;
set F[155] := 14 18
              18 7
              7 2
              2 1
              1 22
              ;
set F[156] := 14 18
              18 7
              7 2
              2 23
              ;
set F[157] := 14 18
              18 19
              19 11
              11 12
              12 3
              3 24
              ;
set F[158] := 14 18
              18 7
              7 2
              2 1
              1 4
              4 25
              ;
set F[159] := 14 18
              18 19
              19 5
              5 26
              ;
set F[160] := 14 18
              18 19
              19 5
              5 6
              6 27
              ;
set F[161] := 14 18
              18 7
              7 28
              ;
set F[162] := 14 18
              18 8
              8 13
              13 10
              10 9
              9 30
              ;
set F[163] := 14 18
              18 8
              8 13
              13 10
              10 31
              ;
set F[164] := 14 18
              18 19
              19 11
              11 32
              ;
set F[165] := 14 18
              18 19
              19 11
              11 12
              12 33
              ;
set F[166] := 14 18
              18 8
              8 13
              13 34
              ;
set F[167] := 14 15
              15 36
              ;
set F[168] := 14 15
              15 16
              16 37
              ;
set F[169] := 14 18
              18 39
              ;
set F[170] := 14 18
              18 19
              19 40
              ;
set F[171] := 14 18
              18 21
              21 42
              ;
set F[172] := 15 14
              14 18
              18 7
              7 2
              2 1
              1 22
              ;
set F[173] := 15 14
              14 18
              18 7
              7 2
              2 23
              ;
set F[174] := 15 14
              14 18
              18 19
              19 11
              11 12
              12 3
              3 24
              ;
set F[175] := 15 14
              14 18
              18 7
              7 2
              2 1
              1 4
              4 25
              ;
set F[176] := 15 14
              14 18
              18 19
              19 5
              5 26
              ;
set F[177] := 15 14
              14 18
              18 19
              19 5
              5 6
              6 27
              ;
set F[178] := 15 14
              14 18
              18 7
              7 28
              ;
set F[179] := 15 14
              14 18
              18 8
              8 13
              13 10
              10 9
              9 30
              ;
set F[180] := 15 14
              14 18
              18 8
              8 13
              13 10
              10 31
              ;
set F[181] := 15 14
              14 18
              18 19
              19 11
              11 32
              ;
set F[182] := 15 14
              14 18
              18 19
              19 11
              11 12
              12 33
              ;
set F[183] := 15 14
              14 18
              18 8
              8 13
              13 34
              ;
set F[184] := 15 14
              14 35
              ;
set F[185] := 15 16
              16 37
              ;
set F[186] := 15 14
              14 18
              18 39
              ;
set F[187] := 15 14
              14 18
              18 19
              19 40
              ;
set F[188] := 15 14
              14 18
              18 21
              21 42
              ;
set F[189] := 16 17
              17 19
              19 5
              5 6
              6 9
              9 30
              ;
set F[190] := 16 17
              17 19
              19 11
              11 12
              12 33
              ;
set F[191] := 16 17
              17 19
              19 40
              ;
set F[192] := 17 19
              19 18
              18 7
              7 2
              2 1
              1 22
              ;
set F[193] := 17 19
              19 18
              18 7
              7 2
              2 23
              ;
set F[194] := 17 19
              19 11
              11 12
              12 3
              3 24
              ;
set F[195] := 17 19
              19 11
              11 12
              12 3
              3 4
              4 25
              ;
set F[196] := 17 19
              19 5
              5 26
              ;
set F[197] := 17 19
              19 5
              5 6
              6 27
              ;
set F[198] := 17 19
              19 5
              5 6
              6 9
              9 30
              ;
set F[199] := 17 19
              19 5
              5 6
              6 9
              9 10
              10 31
              ;
set F[200] := 17 19
              19 11
              11 12
              12 33
              ;
set F[201] := 17 19
              19 18
              18 8
              8 13
              13 34
              ;
set F[202] := 17 16
              16 15
              15 14
              14 35
              ;
set F[203] := 17 16
              16 15
              15 36
              ;
set F[204] := 17 16
              16 37
              ;
set F[205] := 17 19
              19 18
              18 39
              ;
set F[206] := 17 19
              19 40
              ;
set F[207] := 18 7
              7 2
              2 1
              1 22
              ;
set F[208] := 18 7
              7 2
              2 23
              ;
set F[209] := 18 19
              19 5
              5 6
              6 27
              ;
set F[210] := 18 8
              8 13
              13 10
              10 9
              9 30
              ;
set F[211] := 18 8
              8 13
              13 10
              10 31
              ;
set F[212] := 18 19
              19 11
              11 12
              12 33
              ;
set F[213] := 18 8
              8 13
              13 34
              ;
set F[214] := 18 14
              14 15
              15 16
              16 37
              ;
set F[215] := 18 19
              19 40
              ;
set F[216] := 19 18
              18 7
              7 2
              2 1
              1 22
              ;
set F[217] := 19 18
              18 7
              7 2
              2 23
              ;
set F[218] := 19 11
              11 12
              12 3
              3 24
              ;
set F[219] := 19 11
              11 12
              12 3
              3 4
              4 25
              ;
set F[220] := 19 5
              5 26
              ;
set F[221] := 19 5
              5 6
              6 27
              ;
set F[222] := 19 18
              18 7
              7 28
              ;
set F[223] := 19 18
              18 8
              8 29
              ;
set F[224] := 19 5
              5 6
              6 9
              9 30
              ;
set F[225] := 19 5
              5 6
              6 9
              9 10
              10 31
              ;
set F[226] := 19 11
              11 32
              ;
set F[227] := 19 11
              11 12
              12 33
              ;
set F[228] := 19 18
              18 8
              8 13
              13 34
              ;
set F[229] := 19 18
              18 14
              14 35
              ;
set F[230] := 19 17
              17 16
              16 15
              15 36
              ;
set F[231] := 19 17
              17 16
              16 37
              ;
set F[232] := 19 17
              17 38
              ;
set F[233] := 19 18
              18 39
              ;
set F[234] := 19 20
              20 41
              ;
set F[235] := 19 18
              18 21
              21 42
              ;
set F[236] := 21 18
              18 7
              7 2
              2 1
              1 22
              ;
set F[237] := 21 18
              18 7
              7 2
              2 23
              ;
set F[238] := 21 18
              18 19
              19 11
              11 12
              12 3
              3 24
              ;
set F[239] := 21 18
              18 7
              7 2
              2 1
              1 4
              4 25
              ;
set F[240] := 21 18
              18 19
              19 5
              5 26
              ;
set F[241] := 21 18
              18 19
              19 5
              5 6
              6 27
              ;
set F[242] := 21 18
              18 7
              7 28
              ;
set F[243] := 21 18
              18 8
              8 13
              13 10
              10 9
              9 30
              ;
set F[244] := 21 18
              18 8
              8 13
              13 10
              10 31
              ;
set F[245] := 21 18
              18 19
              19 11
              11 32
              ;
set F[246] := 21 18
              18 19
              19 11
              11 12
              12 33
              ;
set F[247] := 21 18
              18 8
              8 13
              13 34
              ;
set F[248] := 21 18
              18 14
              14 35
              ;
set F[249] := 21 18
              18 14
              14 15
              15 36
              ;
set F[250] := 21 18
              18 14
              14 15
              15 16
              16 37
              ;
set F[251] := 21 18
              18 39
              ;
set F[252] := 21 18
              18 19
              19 40
              ;
set Last[1] := 2 23;
set Last[2] := 3 24;
set Last[3] := 4 25;
set Last[4] := 5 26;
set Last[5] := 6 27;
set Last[6] := 7 28;
set Last[7] := 9 30;
set Last[8] := 10 31;
set Last[9] := 11 32;
set Last[10] := 12 33;
set Last[11] := 13 34;
set Last[12] := 14 35;
set Last[13] := 15 36;
set Last[14] := 16 37;
set Last[15] := 18 39;
set Last[16] := 19 40;
set Last[17] := 21 42;
set Last[18] := 9 30;
set Last[19] := 19 40;
set Last[20] := 1 22;
set Last[21] := 2 23;
set Last[22] := 4 25;
set Last[23] := 5 26;
set Last[24] := 6 27;
set Last[25] := 7 28;
set Last[26] := 9 30;
set Last[27] := 10 31;
set Last[28] := 11 32;
set Last[29] := 12 33;
set Last[30] := 13 34;
set Last[31] := 14 35;
set Last[32] := 15 36;
set Last[33] := 16 37;
set Last[34] := 17 38;
set Last[35] := 18 39;
set Last[36] := 19 40;
set Last[37] := 21 42;
set Last[38] := 1 22;
set Last[39] := 2 23;
set Last[40] := 3 24;
set Last[41] := 5 26;
set Last[42] := 6 27;
set Last[43] := 7 28;
set Last[44] := 9 30;
set Last[45] := 10 31;
set Last[46] := 11 32;
set Last[47] := 12 33;
set Last[48] := 13 34;
set Last[49] := 14 35;
set Last[50] := 15 36;
set Last[51] := 16 37;
set Last[52] := 18 39;
set Last[53] := 19 40;
set Last[54] := 21 42;
set Last[55] := 1 22;
set Last[56] := 2 23;
set Last[57] := 3 24;
set Last[58] := 4 25;
set Last[59] := 6 27;
set Last[60] := 7 28;
set Last[61] := 9 30;
set Last[62] := 10 31;
set Last[63] := 11 32;
set Last[64] := 12 33;
set Last[65] := 13 34;
set Last[66] := 14 35;
set Last[67] := 15 36;
set Last[68] := 16 37;
set Last[69] := 17 38;
set Last[70] := 18 39;
set Last[71] := 19 40;
set Last[72] := 20 41;
set Last[73] := 21 42;
set Last[74] := 1 22;
set Last[75] := 2 23;
set Last[76] := 3 24;
set Last[77] := 4 25;
set Last[78] := 5 26;
set Last[79] := 7 28;
set Last[80] := 9 30;
set Last[81] := 10 31;
set Last[82] := 11 32;
set Last[83] := 12 33;
set Last[84] := 13 34;
set Last[85] := 14 35;
set Last[86] := 15 36;
set Last[87] := 16 37;
set Last[88] := 18 39;
set Last[89] := 19 40;
set Last[90] := 21 42;
set Last[91] := 1 22;
set Last[92] := 2 23;
set Last[93] := 3 24;
set Last[94] := 4 25;
set Last[95] := 5 26;
set Last[96] := 6 27;
set Last[97] := 9 30;
set Last[98] := 10 31;
set Last[99] := 11 32;
set Last[100] := 12 33;
set Last[101] := 13 34;
set Last[102] := 14 35;
set Last[103] := 15 36;
set Last[104] := 16 37;
set Last[105] := 18 39;
set Last[106] := 19 40;
set Last[107] := 1 22;
set Last[108] := 6 27;
set Last[109] := 9 30;
set Last[110] := 12 33;
set Last[111] := 16 37;
set Last[112] := 18 39;
set Last[113] := 19 40;
set Last[114] := 19 40;
set Last[115] := 1 22;
set Last[116] := 2 23;
set Last[117] := 3 24;
set Last[118] := 4 25;
set Last[119] := 5 26;
set Last[120] := 6 27;
set Last[121] := 7 28;
set Last[122] := 9 30;
set Last[123] := 11 32;
set Last[124] := 12 33;
set Last[125] := 13 34;
set Last[126] := 14 35;
set Last[127] := 15 36;
set Last[128] := 16 37;
set Last[129] := 17 38;
set Last[130] := 18 39;
set Last[131] := 19 40;
set Last[132] := 20 41;
set Last[133] := 21 42;
set Last[134] := 9 30;
set Last[135] := 19 40;
set Last[136] := 1 22;
set Last[137] := 2 23;
set Last[138] := 3 24;
set Last[139] := 4 25;
set Last[140] := 5 26;
set Last[141] := 6 27;
set Last[142] := 7 28;
set Last[143] := 9 30;
set Last[144] := 10 31;
set Last[145] := 11 32;
set Last[146] := 13 34;
set Last[147] := 14 35;
set Last[148] := 15 36;
set Last[149] := 16 37;
set Last[150] := 17 38;
set Last[151] := 18 39;
set Last[152] := 19 40;
set Last[153] := 20 41;
set Last[154] := 21 42;
set Last[155] := 1 22;
set Last[156] := 2 23;
set Last[157] := 3 24;
set Last[158] := 4 25;
set Last[159] := 5 26;
set Last[160] := 6 27;
set Last[161] := 7 28;
set Last[162] := 9 30;
set Last[163] := 10 31;
set Last[164] := 11 32;
set Last[165] := 12 33;
set Last[166] := 13 34;
set Last[167] := 15 36;
set Last[168] := 16 37;
set Last[169] := 18 39;
set Last[170] := 19 40;
set Last[171] := 21 42;
set Last[172] := 1 22;
set Last[173] := 2 23;
set Last[174] := 3 24;
set Last[175] := 4 25;
set Last[176] := 5 26;
set Last[177] := 6 27;
set Last[178] := 7 28;
set Last[179] := 9 30;
set Last[180] := 10 31;
set Last[181] := 11 32;
set Last[182] := 12 33;
set Last[183] := 13 34;
set Last[184] := 14 35;
set Last[185] := 16 37;
set Last[186] := 18 39;
set Last[187] := 19 40;
set Last[188] := 21 42;
set Last[189] := 9 30;
set Last[190] := 12 33;
set Last[191] := 19 40;
set Last[192] := 1 22;
set Last[193] := 2 23;
set Last[194] := 3 24;
set Last[195] := 4 25;
set Last[196] := 5 26;
set Last[197] := 6 27;
set Last[198] := 9 30;
set Last[199] := 10 31;
set Last[200] := 12 33;
set Last[201] := 13 34;
set Last[202] := 14 35;
set Last[203] := 15 36;
set Last[204] := 16 37;
set Last[205] := 18 39;
set Last[206] := 19 40;
set Last[207] := 1 22;
set Last[208] := 2 23;
set Last[209] := 6 27;
set Last[210] := 9 30;
set Last[211] := 10 31;
set Last[212] := 12 33;
set Last[213] := 13 34;
set Last[214] := 16 37;
set Last[215] := 19 40;
set Last[216] := 1 22;
set Last[217] := 2 23;
set Last[218] := 3 24;
set Last[219] := 4 25;
set Last[220] := 5 26;
set Last[221] := 6 27;
set Last[222] := 7 28;
set Last[223] := 8 29;
set Last[224] := 9 30;
set Last[225] := 10 31;
set Last[226] := 11 32;
set Last[227] := 12 33;
set Last[228] := 13 34;
set Last[229] := 14 35;
set Last[230] := 15 36;
set Last[231] := 16 37;
set Last[232] := 17 38;
set Last[233] := 18 39;
set Last[234] := 20 41;
set Last[235] := 21 42;
set Last[236] := 1 22;
set Last[237] := 2 23;
set Last[238] := 3 24;
set Last[239] := 4 25;
set Last[240] := 5 26;
set Last[241] := 6 27;
set Last[242] := 7 28;
set Last[243] := 9 30;
set Last[244] := 10 31;
set Last[245] := 11 32;
set Last[246] := 12 33;
set Last[247] := 13 34;
set Last[248] := 14 35;
set Last[249] := 15 36;
set Last[250] := 16 37;
set Last[251] := 18 39;
set Last[252] := 19 40;

param q := 5;

end;
