data;

set V := 1 2 3 4 5 6 7 8 9 10 11 12 13 14 15 16 17 18 19 20 21 22 23 24 25 26 27 28 29 30 31 32 33 34 35 36 38 39 40 41 42 44 45 46 47 48 49 51 52 53 54 55 56 58 59 62 63 64 66;

set A := 1 2
         1 3
         1 6
         1 34
         2 1
         2 17
         2 20
         2 35
         3 1
         3 20
         3 25
         3 36
         4 15
         4 21
         5 14
         5 17
         5 38
         6 1
         6 8
         6 9
         6 19
         6 39
         7 8
         7 40
         8 6
         8 7
         8 41
         9 6
         9 26
         9 42
         10 9
         11 14
         11 44
         12 13
         12 20
         12 33
         12 45
         13 12
         13 15
         13 46
         14 5
         14 11
         14 16
         14 17
         14 20
         14 47
         15 13
         15 20
         15 21
         15 22
         15 23
         15 48
         16 14
         16 23
         16 32
         16 33
         16 49
         17 2
         17 5
         17 14
         17 31
         18 51
         19 6
         19 18
         19 52
         20 2
         20 3
         20 12
         20 14
         20 15
         20 21
         20 25
         20 53
         21 15
         21 20
         21 54
         22 15
         22 23
         22 55
         23 15
         23 16
         23 29
         23 32
         23 56
         24 20
         25 3
         25 20
         25 26
         25 58
         26 9
         26 25
         26 59
         27 22
         28 22
         29 23
         29 30
         29 62
         30 29
         30 31
         30 63
         31 17
         31 30
         31 32
         31 64
         32 16
         32 23
         32 31
         33 12
         33 16
         33 66
         ;

set S := 1 2 3 4 5 6 7 8 9 10 11 12 13 14 15 16 17 18 19 20 21 22 23 24 25 26 27 28 29 30 31 32 33 34 35 36 37 38 39 40 41 42 43 44 45 46 47 48 49 50 51 52 53 54 55 56 57 58 59 60 61 62 63 64 65 66 67 68 69 70 71 72 73 74 75 76 77 78 79 80 81 82 83 84 85 86 87 88 89 90 91 92 93 94 95 96 97 98 99 100 101 102 103 104 105 106 107 108 109 110 111 112 113 114 115 116 117 118 119 120 121 122 123 124 125 126 127 128 129 130 131 132 133 134 135 136 137 138 139 140 141 142 143 144 145 146 147 148 149 150 151 152 153 154 155 156 157 158 159 160 161 162 163 164 165 166 167 168 169 170 171 172 173 174 175 176 177 178 179 180 181 182 183 184 185 186 187 188 189 190 191 192 193 194 195 196 197 198 199 200 201 202 203 204 205 206 207 208 209 210 211 212 213 214 215 216 217 218 219 220 221 222 223 224 225 226 227 228 229 230 231 232 233 234 235 236 237 238 239 240 241 242 243 244 245 246 247 248 249 250 251 252 253 254 255 256 257 258 259 260 261 262 263 264 265 266 267 268 269 270 271 272 273 274 275 276 277 278 279 280 281 282 283 284 285 286 287 288 289 290 291 292 293 294 295 296 297 298 299 300 301 302 303 304 305 306 307 308 309 310 311 312 313 314 315 316 317 318 319 320 321 322 323 324 325 326 327 328 329 330 331 332 333 334 335 336 337 338 339 340 341 342 343 344 345 346 347 348 349 350 351 352 353 354 355 356 357 358 359 360 361 362 363 364 365 366 367 368 369 370 371 372 373 374 375 376 377 378 379 380 381 382 383 384 385 386 387 388 389 390 391 392 393 394 395 396 397 398 399 400 401 402 403 404 405 406 407 408 409 410 411 412 413 414 415 416 417 418 419 420 421 422 423;

set F[1] := 1 2
            2 35
            ;
set F[2] := 1 3
            3 36
            ;
set F[3] := 1 2
            2 17
            17 5
            5 38
            ;
set F[4] := 1 6
            6 39
            ;
set F[5] := 1 6
            6 9
            9 42
            ;
set F[6] := 1 2
            2 17
            17 14
            14 11
            11 44
            ;
set F[7] := 1 2
            2 20
            20 12
            12 45
            ;
set F[8] := 1 2
            2 20
            20 12
            12 13
            13 46
            ;
set F[9] := 1 2
            2 17
            17 14
            14 47
            ;
set F[10] := 1 2
             2 20
             20 15
             15 48
             ;
set F[11] := 1 2
             2 17
             17 14
             14 16
             16 49
             ;
set F[12] := 1 6
             6 19
             19 52
             ;
set F[13] := 1 2
             2 20
             20 53
             ;
set F[14] := 1 2
             2 20
             20 21
             21 54
             ;
set F[15] := 1 2
             2 20
             20 15
             15 22
             22 55
             ;
set F[16] := 1 2
             2 20
             20 15
             15 23
             23 56
             ;
set F[17] := 1 3
             3 25
             25 58
             ;
set F[18] := 1 3
             3 25
             25 26
             26 59
             ;
set F[19] := 1 2
             2 17
             17 31
             31 30
             30 29
             29 62
             ;
set F[20] := 1 2
             2 17
             17 31
             31 64
             ;
set F[21] := 1 2
             2 20
             20 12
             12 33
             33 66
             ;
set F[22] := 2 1
             1 34
             ;
set F[23] := 2 1
             1 3
             3 36
             ;
set F[24] := 2 17
             17 5
             5 38
             ;
set F[25] := 2 1
             1 6
             6 39
             ;
set F[26] := 2 20
             20 12
             12 45
             ;
set F[27] := 2 20
             20 12
             12 13
             13 46
             ;
set F[28] := 2 17
             17 14
             14 47
             ;
set F[29] := 2 20
             20 15
             15 48
             ;
set F[30] := 2 17
             17 14
             14 16
             16 49
             ;
set F[31] := 2 1
             1 6
             6 19
             19 52
             ;
set F[32] := 2 20
             20 53
             ;
set F[33] := 2 20
             20 21
             21 54
             ;
set F[34] := 2 20
             20 15
             15 23
             23 56
             ;
set F[35] := 2 20
             20 25
             25 58
             ;
set F[36] := 2 20
             20 25
             25 26
             26 59
             ;
set F[37] := 2 17
             17 31
             31 30
             30 29
             29 62
             ;
set F[38] := 2 17
             17 31
             31 64
             ;
set F[39] := 2 20
             20 12
             12 33
             33 66
             ;
set F[40] := 3 1
             1 6
             6 39
             ;
set F[41] := 3 20
             20 12
             12 45
             ;
set F[42] := 3 20
             20 14
             14 47
             ;
set F[43] := 3 20
             20 15
             15 48
             ;
set F[44] := 3 20
             20 14
             14 16
             16 49
             ;
set F[45] := 3 20
             20 53
             ;
set F[46] := 3 20
             20 15
             15 23
             23 56
             ;
set F[47] := 4 21
             21 20
             20 2
             2 35
             ;
set F[48] := 4 21
             21 20
             20 3
             3 36
             ;
set F[49] := 4 21
             21 20
             20 2
             2 1
             1 6
             6 39
             ;
set F[50] := 4 21
             21 20
             20 12
             12 45
             ;
set F[51] := 4 21
             21 20
             20 14
             14 47
             ;
set F[52] := 4 15
             15 48
             ;
set F[53] := 4 15
             15 23
             23 16
             16 49
             ;
set F[54] := 4 21
             21 20
             20 53
             ;
set F[55] := 4 15
             15 23
             23 56
             ;
set F[56] := 5 17
             17 2
             2 1
             1 34
             ;
set F[57] := 5 17
             17 2
             2 35
             ;
set F[58] := 5 14
             14 20
             20 3
             3 36
             ;
set F[59] := 5 17
             17 2
             2 1
             1 6
             6 39
             ;
set F[60] := 5 14
             14 20
             20 12
             12 45
             ;
set F[61] := 5 14
             14 20
             20 12
             12 13
             13 46
             ;
set F[62] := 5 14
             14 47
             ;
set F[63] := 5 14
             14 20
             20 15
             15 48
             ;
set F[64] := 5 14
             14 16
             16 49
             ;
set F[65] := 5 14
             14 20
             20 53
             ;
set F[66] := 5 14
             14 20
             20 21
             21 54
             ;
set F[67] := 5 14
             14 16
             16 23
             23 56
             ;
set F[68] := 5 14
             14 20
             20 25
             25 26
             26 59
             ;
set F[69] := 5 17
             17 31
             31 64
             ;
set F[70] := 6 1
             1 34
             ;
set F[71] := 6 1
             1 2
             2 35
             ;
set F[72] := 6 1
             1 3
             3 36
             ;
set F[73] := 6 1
             1 2
             2 17
             17 5
             5 38
             ;
set F[74] := 6 8
             8 7
             7 40
             ;
set F[75] := 6 9
             9 42
             ;
set F[76] := 6 1
             1 2
             2 17
             17 14
             14 11
             11 44
             ;
set F[77] := 6 1
             1 2
             2 20
             20 12
             12 45
             ;
set F[78] := 6 1
             1 2
             2 20
             20 12
             12 13
             13 46
             ;
set F[79] := 6 1
             1 2
             2 17
             17 14
             14 47
             ;
set F[80] := 6 1
             1 2
             2 20
             20 15
             15 48
             ;
set F[81] := 6 1
             1 2
             2 17
             17 14
             14 16
             16 49
             ;
set F[82] := 6 19
             19 18
             18 51
             ;
set F[83] := 6 19
             19 52
             ;
set F[84] := 6 1
             1 2
             2 20
             20 53
             ;
set F[85] := 6 1
             1 2
             2 20
             20 21
             21 54
             ;
set F[86] := 6 1
             1 2
             2 20
             20 15
             15 22
             22 55
             ;
set F[87] := 6 1
             1 2
             2 20
             20 15
             15 23
             23 56
             ;
set F[88] := 6 1
             1 3
             3 25
             25 58
             ;
set F[89] := 6 9
             9 26
             26 59
             ;
set F[90] := 6 1
             1 2
             2 17
             17 31
             31 30
             30 29
             29 62
             ;
set F[91] := 6 1
             1 2
             2 17
             17 31
             31 64
             ;
set F[92] := 6 1
             1 2
             2 20
             20 12
             12 33
             33 66
             ;
set F[93] := 7 8
             8 6
             6 1
             1 2
             2 35
             ;
set F[94] := 7 8
             8 6
             6 1
             1 3
             3 36
             ;
set F[95] := 7 8
             8 6
             6 39
             ;
set F[96] := 7 8
             8 6
             6 1
             1 2
             2 20
             20 12
             12 45
             ;
set F[97] := 7 8
             8 6
             6 1
             1 2
             2 17
             17 14
             14 47
             ;
set F[98] := 7 8
             8 6
             6 1
             1 2
             2 20
             20 15
             15 48
             ;
set F[99] := 7 8
             8 6
             6 1
             1 2
             2 17
             17 14
             14 16
             16 49
             ;
set F[100] := 7 8
              8 6
              6 1
              1 2
              2 20
              20 53
              ;
set F[101] := 7 8
              8 6
              6 1
              1 2
              2 20
              20 15
              15 23
              23 56
              ;
set F[102] := 8 6
              6 1
              1 34
              ;
set F[103] := 8 6
              6 1
              1 2
              2 35
              ;
set F[104] := 8 6
              6 1
              1 3
              3 36
              ;
set F[105] := 8 6
              6 39
              ;
set F[106] := 8 6
              6 1
              1 2
              2 20
              20 12
              12 45
              ;
set F[107] := 8 6
              6 1
              1 2
              2 20
              20 12
              12 13
              13 46
              ;
set F[108] := 8 6
              6 1
              1 2
              2 17
              17 14
              14 47
              ;
set F[109] := 8 6
              6 1
              1 2
              2 20
              20 15
              15 48
              ;
set F[110] := 8 6
              6 1
              1 2
              2 17
              17 14
              14 16
              16 49
              ;
set F[111] := 8 6
              6 19
              19 52
              ;
set F[112] := 8 6
              6 1
              1 2
              2 20
              20 53
              ;
set F[113] := 8 6
              6 1
              1 2
              2 20
              20 21
              21 54
              ;
set F[114] := 8 6
              6 1
              1 2
              2 20
              20 15
              15 23
              23 56
              ;
set F[115] := 8 6
              6 1
              1 3
              3 25
              25 58
              ;
set F[116] := 8 6
              6 9
              9 26
              26 59
              ;
set F[117] := 8 6
              6 1
              1 2
              2 17
              17 31
              31 30
              30 29
              29 62
              ;
set F[118] := 8 6
              6 1
              1 2
              2 17
              17 31
              31 64
              ;
set F[119] := 9 6
              6 1
              1 3
              3 36
              ;
set F[120] := 9 6
              6 39
              ;
set F[121] := 9 26
              26 25
              25 20
              20 12
              12 45
              ;
set F[122] := 9 26
              26 25
              25 20
              20 14
              14 47
              ;
set F[123] := 9 26
              26 25
              25 20
              20 15
              15 48
              ;
set F[124] := 9 26
              26 25
              25 20
              20 14
              14 16
              16 49
              ;
set F[125] := 9 26
              26 25
              25 20
              20 53
              ;
set F[126] := 9 26
              26 25
              25 20
              20 15
              15 23
              23 56
              ;
set F[127] := 10 9
              9 6
              6 1
              1 2
              2 35
              ;
set F[128] := 10 9
              9 6
              6 1
              1 3
              3 36
              ;
set F[129] := 10 9
              9 6
              6 39
              ;
set F[130] := 10 9
              9 26
              26 25
              25 20
              20 12
              12 45
              ;
set F[131] := 10 9
              9 26
              26 25
              25 20
              20 14
              14 47
              ;
set F[132] := 10 9
              9 26
              26 25
              25 20
              20 15
              15 48
              ;
set F[133] := 10 9
              9 26
              26 25
              25 20
              20 14
              14 16
              16 49
              ;
set F[134] := 10 9
              9 26
              26 25
              25 20
              20 53
              ;
set F[135] := 10 9
              9 26
              26 25
              25 20
              20 15
              15 23
              23 56
              ;
set F[136] := 10 9
              9 26
              26 59
              ;
set F[137] := 10 9
              9 6
              6 1
              1 2
              2 17
              17 31
              31 64
              ;
set F[138] := 11 14
              14 17
              17 2
              2 35
              ;
set F[139] := 11 14
              14 20
              20 3
              3 36
              ;
set F[140] := 11 14
              14 17
              17 2
              2 1
              1 6
              6 39
              ;
set F[141] := 11 14
              14 20
              20 12
              12 45
              ;
set F[142] := 11 14
              14 47
              ;
set F[143] := 11 14
              14 20
              20 15
              15 48
              ;
set F[144] := 11 14
              14 16
              16 49
              ;
set F[145] := 11 14
              14 20
              20 53
              ;
set F[146] := 11 14
              14 16
              16 23
              23 56
              ;
set F[147] := 12 20
              20 2
              2 1
              1 34
              ;
set F[148] := 12 20
              20 2
              2 35
              ;
set F[149] := 12 20
              20 3
              3 36
              ;
set F[150] := 12 20
              20 14
              14 5
              5 38
              ;
set F[151] := 12 20
              20 2
              2 1
              1 6
              6 39
              ;
set F[152] := 12 20
              20 25
              25 26
              26 9
              9 42
              ;
set F[153] := 12 13
              13 46
              ;
set F[154] := 12 20
              20 14
              14 47
              ;
set F[155] := 12 20
              20 15
              15 48
              ;
set F[156] := 12 33
              33 16
              16 49
              ;
set F[157] := 12 20
              20 2
              2 1
              1 6
              6 19
              19 52
              ;
set F[158] := 12 20
              20 53
              ;
set F[159] := 12 20
              20 21
              21 54
              ;
set F[160] := 12 33
              33 16
              16 23
              23 56
              ;
set F[161] := 12 20
              20 25
              25 58
              ;
set F[162] := 12 20
              20 25
              25 26
              26 59
              ;
set F[163] := 12 33
              33 16
              16 23
              23 29
              29 62
              ;
set F[164] := 12 33
              33 16
              16 32
              32 31
              31 64
              ;
set F[165] := 12 33
              33 66
              ;
set F[166] := 13 12
              12 20
              20 2
              2 35
              ;
set F[167] := 13 12
              12 20
              20 3
              3 36
              ;
set F[168] := 13 12
              12 20
              20 2
              2 1
              1 6
              6 39
              ;
set F[169] := 13 12
              12 45
              ;
set F[170] := 13 12
              12 20
              20 14
              14 47
              ;
set F[171] := 13 15
              15 48
              ;
set F[172] := 13 12
              12 33
              33 16
              16 49
              ;
set F[173] := 13 12
              12 20
              20 53
              ;
set F[174] := 13 15
              15 21
              21 54
              ;
set F[175] := 13 15
              15 23
              23 56
              ;
set F[176] := 13 12
              12 20
              20 25
              25 26
              26 59
              ;
set F[177] := 13 15
              15 23
              23 32
              32 31
              31 64
              ;
set F[178] := 14 17
              17 2
              2 1
              1 34
              ;
set F[179] := 14 17
              17 2
              2 35
              ;
set F[180] := 14 20
              20 3
              3 36
              ;
set F[181] := 14 5
              5 38
              ;
set F[182] := 14 17
              17 2
              2 1
              1 6
              6 39
              ;
set F[183] := 14 20
              20 25
              25 26
              26 9
              9 42
              ;
set F[184] := 14 20
              20 12
              12 45
              ;
set F[185] := 14 20
              20 12
              12 13
              13 46
              ;
set F[186] := 14 20
              20 15
              15 48
              ;
set F[187] := 14 16
              16 49
              ;
set F[188] := 14 17
              17 2
              2 1
              1 6
              6 19
              19 52
              ;
set F[189] := 14 20
              20 53
              ;
set F[190] := 14 20
              20 21
              21 54
              ;
set F[191] := 14 20
              20 15
              15 22
              22 55
              ;
set F[192] := 14 16
              16 23
              23 56
              ;
set F[193] := 14 20
              20 25
              25 58
              ;
set F[194] := 14 20
              20 25
              25 26
              26 59
              ;
set F[195] := 14 16
              16 23
              23 29
              29 62
              ;
set F[196] := 14 17
              17 31
              31 64
              ;
set F[197] := 14 16
              16 33
              33 66
              ;
set F[198] := 15 20
              20 2
              2 1
              1 34
              ;
set F[199] := 15 20
              20 2
              2 35
              ;
set F[200] := 15 20
              20 3
              3 36
              ;
set F[201] := 15 20
              20 14
              14 5
              5 38
              ;
set F[202] := 15 20
              20 2
              2 1
              1 6
              6 39
              ;
set F[203] := 15 20
              20 2
              2 1
              1 6
              6 8
              8 7
              7 40
              ;
set F[204] := 15 20
              20 25
              25 26
              26 9
              9 42
              ;
set F[205] := 15 20
              20 14
              14 11
              11 44
              ;
set F[206] := 15 13
              13 12
              12 45
              ;
set F[207] := 15 13
              13 46
              ;
set F[208] := 15 20
              20 14
              14 47
              ;
set F[209] := 15 23
              23 16
              16 49
              ;
set F[210] := 15 20
              20 2
              2 1
              1 6
              6 19
              19 18
              18 51
              ;
set F[211] := 15 20
              20 2
              2 1
              1 6
              6 19
              19 52
              ;
set F[212] := 15 20
              20 53
              ;
set F[213] := 15 21
              21 54
              ;
set F[214] := 15 22
              22 55
              ;
set F[215] := 15 23
              23 56
              ;
set F[216] := 15 20
              20 25
              25 58
              ;
set F[217] := 15 20
              20 25
              25 26
              26 59
              ;
set F[218] := 15 23
              23 29
              29 62
              ;
set F[219] := 15 23
              23 29
              29 30
              30 63
              ;
set F[220] := 15 23
              23 32
              32 31
              31 64
              ;
set F[221] := 15 13
              13 12
              12 33
              33 66
              ;
set F[222] := 17 2
              2 1
              1 34
              ;
set F[223] := 17 2
              2 35
              ;
set F[224] := 17 2
              2 1
              1 3
              3 36
              ;
set F[225] := 17 2
              2 1
              1 6
              6 39
              ;
set F[226] := 17 2
              2 20
              20 12
              12 45
              ;
set F[227] := 17 2
              2 20
              20 12
              12 13
              13 46
              ;
set F[228] := 17 14
              14 47
              ;
set F[229] := 17 2
              2 20
              20 15
              15 48
              ;
set F[230] := 17 14
              14 16
              16 49
              ;
set F[231] := 17 2
              2 1
              1 6
              6 19
              19 52
              ;
set F[232] := 17 2
              2 20
              20 53
              ;
set F[233] := 17 2
              2 20
              20 21
              21 54
              ;
set F[234] := 17 14
              14 16
              16 23
              23 56
              ;
set F[235] := 17 2
              2 20
              20 25
              25 58
              ;
set F[236] := 17 2
              2 20
              20 25
              25 26
              26 59
              ;
set F[237] := 17 31
              31 30
              30 29
              29 62
              ;
set F[238] := 17 31
              31 64
              ;
set F[239] := 19 6
              6 1
              1 34
              ;
set F[240] := 19 6
              6 1
              1 2
              2 35
              ;
set F[241] := 19 6
              6 1
              1 3
              3 36
              ;
set F[242] := 19 6
              6 39
              ;
set F[243] := 19 6
              6 1
              1 2
              2 20
              20 12
              12 45
              ;
set F[244] := 19 6
              6 1
              1 2
              2 20
              20 12
              12 13
              13 46
              ;
set F[245] := 19 6
              6 1
              1 2
              2 17
              17 14
              14 47
              ;
set F[246] := 19 6
              6 1
              1 2
              2 20
              20 15
              15 48
              ;
set F[247] := 19 6
              6 1
              1 2
              2 17
              17 14
              14 16
              16 49
              ;
set F[248] := 19 6
              6 1
              1 2
              2 20
              20 53
              ;
set F[249] := 19 6
              6 1
              1 2
              2 20
              20 21
              21 54
              ;
set F[250] := 19 6
              6 1
              1 2
              2 20
              20 15
              15 23
              23 56
              ;
set F[251] := 19 6
              6 9
              9 26
              26 59
              ;
set F[252] := 19 6
              6 1
              1 2
              2 17
              17 31
              31 64
              ;
set F[253] := 20 2
              2 1
              1 34
              ;
set F[254] := 20 2
              2 35
              ;
set F[255] := 20 3
              3 36
              ;
set F[256] := 20 14
              14 5
              5 38
              ;
set F[257] := 20 2
              2 1
              1 6
              6 39
              ;
set F[258] := 20 2
              2 1
              1 6
              6 8
              8 7
              7 40
              ;
set F[259] := 20 2
              2 1
              1 6
              6 8
              8 41
              ;
set F[260] := 20 25
              25 26
              26 9
              9 42
              ;
set F[261] := 20 14
              14 11
              11 44
              ;
set F[262] := 20 12
              12 45
              ;
set F[263] := 20 12
              12 13
              13 46
              ;
set F[264] := 20 14
              14 47
              ;
set F[265] := 20 15
              15 48
              ;
set F[266] := 20 14
              14 16
              16 49
              ;
set F[267] := 20 2
              2 1
              1 6
              6 19
              19 18
              18 51
              ;
set F[268] := 20 2
              2 1
              1 6
              6 19
              19 52
              ;
set F[269] := 20 21
              21 54
              ;
set F[270] := 20 15
              15 22
              22 55
              ;
set F[271] := 20 15
              15 23
              23 56
              ;
set F[272] := 20 25
              25 58
              ;
set F[273] := 20 25
              25 26
              26 59
              ;
set F[274] := 20 15
              15 23
              23 29
              29 62
              ;
set F[275] := 20 2
              2 17
              17 31
              31 30
              30 63
              ;
set F[276] := 20 2
              2 17
              17 31
              31 64
              ;
set F[277] := 20 12
              12 33
              33 66
              ;
set F[278] := 21 20
              20 2
              2 1
              1 34
              ;
set F[279] := 21 20
              20 2
              2 35
              ;
set F[280] := 21 20
              20 3
              3 36
              ;
set F[281] := 21 20
              20 14
              14 5
              5 38
              ;
set F[282] := 21 20
              20 2
              2 1
              1 6
              6 39
              ;
set F[283] := 21 20
              20 12
              12 45
              ;
set F[284] := 21 15
              15 13
              13 46
              ;
set F[285] := 21 20
              20 14
              14 47
              ;
set F[286] := 21 15
              15 48
              ;
set F[287] := 21 15
              15 23
              23 16
              16 49
              ;
set F[288] := 21 20
              20 2
              2 1
              1 6
              6 19
              19 52
              ;
set F[289] := 21 20
              20 53
              ;
set F[290] := 21 15
              15 23
              23 56
              ;
set F[291] := 21 20
              20 25
              25 58
              ;
set F[292] := 21 20
              20 25
              25 26
              26 59
              ;
set F[293] := 21 15
              15 23
              23 29
              29 62
              ;
set F[294] := 21 15
              15 23
              23 32
              32 31
              31 64
              ;
set F[295] := 21 20
              20 12
              12 33
              33 66
              ;
set F[296] := 22 15
              15 20
              20 2
              2 35
              ;
set F[297] := 22 15
              15 20
              20 3
              3 36
              ;
set F[298] := 22 15
              15 20
              20 2
              2 1
              1 6
              6 39
              ;
set F[299] := 22 15
              15 13
              13 12
              12 45
              ;
set F[300] := 22 15
              15 20
              20 14
              14 47
              ;
set F[301] := 22 15
              15 48
              ;
set F[302] := 22 23
              23 16
              16 49
              ;
set F[303] := 22 15
              15 20
              20 53
              ;
set F[304] := 22 23
              23 56
              ;
set F[305] := 22 15
              15 20
              20 25
              25 26
              26 59
              ;
set F[306] := 22 23
              23 32
              32 31
              31 64
              ;
set F[307] := 23 15
              15 20
              20 2
              2 35
              ;
set F[308] := 23 15
              15 20
              20 3
              3 36
              ;
set F[309] := 23 15
              15 20
              20 2
              2 1
              1 6
              6 39
              ;
set F[310] := 23 15
              15 13
              13 12
              12 45
              ;
set F[311] := 23 16
              16 14
              14 47
              ;
set F[312] := 23 15
              15 48
              ;
set F[313] := 23 16
              16 49
              ;
set F[314] := 23 15
              15 20
              20 53
              ;
set F[315] := 24 20
              20 2
              2 35
              ;
set F[316] := 24 20
              20 3
              3 36
              ;
set F[317] := 24 20
              20 2
              2 1
              1 6
              6 39
              ;
set F[318] := 24 20
              20 12
              12 45
              ;
set F[319] := 24 20
              20 14
              14 47
              ;
set F[320] := 24 20
              20 15
              15 48
              ;
set F[321] := 24 20
              20 14
              14 16
              16 49
              ;
set F[322] := 24 20
              20 53
              ;
set F[323] := 24 20
              20 15
              15 23
              23 56
              ;
set F[324] := 25 20
              20 2
              2 35
              ;
set F[325] := 25 3
              3 36
              ;
set F[326] := 25 3
              3 1
              1 6
              6 39
              ;
set F[327] := 25 20
              20 12
              12 45
              ;
set F[328] := 25 20
              20 14
              14 47
              ;
set F[329] := 25 20
              20 15
              15 48
              ;
set F[330] := 25 20
              20 14
              14 16
              16 49
              ;
set F[331] := 25 20
              20 53
              ;
set F[332] := 25 20
              20 15
              15 23
              23 56
              ;
set F[333] := 26 9
              9 6
              6 1
              1 34
              ;
set F[334] := 26 25
              25 20
              20 2
              2 35
              ;
set F[335] := 26 25
              25 3
              3 36
              ;
set F[336] := 26 9
              9 6
              6 39
              ;
set F[337] := 26 25
              25 20
              20 12
              12 45
              ;
set F[338] := 26 25
              25 20
              20 12
              12 13
              13 46
              ;
set F[339] := 26 25
              25 20
              20 14
              14 47
              ;
set F[340] := 26 25
              25 20
              20 15
              15 48
              ;
set F[341] := 26 25
              25 20
              20 14
              14 16
              16 49
              ;
set F[342] := 26 9
              9 6
              6 19
              19 52
              ;
set F[343] := 26 25
              25 20
              20 53
              ;
set F[344] := 26 25
              25 20
              20 21
              21 54
              ;
set F[345] := 26 25
              25 20
              20 15
              15 23
              23 56
              ;
set F[346] := 26 25
              25 20
              20 2
              2 17
              17 31
              31 64
              ;
set F[347] := 27 22
              22 15
              15 20
              20 2
              2 35
              ;
set F[348] := 27 22
              22 15
              15 20
              20 3
              3 36
              ;
set F[349] := 27 22
              22 15
              15 20
              20 2
              2 1
              1 6
              6 39
              ;
set F[350] := 27 22
              22 15
              15 13
              13 12
              12 45
              ;
set F[351] := 27 22
              22 15
              15 20
              20 14
              14 47
              ;
set F[352] := 27 22
              22 15
              15 48
              ;
set F[353] := 27 22
              22 23
              23 16
              16 49
              ;
set F[354] := 27 22
              22 15
              15 20
              20 53
              ;
set F[355] := 27 22
              22 23
              23 56
              ;
set F[356] := 28 22
              22 15
              15 20
              20 2
              2 35
              ;
set F[357] := 28 22
              22 15
              15 20
              20 3
              3 36
              ;
set F[358] := 28 22
              22 15
              15 20
              20 2
              2 1
              1 6
              6 39
              ;
set F[359] := 28 22
              22 15
              15 13
              13 12
              12 45
              ;
set F[360] := 28 22
              22 15
              15 20
              20 14
              14 47
              ;
set F[361] := 28 22
              22 15
              15 48
              ;
set F[362] := 28 22
              22 23
              23 16
              16 49
              ;
set F[363] := 28 22
              22 15
              15 20
              20 53
              ;
set F[364] := 28 22
              22 23
              23 56
              ;
set F[365] := 29 23
              23 15
              15 20
              20 2
              2 35
              ;
set F[366] := 29 23
              23 15
              15 20
              20 3
              3 36
              ;
set F[367] := 29 23
              23 15
              15 20
              20 2
              2 1
              1 6
              6 39
              ;
set F[368] := 29 23
              23 15
              15 13
              13 12
              12 45
              ;
set F[369] := 29 23
              23 15
              15 13
              13 46
              ;
set F[370] := 29 23
              23 16
              16 14
              14 47
              ;
set F[371] := 29 23
              23 15
              15 48
              ;
set F[372] := 29 23
              23 16
              16 49
              ;
set F[373] := 29 23
              23 15
              15 20
              20 53
              ;
set F[374] := 29 23
              23 15
              15 21
              21 54
              ;
set F[375] := 29 23
              23 56
              ;
set F[376] := 29 23
              23 15
              15 20
              20 25
              25 26
              26 59
              ;
set F[377] := 29 30
              30 31
              31 64
              ;
set F[378] := 30 31
              31 17
              17 2
              2 1
              1 6
              6 39
              ;
set F[379] := 30 29
              29 23
              23 15
              15 13
              13 12
              12 45
              ;
set F[380] := 30 31
              31 17
              17 14
              14 47
              ;
set F[381] := 30 29
              29 23
              23 15
              15 48
              ;
set F[382] := 30 29
              29 23
              23 16
              16 49
              ;
set F[383] := 30 29
              29 23
              23 15
              15 20
              20 53
              ;
set F[384] := 30 29
              29 23
              23 56
              ;
set F[385] := 31 17
              17 2
              2 1
              1 34
              ;
set F[386] := 31 17
              17 2
              2 35
              ;
set F[387] := 31 17
              17 2
              2 1
              1 3
              3 36
              ;
set F[388] := 31 17
              17 2
              2 1
              1 6
              6 39
              ;
set F[389] := 31 17
              17 2
              2 20
              20 12
              12 45
              ;
set F[390] := 31 32
              32 23
              23 15
              15 13
              13 46
              ;
set F[391] := 31 17
              17 14
              14 47
              ;
set F[392] := 31 32
              32 23
              23 15
              15 48
              ;
set F[393] := 31 32
              32 16
              16 49
              ;
set F[394] := 31 17
              17 2
              2 20
              20 53
              ;
set F[395] := 31 17
              17 2
              2 20
              20 21
              21 54
              ;
set F[396] := 31 32
              32 23
              23 56
              ;
set F[397] := 31 17
              17 2
              2 20
              20 25
              25 26
              26 59
              ;
set F[398] := 32 31
              31 17
              17 2
              2 35
              ;
set F[399] := 32 16
              16 14
              14 20
              20 3
              3 36
              ;
set F[400] := 32 31
              31 17
              17 2
              2 1
              1 6
              6 39
              ;
set F[401] := 32 16
              16 33
              33 12
              12 45
              ;
set F[402] := 32 16
              16 14
              14 47
              ;
set F[403] := 32 23
              23 15
              15 48
              ;
set F[404] := 32 16
              16 49
              ;
set F[405] := 32 16
              16 14
              14 20
              20 53
              ;
set F[406] := 32 23
              23 56
              ;
set F[407] := 33 12
              12 20
              20 2
              2 1
              1 34
              ;
set F[408] := 33 12
              12 20
              20 2
              2 35
              ;
set F[409] := 33 12
              12 20
              20 3
              3 36
              ;
set F[410] := 33 12
              12 20
              20 2
              2 1
              1 6
              6 39
              ;
set F[411] := 33 12
              12 45
              ;
set F[412] := 33 12
              12 13
              13 46
              ;
set F[413] := 33 16
              16 14
              14 47
              ;
set F[414] := 33 12
              12 20
              20 15
              15 48
              ;
set F[415] := 33 16
              16 49
              ;
set F[416] := 33 12
              12 20
              20 2
              2 1
              1 6
              6 19
              19 52
              ;
set F[417] := 33 12
              12 20
              20 53
              ;
set F[418] := 33 12
              12 20
              20 21
              21 54
              ;
set F[419] := 33 16
              16 23
              23 56
              ;
set F[420] := 33 12
              12 20
              20 25
              25 58
              ;
set F[421] := 33 12
              12 20
              20 25
              25 26
              26 59
              ;
set F[422] := 33 16
              16 23
              23 29
              29 62
              ;
set F[423] := 33 16
              16 32
              32 31
              31 64
              ;
set Last[1] := 2 35;
set Last[2] := 3 36;
set Last[3] := 5 38;
set Last[4] := 6 39;
set Last[5] := 9 42;
set Last[6] := 11 44;
set Last[7] := 12 45;
set Last[8] := 13 46;
set Last[9] := 14 47;
set Last[10] := 15 48;
set Last[11] := 16 49;
set Last[12] := 19 52;
set Last[13] := 20 53;
set Last[14] := 21 54;
set Last[15] := 22 55;
set Last[16] := 23 56;
set Last[17] := 25 58;
set Last[18] := 26 59;
set Last[19] := 29 62;
set Last[20] := 31 64;
set Last[21] := 33 66;
set Last[22] := 1 34;
set Last[23] := 3 36;
set Last[24] := 5 38;
set Last[25] := 6 39;
set Last[26] := 12 45;
set Last[27] := 13 46;
set Last[28] := 14 47;
set Last[29] := 15 48;
set Last[30] := 16 49;
set Last[31] := 19 52;
set Last[32] := 20 53;
set Last[33] := 21 54;
set Last[34] := 23 56;
set Last[35] := 25 58;
set Last[36] := 26 59;
set Last[37] := 29 62;
set Last[38] := 31 64;
set Last[39] := 33 66;
set Last[40] := 6 39;
set Last[41] := 12 45;
set Last[42] := 14 47;
set Last[43] := 15 48;
set Last[44] := 16 49;
set Last[45] := 20 53;
set Last[46] := 23 56;
set Last[47] := 2 35;
set Last[48] := 3 36;
set Last[49] := 6 39;
set Last[50] := 12 45;
set Last[51] := 14 47;
set Last[52] := 15 48;
set Last[53] := 16 49;
set Last[54] := 20 53;
set Last[55] := 23 56;
set Last[56] := 1 34;
set Last[57] := 2 35;
set Last[58] := 3 36;
set Last[59] := 6 39;
set Last[60] := 12 45;
set Last[61] := 13 46;
set Last[62] := 14 47;
set Last[63] := 15 48;
set Last[64] := 16 49;
set Last[65] := 20 53;
set Last[66] := 21 54;
set Last[67] := 23 56;
set Last[68] := 26 59;
set Last[69] := 31 64;
set Last[70] := 1 34;
set Last[71] := 2 35;
set Last[72] := 3 36;
set Last[73] := 5 38;
set Last[74] := 7 40;
set Last[75] := 9 42;
set Last[76] := 11 44;
set Last[77] := 12 45;
set Last[78] := 13 46;
set Last[79] := 14 47;
set Last[80] := 15 48;
set Last[81] := 16 49;
set Last[82] := 18 51;
set Last[83] := 19 52;
set Last[84] := 20 53;
set Last[85] := 21 54;
set Last[86] := 22 55;
set Last[87] := 23 56;
set Last[88] := 25 58;
set Last[89] := 26 59;
set Last[90] := 29 62;
set Last[91] := 31 64;
set Last[92] := 33 66;
set Last[93] := 2 35;
set Last[94] := 3 36;
set Last[95] := 6 39;
set Last[96] := 12 45;
set Last[97] := 14 47;
set Last[98] := 15 48;
set Last[99] := 16 49;
set Last[100] := 20 53;
set Last[101] := 23 56;
set Last[102] := 1 34;
set Last[103] := 2 35;
set Last[104] := 3 36;
set Last[105] := 6 39;
set Last[106] := 12 45;
set Last[107] := 13 46;
set Last[108] := 14 47;
set Last[109] := 15 48;
set Last[110] := 16 49;
set Last[111] := 19 52;
set Last[112] := 20 53;
set Last[113] := 21 54;
set Last[114] := 23 56;
set Last[115] := 25 58;
set Last[116] := 26 59;
set Last[117] := 29 62;
set Last[118] := 31 64;
set Last[119] := 3 36;
set Last[120] := 6 39;
set Last[121] := 12 45;
set Last[122] := 14 47;
set Last[123] := 15 48;
set Last[124] := 16 49;
set Last[125] := 20 53;
set Last[126] := 23 56;
set Last[127] := 2 35;
set Last[128] := 3 36;
set Last[129] := 6 39;
set Last[130] := 12 45;
set Last[131] := 14 47;
set Last[132] := 15 48;
set Last[133] := 16 49;
set Last[134] := 20 53;
set Last[135] := 23 56;
set Last[136] := 26 59;
set Last[137] := 31 64;
set Last[138] := 2 35;
set Last[139] := 3 36;
set Last[140] := 6 39;
set Last[141] := 12 45;
set Last[142] := 14 47;
set Last[143] := 15 48;
set Last[144] := 16 49;
set Last[145] := 20 53;
set Last[146] := 23 56;
set Last[147] := 1 34;
set Last[148] := 2 35;
set Last[149] := 3 36;
set Last[150] := 5 38;
set Last[151] := 6 39;
set Last[152] := 9 42;
set Last[153] := 13 46;
set Last[154] := 14 47;
set Last[155] := 15 48;
set Last[156] := 16 49;
set Last[157] := 19 52;
set Last[158] := 20 53;
set Last[159] := 21 54;
set Last[160] := 23 56;
set Last[161] := 25 58;
set Last[162] := 26 59;
set Last[163] := 29 62;
set Last[164] := 31 64;
set Last[165] := 33 66;
set Last[166] := 2 35;
set Last[167] := 3 36;
set Last[168] := 6 39;
set Last[169] := 12 45;
set Last[170] := 14 47;
set Last[171] := 15 48;
set Last[172] := 16 49;
set Last[173] := 20 53;
set Last[174] := 21 54;
set Last[175] := 23 56;
set Last[176] := 26 59;
set Last[177] := 31 64;
set Last[178] := 1 34;
set Last[179] := 2 35;
set Last[180] := 3 36;
set Last[181] := 5 38;
set Last[182] := 6 39;
set Last[183] := 9 42;
set Last[184] := 12 45;
set Last[185] := 13 46;
set Last[186] := 15 48;
set Last[187] := 16 49;
set Last[188] := 19 52;
set Last[189] := 20 53;
set Last[190] := 21 54;
set Last[191] := 22 55;
set Last[192] := 23 56;
set Last[193] := 25 58;
set Last[194] := 26 59;
set Last[195] := 29 62;
set Last[196] := 31 64;
set Last[197] := 33 66;
set Last[198] := 1 34;
set Last[199] := 2 35;
set Last[200] := 3 36;
set Last[201] := 5 38;
set Last[202] := 6 39;
set Last[203] := 7 40;
set Last[204] := 9 42;
set Last[205] := 11 44;
set Last[206] := 12 45;
set Last[207] := 13 46;
set Last[208] := 14 47;
set Last[209] := 16 49;
set Last[210] := 18 51;
set Last[211] := 19 52;
set Last[212] := 20 53;
set Last[213] := 21 54;
set Last[214] := 22 55;
set Last[215] := 23 56;
set Last[216] := 25 58;
set Last[217] := 26 59;
set Last[218] := 29 62;
set Last[219] := 30 63;
set Last[220] := 31 64;
set Last[221] := 33 66;
set Last[222] := 1 34;
set Last[223] := 2 35;
set Last[224] := 3 36;
set Last[225] := 6 39;
set Last[226] := 12 45;
set Last[227] := 13 46;
set Last[228] := 14 47;
set Last[229] := 15 48;
set Last[230] := 16 49;
set Last[231] := 19 52;
set Last[232] := 20 53;
set Last[233] := 21 54;
set Last[234] := 23 56;
set Last[235] := 25 58;
set Last[236] := 26 59;
set Last[237] := 29 62;
set Last[238] := 31 64;
set Last[239] := 1 34;
set Last[240] := 2 35;
set Last[241] := 3 36;
set Last[242] := 6 39;
set Last[243] := 12 45;
set Last[244] := 13 46;
set Last[245] := 14 47;
set Last[246] := 15 48;
set Last[247] := 16 49;
set Last[248] := 20 53;
set Last[249] := 21 54;
set Last[250] := 23 56;
set Last[251] := 26 59;
set Last[252] := 31 64;
set Last[253] := 1 34;
set Last[254] := 2 35;
set Last[255] := 3 36;
set Last[256] := 5 38;
set Last[257] := 6 39;
set Last[258] := 7 40;
set Last[259] := 8 41;
set Last[260] := 9 42;
set Last[261] := 11 44;
set Last[262] := 12 45;
set Last[263] := 13 46;
set Last[264] := 14 47;
set Last[265] := 15 48;
set Last[266] := 16 49;
set Last[267] := 18 51;
set Last[268] := 19 52;
set Last[269] := 21 54;
set Last[270] := 22 55;
set Last[271] := 23 56;
set Last[272] := 25 58;
set Last[273] := 26 59;
set Last[274] := 29 62;
set Last[275] := 30 63;
set Last[276] := 31 64;
set Last[277] := 33 66;
set Last[278] := 1 34;
set Last[279] := 2 35;
set Last[280] := 3 36;
set Last[281] := 5 38;
set Last[282] := 6 39;
set Last[283] := 12 45;
set Last[284] := 13 46;
set Last[285] := 14 47;
set Last[286] := 15 48;
set Last[287] := 16 49;
set Last[288] := 19 52;
set Last[289] := 20 53;
set Last[290] := 23 56;
set Last[291] := 25 58;
set Last[292] := 26 59;
set Last[293] := 29 62;
set Last[294] := 31 64;
set Last[295] := 33 66;
set Last[296] := 2 35;
set Last[297] := 3 36;
set Last[298] := 6 39;
set Last[299] := 12 45;
set Last[300] := 14 47;
set Last[301] := 15 48;
set Last[302] := 16 49;
set Last[303] := 20 53;
set Last[304] := 23 56;
set Last[305] := 26 59;
set Last[306] := 31 64;
set Last[307] := 2 35;
set Last[308] := 3 36;
set Last[309] := 6 39;
set Last[310] := 12 45;
set Last[311] := 14 47;
set Last[312] := 15 48;
set Last[313] := 16 49;
set Last[314] := 20 53;
set Last[315] := 2 35;
set Last[316] := 3 36;
set Last[317] := 6 39;
set Last[318] := 12 45;
set Last[319] := 14 47;
set Last[320] := 15 48;
set Last[321] := 16 49;
set Last[322] := 20 53;
set Last[323] := 23 56;
set Last[324] := 2 35;
set Last[325] := 3 36;
set Last[326] := 6 39;
set Last[327] := 12 45;
set Last[328] := 14 47;
set Last[329] := 15 48;
set Last[330] := 16 49;
set Last[331] := 20 53;
set Last[332] := 23 56;
set Last[333] := 1 34;
set Last[334] := 2 35;
set Last[335] := 3 36;
set Last[336] := 6 39;
set Last[337] := 12 45;
set Last[338] := 13 46;
set Last[339] := 14 47;
set Last[340] := 15 48;
set Last[341] := 16 49;
set Last[342] := 19 52;
set Last[343] := 20 53;
set Last[344] := 21 54;
set Last[345] := 23 56;
set Last[346] := 31 64;
set Last[347] := 2 35;
set Last[348] := 3 36;
set Last[349] := 6 39;
set Last[350] := 12 45;
set Last[351] := 14 47;
set Last[352] := 15 48;
set Last[353] := 16 49;
set Last[354] := 20 53;
set Last[355] := 23 56;
set Last[356] := 2 35;
set Last[357] := 3 36;
set Last[358] := 6 39;
set Last[359] := 12 45;
set Last[360] := 14 47;
set Last[361] := 15 48;
set Last[362] := 16 49;
set Last[363] := 20 53;
set Last[364] := 23 56;
set Last[365] := 2 35;
set Last[366] := 3 36;
set Last[367] := 6 39;
set Last[368] := 12 45;
set Last[369] := 13 46;
set Last[370] := 14 47;
set Last[371] := 15 48;
set Last[372] := 16 49;
set Last[373] := 20 53;
set Last[374] := 21 54;
set Last[375] := 23 56;
set Last[376] := 26 59;
set Last[377] := 31 64;
set Last[378] := 6 39;
set Last[379] := 12 45;
set Last[380] := 14 47;
set Last[381] := 15 48;
set Last[382] := 16 49;
set Last[383] := 20 53;
set Last[384] := 23 56;
set Last[385] := 1 34;
set Last[386] := 2 35;
set Last[387] := 3 36;
set Last[388] := 6 39;
set Last[389] := 12 45;
set Last[390] := 13 46;
set Last[391] := 14 47;
set Last[392] := 15 48;
set Last[393] := 16 49;
set Last[394] := 20 53;
set Last[395] := 21 54;
set Last[396] := 23 56;
set Last[397] := 26 59;
set Last[398] := 2 35;
set Last[399] := 3 36;
set Last[400] := 6 39;
set Last[401] := 12 45;
set Last[402] := 14 47;
set Last[403] := 15 48;
set Last[404] := 16 49;
set Last[405] := 20 53;
set Last[406] := 23 56;
set Last[407] := 1 34;
set Last[408] := 2 35;
set Last[409] := 3 36;
set Last[410] := 6 39;
set Last[411] := 12 45;
set Last[412] := 13 46;
set Last[413] := 14 47;
set Last[414] := 15 48;
set Last[415] := 16 49;
set Last[416] := 19 52;
set Last[417] := 20 53;
set Last[418] := 21 54;
set Last[419] := 23 56;
set Last[420] := 25 58;
set Last[421] := 26 59;
set Last[422] := 29 62;
set Last[423] := 31 64;

param q := 5;

end;
