data;

set V := 1 2 3 4 5 6 7 8 9 10 11 12 13 14 15 16 17 18 19 21 22 23 24 25 26 27 28 29 30 32 33 34 35 36 37 39 40 42 44 46 50 52 53 54 55 56 58;

set A := 1 2
         1 4
         1 30
         2 1
         2 7
         3 24
         3 27
         3 32
         4 1
         4 24
         4 33
         5 6
         5 22
         5 34
         6 5
         6 9
         6 10
         6 35
         7 2
         7 8
         7 36
         8 7
         8 10
         8 37
         9 6
         9 15
         10 6
         10 8
         10 14
         10 39
         11 40
         12 15
         12 18
         13 12
         13 14
         13 19
         13 42
         14 10
         14 13
         15 9
         15 12
         15 44
         16 11
         17 16
         17 18
         17 19
         17 46
         18 12
         18 17
         19 13
         19 17
         21 27
         21 29
         21 50
         22 5
         22 23
         23 22
         23 24
         23 52
         24 3
         24 4
         24 23
         24 25
         24 53
         25 24
         25 26
         25 54
         26 25
         26 27
         26 28
         26 55
         27 3
         27 21
         27 26
         27 56
         28 26
         28 29
         29 21
         29 28
         29 58
         ;

set S := 1 2 3 4 5 6 7 8 9 10 11 12 13 14 15 16 17 18 19 20 21 22 23 24 25 26 27 28 29 30 31 32 33 34 35 36 37 38 39 40 41 42 43 44 45 46 47 48 49 50 51 52 53 54 55 56 57 58 59 60 61 62 63 64 65 66 67 68 69 70 71 72 73 74 75 76 77 78 79 80 81 82 83 84 85 86 87 88 89 90 91 92 93 94 95 96 97 98 99 100 101 102 103 104 105 106 107 108 109 110 111 112 113 114 115 116 117 118 119 120 121 122 123 124 125 126 127 128 129 130 131 132 133 134 135 136 137 138 139 140 141 142 143 144 145 146 147 148 149 150 151 152 153 154 155 156 157 158 159 160 161 162 163;

set F[1] := 1 2
            2 7
            7 8
            8 10
            10 14
            14 13
            13 19
            19 17
            17 46
            ;
set F[2] := 1 4
            4 24
            24 53
            ;
set F[3] := 2 1
            1 30
            ;
set F[4] := 2 1
            1 4
            4 24
            24 3
            3 32
            ;
set F[5] := 2 7
            7 8
            8 10
            10 6
            6 5
            5 34
            ;
set F[6] := 2 7
            7 8
            8 10
            10 14
            14 13
            13 19
            19 17
            17 46
            ;
set F[7] := 2 1
            1 4
            4 24
            24 23
            23 52
            ;
set F[8] := 2 1
            1 4
            4 24
            24 53
            ;
set F[9] := 2 1
            1 4
            4 24
            24 25
            25 54
            ;
set F[10] := 2 1
             1 4
             4 24
             24 25
             25 26
             26 55
             ;
set F[11] := 3 24
             24 23
             23 22
             22 5
             5 6
             6 9
             9 15
             15 12
             12 18
             18 17
             17 46
             ;
set F[12] := 3 24
             24 53
             ;
set F[13] := 4 24
             24 53
             ;
set F[14] := 5 6
             6 9
             9 15
             15 12
             12 18
             18 17
             17 46
             ;
set F[15] := 5 22
             22 23
             23 24
             24 53
             ;
set F[16] := 5 22
             22 23
             23 24
             24 25
             25 26
             26 55
             ;
set F[17] := 8 7
             7 2
             2 1
             1 30
             ;
set F[18] := 8 7
             7 2
             2 1
             1 4
             4 24
             24 3
             3 32
             ;
set F[19] := 8 7
             7 2
             2 1
             1 4
             4 33
             ;
set F[20] := 8 10
             10 6
             6 5
             5 34
             ;
set F[21] := 8 10
             10 6
             6 35
             ;
set F[22] := 8 7
             7 36
             ;
set F[23] := 8 10
             10 39
             ;
set F[24] := 8 10
             10 6
             6 9
             9 15
             15 44
             ;
set F[25] := 8 10
             10 14
             14 13
             13 19
             19 17
             17 46
             ;
set F[26] := 8 7
             7 2
             2 1
             1 4
             4 24
             24 3
             3 27
             27 21
             21 50
             ;
set F[27] := 8 10
             10 6
             6 5
             5 22
             22 23
             23 52
             ;
set F[28] := 8 7
             7 2
             2 1
             1 4
             4 24
             24 53
             ;
set F[29] := 8 7
             7 2
             2 1
             1 4
             4 24
             24 25
             25 54
             ;
set F[30] := 8 7
             7 2
             2 1
             1 4
             4 24
             24 25
             25 26
             26 55
             ;
set F[31] := 8 7
             7 2
             2 1
             1 4
             4 24
             24 3
             3 27
             27 56
             ;
set F[32] := 8 7
             7 2
             2 1
             1 4
             4 24
             24 3
             3 27
             27 21
             21 29
             29 58
             ;
set F[33] := 9 6
             6 10
             10 8
             8 7
             7 2
             2 1
             1 30
             ;
set F[34] := 9 6
             6 5
             5 22
             22 23
             23 24
             24 3
             3 32
             ;
set F[35] := 9 6
             6 5
             5 22
             22 23
             23 24
             24 4
             4 33
             ;
set F[36] := 9 6
             6 5
             5 34
             ;
set F[37] := 9 6
             6 35
             ;
set F[38] := 9 6
             6 10
             10 8
             8 7
             7 36
             ;
set F[39] := 9 6
             6 10
             10 8
             8 37
             ;
set F[40] := 9 6
             6 10
             10 39
             ;
set F[41] := 9 15
             15 44
             ;
set F[42] := 9 15
             15 12
             12 18
             18 17
             17 46
             ;
set F[43] := 9 6
             6 5
             5 22
             22 23
             23 24
             24 3
             3 27
             27 21
             21 50
             ;
set F[44] := 9 6
             6 5
             5 22
             22 23
             23 52
             ;
set F[45] := 9 6
             6 5
             5 22
             22 23
             23 24
             24 53
             ;
set F[46] := 9 6
             6 5
             5 22
             22 23
             23 24
             24 25
             25 54
             ;
set F[47] := 9 6
             6 5
             5 22
             22 23
             23 24
             24 25
             25 26
             26 55
             ;
set F[48] := 9 6
             6 5
             5 22
             22 23
             23 24
             24 3
             3 27
             27 56
             ;
set F[49] := 9 6
             6 5
             5 22
             22 23
             23 24
             24 3
             3 27
             27 21
             21 29
             29 58
             ;
set F[50] := 10 14
             14 13
             13 19
             19 17
             17 46
             ;
set F[51] := 10 6
             6 5
             5 22
             22 23
             23 24
             24 53
             ;
set F[52] := 10 6
             6 5
             5 22
             22 23
             23 24
             24 25
             25 26
             26 55
             ;
set F[53] := 12 18
             18 17
             17 46
             ;
set F[54] := 12 15
             15 9
             9 6
             6 5
             5 22
             22 23
             23 24
             24 53
             ;
set F[55] := 13 19
             19 17
             17 46
             ;
set F[56] := 13 14
             14 10
             10 6
             6 5
             5 22
             22 23
             23 24
             24 53
             ;
set F[57] := 14 13
             13 19
             19 17
             17 46
             ;
set F[58] := 14 10
             10 6
             6 5
             5 22
             22 23
             23 24
             24 53
             ;
set F[59] := 15 9
             9 6
             6 10
             10 8
             8 7
             7 2
             2 1
             1 30
             ;
set F[60] := 15 9
             9 6
             6 5
             5 22
             22 23
             23 24
             24 3
             3 32
             ;
set F[61] := 15 9
             9 6
             6 5
             5 34
             ;
set F[62] := 15 9
             9 6
             6 35
             ;
set F[63] := 15 9
             9 6
             6 10
             10 8
             8 37
             ;
set F[64] := 15 9
             9 6
             6 10
             10 39
             ;
set F[65] := 15 12
             12 18
             18 17
             17 46
             ;
set F[66] := 15 9
             9 6
             6 5
             5 22
             22 23
             23 24
             24 3
             3 27
             27 21
             21 50
             ;
set F[67] := 15 9
             9 6
             6 5
             5 22
             22 23
             23 52
             ;
set F[68] := 15 9
             9 6
             6 5
             5 22
             22 23
             23 24
             24 53
             ;
set F[69] := 15 9
             9 6
             6 5
             5 22
             22 23
             23 24
             24 25
             25 54
             ;
set F[70] := 15 9
             9 6
             6 5
             5 22
             22 23
             23 24
             24 25
             25 26
             26 55
             ;
set F[71] := 15 9
             9 6
             6 5
             5 22
             22 23
             23 24
             24 3
             3 27
             27 56
             ;
set F[72] := 15 9
             9 6
             6 5
             5 22
             22 23
             23 24
             24 3
             3 27
             27 21
             21 29
             29 58
             ;
set F[73] := 17 19
             19 13
             13 14
             14 10
             10 8
             8 7
             7 2
             2 1
             1 30
             ;
set F[74] := 17 18
             18 12
             12 15
             15 9
             9 6
             6 5
             5 22
             22 23
             23 24
             24 3
             3 32
             ;
set F[75] := 17 18
             18 12
             12 15
             15 9
             9 6
             6 5
             5 34
             ;
set F[76] := 17 19
             19 13
             13 14
             14 10
             10 8
             8 37
             ;
set F[77] := 17 19
             19 13
             13 14
             14 10
             10 39
             ;
set F[78] := 17 18
             18 12
             12 15
             15 44
             ;
set F[79] := 17 18
             18 12
             12 15
             15 9
             9 6
             6 5
             5 22
             22 23
             23 52
             ;
set F[80] := 17 18
             18 12
             12 15
             15 9
             9 6
             6 5
             5 22
             22 23
             23 24
             24 53
             ;
set F[81] := 17 18
             18 12
             12 15
             15 9
             9 6
             6 5
             5 22
             22 23
             23 24
             24 25
             25 54
             ;
set F[82] := 17 18
             18 12
             12 15
             15 9
             9 6
             6 5
             5 22
             22 23
             23 24
             24 25
             25 26
             26 55
             ;
set F[83] := 17 18
             18 12
             12 15
             15 9
             9 6
             6 5
             5 22
             22 23
             23 24
             24 3
             3 27
             27 56
             ;
set F[84] := 17 18
             18 12
             12 15
             15 9
             9 6
             6 5
             5 22
             22 23
             23 24
             24 3
             3 27
             27 21
             21 29
             29 58
             ;
set F[85] := 19 13
             13 14
             14 10
             10 8
             8 7
             7 2
             2 1
             1 30
             ;
set F[86] := 19 13
             13 14
             14 10
             10 6
             6 5
             5 22
             22 23
             23 24
             24 3
             3 32
             ;
set F[87] := 19 13
             13 14
             14 10
             10 8
             8 7
             7 2
             2 1
             1 4
             4 33
             ;
set F[88] := 19 13
             13 14
             14 10
             10 6
             6 5
             5 34
             ;
set F[89] := 19 13
             13 14
             14 10
             10 6
             6 35
             ;
set F[90] := 19 13
             13 14
             14 10
             10 8
             8 7
             7 36
             ;
set F[91] := 19 13
             13 14
             14 10
             10 8
             8 37
             ;
set F[92] := 19 13
             13 14
             14 10
             10 39
             ;
set F[93] := 19 17
             17 16
             16 11
             11 40
             ;
set F[94] := 19 13
             13 42
             ;
set F[95] := 19 13
             13 12
             12 15
             15 44
             ;
set F[96] := 19 17
             17 46
             ;
set F[97] := 19 13
             13 14
             14 10
             10 6
             6 5
             5 22
             22 23
             23 24
             24 3
             3 27
             27 21
             21 50
             ;
set F[98] := 19 13
             13 14
             14 10
             10 6
             6 5
             5 22
             22 23
             23 52
             ;
set F[99] := 19 13
             13 14
             14 10
             10 6
             6 5
             5 22
             22 23
             23 24
             24 53
             ;
set F[100] := 19 13
              13 14
              14 10
              10 6
              6 5
              5 22
              22 23
              23 24
              24 25
              25 54
              ;
set F[101] := 19 13
              13 14
              14 10
              10 6
              6 5
              5 22
              22 23
              23 24
              24 25
              25 26
              26 55
              ;
set F[102] := 19 13
              13 14
              14 10
              10 6
              6 5
              5 22
              22 23
              23 24
              24 3
              3 27
              27 56
              ;
set F[103] := 19 13
              13 14
              14 10
              10 6
              6 5
              5 22
              22 23
              23 24
              24 3
              3 27
              27 21
              21 29
              29 58
              ;
set F[104] := 21 27
              27 3
              3 24
              24 4
              4 1
              1 30
              ;
set F[105] := 21 27
              27 3
              3 24
              24 23
              23 22
              22 5
              5 34
              ;
set F[106] := 21 27
              27 3
              3 24
              24 23
              23 22
              22 5
              5 6
              6 9
              9 15
              15 12
              12 18
              18 17
              17 46
              ;
set F[107] := 21 27
              27 3
              3 24
              24 23
              23 52
              ;
set F[108] := 21 27
              27 3
              3 24
              24 53
              ;
set F[109] := 21 27
              27 26
              26 25
              25 54
              ;
set F[110] := 21 27
              27 26
              26 55
              ;
set F[111] := 22 5
              5 6
              6 9
              9 15
              15 12
              12 18
              18 17
              17 46
              ;
set F[112] := 22 23
              23 24
              24 53
              ;
set F[113] := 23 24
              24 4
              4 1
              1 30
              ;
set F[114] := 23 24
              24 3
              3 32
              ;
set F[115] := 23 22
              22 5
              5 34
              ;
set F[116] := 23 22
              22 5
              5 6
              6 9
              9 15
              15 12
              12 18
              18 17
              17 46
              ;
set F[117] := 23 24
              24 53
              ;
set F[118] := 23 24
              24 25
              25 54
              ;
set F[119] := 23 24
              24 25
              25 26
              26 55
              ;
set F[120] := 25 24
              24 4
              4 1
              1 30
              ;
set F[121] := 25 24
              24 3
              3 32
              ;
set F[122] := 25 24
              24 4
              4 33
              ;
set F[123] := 25 24
              24 23
              23 22
              22 5
              5 34
              ;
set F[124] := 25 24
              24 23
              23 22
              22 5
              5 6
              6 35
              ;
set F[125] := 25 24
              24 4
              4 1
              1 2
              2 7
              7 36
              ;
set F[126] := 25 24
              24 4
              4 1
              1 2
              2 7
              7 8
              8 37
              ;
set F[127] := 25 24
              24 23
              23 22
              22 5
              5 6
              6 10
              10 39
              ;
set F[128] := 25 24
              24 23
              23 22
              22 5
              5 6
              6 9
              9 15
              15 12
              12 18
              18 17
              17 16
              16 11
              11 40
              ;
set F[129] := 25 24
              24 23
              23 22
              22 5
              5 6
              6 10
              10 14
              14 13
              13 42
              ;
set F[130] := 25 24
              24 23
              23 22
              22 5
              5 6
              6 9
              9 15
              15 44
              ;
set F[131] := 25 24
              24 23
              23 22
              22 5
              5 6
              6 9
              9 15
              15 12
              12 18
              18 17
              17 46
              ;
set F[132] := 25 26
              26 27
              27 21
              21 50
              ;
set F[133] := 25 24
              24 23
              23 52
              ;
set F[134] := 25 24
              24 53
              ;
set F[135] := 25 26
              26 55
              ;
set F[136] := 25 26
              26 27
              27 56
              ;
set F[137] := 25 26
              26 28
              28 29
              29 58
              ;
set F[138] := 27 3
              3 24
              24 4
              4 1
              1 30
              ;
set F[139] := 27 3
              3 32
              ;
set F[140] := 27 3
              3 24
              24 23
              23 22
              22 5
              5 34
              ;
set F[141] := 27 3
              3 24
              24 4
              4 1
              1 2
              2 7
              7 8
              8 37
              ;
set F[142] := 27 3
              3 24
              24 23
              23 22
              22 5
              5 6
              6 10
              10 39
              ;
set F[143] := 27 3
              3 24
              24 23
              23 22
              22 5
              5 6
              6 9
              9 15
              15 12
              12 18
              18 17
              17 46
              ;
set F[144] := 27 3
              3 24
              24 23
              23 52
              ;
set F[145] := 27 3
              3 24
              24 53
              ;
set F[146] := 27 26
              26 25
              25 54
              ;
set F[147] := 27 26
              26 55
              ;
set F[148] := 29 21
              21 27
              27 3
              3 24
              24 4
              4 1
              1 30
              ;
set F[149] := 29 21
              21 27
              27 3
              3 32
              ;
set F[150] := 29 21
              21 27
              27 3
              3 24
              24 4
              4 33
              ;
set F[151] := 29 21
              21 27
              27 3
              3 24
              24 23
              23 22
              22 5
              5 34
              ;
set F[152] := 29 21
              21 27
              27 3
              3 24
              24 23
              23 22
              22 5
              5 6
              6 35
              ;
set F[153] := 29 21
              21 27
              27 3
              3 24
              24 4
              4 1
              1 2
              2 7
              7 36
              ;
set F[154] := 29 21
              21 27
              27 3
              3 24
              24 4
              4 1
              1 2
              2 7
              7 8
              8 37
              ;
set F[155] := 29 21
              21 27
              27 3
              3 24
              24 23
              23 22
              22 5
              5 6
              6 10
              10 39
              ;
set F[156] := 29 21
              21 27
              27 3
              3 24
              24 23
              23 22
              22 5
              5 6
              6 9
              9 15
              15 44
              ;
set F[157] := 29 21
              21 27
              27 3
              3 24
              24 23
              23 22
              22 5
              5 6
              6 9
              9 15
              15 12
              12 18
              18 17
              17 46
              ;
set F[158] := 29 21
              21 50
              ;
set F[159] := 29 21
              21 27
              27 3
              3 24
              24 23
              23 52
              ;
set F[160] := 29 21
              21 27
              27 3
              3 24
              24 53
              ;
set F[161] := 29 28
              28 26
              26 25
              25 54
              ;
set F[162] := 29 28
              28 26
              26 55
              ;
set F[163] := 29 21
              21 27
              27 56
              ;
set Last[1] := 17 46;
set Last[2] := 24 53;
set Last[3] := 1 30;
set Last[4] := 3 32;
set Last[5] := 5 34;
set Last[6] := 17 46;
set Last[7] := 23 52;
set Last[8] := 24 53;
set Last[9] := 25 54;
set Last[10] := 26 55;
set Last[11] := 17 46;
set Last[12] := 24 53;
set Last[13] := 24 53;
set Last[14] := 17 46;
set Last[15] := 24 53;
set Last[16] := 26 55;
set Last[17] := 1 30;
set Last[18] := 3 32;
set Last[19] := 4 33;
set Last[20] := 5 34;
set Last[21] := 6 35;
set Last[22] := 7 36;
set Last[23] := 10 39;
set Last[24] := 15 44;
set Last[25] := 17 46;
set Last[26] := 21 50;
set Last[27] := 23 52;
set Last[28] := 24 53;
set Last[29] := 25 54;
set Last[30] := 26 55;
set Last[31] := 27 56;
set Last[32] := 29 58;
set Last[33] := 1 30;
set Last[34] := 3 32;
set Last[35] := 4 33;
set Last[36] := 5 34;
set Last[37] := 6 35;
set Last[38] := 7 36;
set Last[39] := 8 37;
set Last[40] := 10 39;
set Last[41] := 15 44;
set Last[42] := 17 46;
set Last[43] := 21 50;
set Last[44] := 23 52;
set Last[45] := 24 53;
set Last[46] := 25 54;
set Last[47] := 26 55;
set Last[48] := 27 56;
set Last[49] := 29 58;
set Last[50] := 17 46;
set Last[51] := 24 53;
set Last[52] := 26 55;
set Last[53] := 17 46;
set Last[54] := 24 53;
set Last[55] := 17 46;
set Last[56] := 24 53;
set Last[57] := 17 46;
set Last[58] := 24 53;
set Last[59] := 1 30;
set Last[60] := 3 32;
set Last[61] := 5 34;
set Last[62] := 6 35;
set Last[63] := 8 37;
set Last[64] := 10 39;
set Last[65] := 17 46;
set Last[66] := 21 50;
set Last[67] := 23 52;
set Last[68] := 24 53;
set Last[69] := 25 54;
set Last[70] := 26 55;
set Last[71] := 27 56;
set Last[72] := 29 58;
set Last[73] := 1 30;
set Last[74] := 3 32;
set Last[75] := 5 34;
set Last[76] := 8 37;
set Last[77] := 10 39;
set Last[78] := 15 44;
set Last[79] := 23 52;
set Last[80] := 24 53;
set Last[81] := 25 54;
set Last[82] := 26 55;
set Last[83] := 27 56;
set Last[84] := 29 58;
set Last[85] := 1 30;
set Last[86] := 3 32;
set Last[87] := 4 33;
set Last[88] := 5 34;
set Last[89] := 6 35;
set Last[90] := 7 36;
set Last[91] := 8 37;
set Last[92] := 10 39;
set Last[93] := 11 40;
set Last[94] := 13 42;
set Last[95] := 15 44;
set Last[96] := 17 46;
set Last[97] := 21 50;
set Last[98] := 23 52;
set Last[99] := 24 53;
set Last[100] := 25 54;
set Last[101] := 26 55;
set Last[102] := 27 56;
set Last[103] := 29 58;
set Last[104] := 1 30;
set Last[105] := 5 34;
set Last[106] := 17 46;
set Last[107] := 23 52;
set Last[108] := 24 53;
set Last[109] := 25 54;
set Last[110] := 26 55;
set Last[111] := 17 46;
set Last[112] := 24 53;
set Last[113] := 1 30;
set Last[114] := 3 32;
set Last[115] := 5 34;
set Last[116] := 17 46;
set Last[117] := 24 53;
set Last[118] := 25 54;
set Last[119] := 26 55;
set Last[120] := 1 30;
set Last[121] := 3 32;
set Last[122] := 4 33;
set Last[123] := 5 34;
set Last[124] := 6 35;
set Last[125] := 7 36;
set Last[126] := 8 37;
set Last[127] := 10 39;
set Last[128] := 11 40;
set Last[129] := 13 42;
set Last[130] := 15 44;
set Last[131] := 17 46;
set Last[132] := 21 50;
set Last[133] := 23 52;
set Last[134] := 24 53;
set Last[135] := 26 55;
set Last[136] := 27 56;
set Last[137] := 29 58;
set Last[138] := 1 30;
set Last[139] := 3 32;
set Last[140] := 5 34;
set Last[141] := 8 37;
set Last[142] := 10 39;
set Last[143] := 17 46;
set Last[144] := 23 52;
set Last[145] := 24 53;
set Last[146] := 25 54;
set Last[147] := 26 55;
set Last[148] := 1 30;
set Last[149] := 3 32;
set Last[150] := 4 33;
set Last[151] := 5 34;
set Last[152] := 6 35;
set Last[153] := 7 36;
set Last[154] := 8 37;
set Last[155] := 10 39;
set Last[156] := 15 44;
set Last[157] := 17 46;
set Last[158] := 21 50;
set Last[159] := 23 52;
set Last[160] := 24 53;
set Last[161] := 25 54;
set Last[162] := 26 55;
set Last[163] := 27 56;

param q := 5;

end;
