data;

set V := 1 2 3 4 5 6 7 8 9 10 12 13 14 15 16 17 18 19 20 21 22 23 24 25 26 27 28 29 30 31 32 33 34 35 36 37 38 39 41 42 43 44 45 46 47 48 49 50 51 52 53 55 56 58;

set A := 1 2
         1 4
         1 30
         2 1
         2 7
         2 31
         3 24
         3 27
         3 32
         4 1
         4 24
         4 33
         5 6
         5 22
         5 34
         6 5
         6 9
         6 10
         6 35
         7 2
         7 8
         7 36
         8 7
         8 10
         8 37
         9 6
         9 15
         9 38
         10 6
         10 8
         10 14
         10 39
         12 13
         12 15
         12 18
         12 41
         13 12
         13 14
         13 19
         13 42
         14 10
         14 13
         14 43
         15 9
         15 12
         15 44
         16 17
         16 45
         17 16
         17 18
         17 19
         17 46
         18 12
         18 17
         18 47
         19 13
         19 17
         19 48
         20 29
         20 49
         21 27
         21 29
         21 50
         22 5
         22 23
         22 51
         23 22
         23 24
         23 52
         24 3
         24 4
         24 23
         24 25
         24 53
         25 24
         25 26
         26 25
         26 27
         26 28
         26 55
         27 3
         27 21
         27 26
         27 56
         28 26
         28 29
         29 20
         29 21
         29 28
         29 58
         ;

set S := 1 2 3 4 5 6 7 8 9 10 11 12 13 14 15 16 17 18 19 20 21 22 23 24 25 26 27 28 29 30 31 32 33 34 35 36 37 38 39 40 41 42 43 44 45 46 47 48 49 50 51 52 53 54 55 56 57 58 59 60 61 62 63 64 65 66 67 68 69 70 71 72 73 74 75 76 77 78 79 80 81 82 83 84 85 86 87 88 89 90 91 92 93 94 95 96 97 98 99 100 101 102 103 104 105 106 107 108 109 110 111 112 113 114 115 116 117 118 119 120 121 122 123 124 125 126 127 128 129 130 131 132 133 134 135 136 137 138 139 140 141 142 143 144 145 146 147 148 149 150 151 152 153 154 155 156 157 158 159 160 161 162 163 164 165 166 167 168 169 170 171 172 173 174 175 176 177 178 179 180 181 182 183 184 185 186 187 188 189 190 191 192 193 194 195 196 197 198 199 200 201 202 203 204 205 206 207 208 209 210 211 212 213 214 215 216 217 218 219 220 221 222 223 224 225 226 227 228 229 230 231 232 233 234 235 236 237 238 239 240 241 242 243 244 245 246 247 248 249 250 251 252 253 254 255 256 257 258 259 260 261 262 263 264 265 266 267 268 269 270 271 272 273 274 275 276 277 278 279 280 281 282 283 284 285 286 287 288 289 290 291 292 293 294 295 296 297 298 299 300 301 302 303 304 305 306 307 308 309 310 311 312 313 314 315 316 317 318 319 320 321 322 323 324 325 326 327 328 329 330 331 332 333 334 335 336 337 338 339 340 341 342 343 344 345 346 347 348 349 350 351 352 353 354 355 356 357 358 359 360 361 362 363 364 365 366 367 368 369 370 371 372 373 374 375 376 377 378 379 380 381 382 383 384 385 386 387 388 389 390 391 392 393 394 395 396 397 398 399 400 401 402 403 404 405 406 407 408 409 410 411 412 413 414 415 416 417 418 419 420 421 422 423 424 425 426 427 428 429 430 431 432 433 434 435 436 437 438 439 440 441 442 443 444 445 446 447 448 449 450 451 452 453 454 455 456 457 458 459 460 461 462 463 464 465 466 467 468 469 470 471 472 473 474 475 476 477 478 479 480 481 482 483 484 485 486 487;

set F[1] := 1 2
            2 31
            ;
set F[2] := 1 4
            4 24
            24 3
            3 32
            ;
set F[3] := 1 4
            4 24
            24 23
            23 22
            22 5
            5 34
            ;
set F[4] := 1 2
            2 7
            7 8
            8 10
            10 6
            6 35
            ;
set F[5] := 1 2
            2 7
            7 8
            8 37
            ;
set F[6] := 1 2
            2 7
            7 8
            8 10
            10 6
            6 9
            9 38
            ;
set F[7] := 1 2
            2 7
            7 8
            8 10
            10 39
            ;
set F[8] := 1 2
            2 7
            7 8
            8 10
            10 14
            14 13
            13 12
            12 41
            ;
set F[9] := 1 2
            2 7
            7 8
            8 10
            10 14
            14 13
            13 42
            ;
set F[10] := 1 2
             2 7
             7 8
             8 10
             10 14
             14 43
             ;
set F[11] := 1 2
             2 7
             7 8
             8 10
             10 6
             6 9
             9 15
             15 44
             ;
set F[12] := 1 2
             2 7
             7 8
             8 10
             10 14
             14 13
             13 19
             19 17
             17 46
             ;
set F[13] := 1 2
             2 7
             7 8
             8 10
             10 14
             14 13
             13 12
             12 18
             18 47
             ;
set F[14] := 1 4
             4 24
             24 23
             23 22
             22 51
             ;
set F[15] := 1 4
             4 24
             24 23
             23 52
             ;
set F[16] := 1 4
             4 24
             24 53
             ;
set F[17] := 1 4
             4 24
             24 25
             25 26
             26 55
             ;
set F[18] := 1 4
             4 24
             24 3
             3 27
             27 56
             ;
set F[19] := 1 4
             4 24
             24 3
             3 27
             27 21
             21 29
             29 58
             ;
set F[20] := 2 1
             1 30
             ;
set F[21] := 2 7
             7 8
             8 10
             10 6
             6 5
             5 34
             ;
set F[22] := 2 7
             7 8
             8 37
             ;
set F[23] := 2 7
             7 8
             8 10
             10 39
             ;
set F[24] := 2 7
             7 8
             8 10
             10 14
             14 13
             13 42
             ;
set F[25] := 2 7
             7 8
             8 10
             10 14
             14 13
             13 19
             19 17
             17 46
             ;
set F[26] := 2 7
             7 8
             8 10
             10 14
             14 13
             13 12
             12 18
             18 47
             ;
set F[27] := 2 1
             1 4
             4 24
             24 53
             ;
set F[28] := 2 1
             1 4
             4 24
             24 25
             25 26
             26 55
             ;
set F[29] := 2 1
             1 4
             4 24
             24 3
             3 27
             27 56
             ;
set F[30] := 2 1
             1 4
             4 24
             24 3
             3 27
             27 21
             21 29
             29 58
             ;
set F[31] := 3 24
             24 4
             4 1
             1 30
             ;
set F[32] := 3 24
             24 23
             23 22
             22 5
             5 34
             ;
set F[33] := 3 24
             24 23
             23 22
             22 5
             5 6
             6 35
             ;
set F[34] := 3 24
             24 4
             4 1
             1 2
             2 7
             7 8
             8 37
             ;
set F[35] := 3 24
             24 23
             23 22
             22 5
             5 6
             6 9
             9 38
             ;
set F[36] := 3 24
             24 23
             23 22
             22 5
             5 6
             6 10
             10 39
             ;
set F[37] := 3 24
             24 23
             23 22
             22 5
             5 6
             6 10
             10 14
             14 13
             13 42
             ;
set F[38] := 3 24
             24 23
             23 22
             22 5
             5 6
             6 10
             10 14
             14 43
             ;
set F[39] := 3 24
             24 23
             23 22
             22 5
             5 6
             6 9
             9 15
             15 44
             ;
set F[40] := 3 24
             24 23
             23 22
             22 5
             5 6
             6 9
             9 15
             15 12
             12 18
             18 17
             17 46
             ;
set F[41] := 3 24
             24 23
             23 22
             22 5
             5 6
             6 9
             9 15
             15 12
             12 18
             18 47
             ;
set F[42] := 3 24
             24 23
             23 52
             ;
set F[43] := 3 24
             24 53
             ;
set F[44] := 3 27
             27 26
             26 55
             ;
set F[45] := 3 27
             27 56
             ;
set F[46] := 3 27
             27 21
             21 29
             29 58
             ;
set F[47] := 4 1
             1 30
             ;
set F[48] := 4 1
             1 2
             2 31
             ;
set F[49] := 4 24
             24 3
             3 32
             ;
set F[50] := 4 24
             24 23
             23 22
             22 5
             5 34
             ;
set F[51] := 4 24
             24 23
             23 22
             22 5
             5 6
             6 35
             ;
set F[52] := 4 1
             1 2
             2 7
             7 8
             8 37
             ;
set F[53] := 4 24
             24 23
             23 22
             22 5
             5 6
             6 9
             9 38
             ;
set F[54] := 4 1
             1 2
             2 7
             7 8
             8 10
             10 39
             ;
set F[55] := 4 1
             1 2
             2 7
             7 8
             8 10
             10 14
             14 13
             13 12
             12 41
             ;
set F[56] := 4 1
             1 2
             2 7
             7 8
             8 10
             10 14
             14 13
             13 42
             ;
set F[57] := 4 1
             1 2
             2 7
             7 8
             8 10
             10 14
             14 43
             ;
set F[58] := 4 24
             24 23
             23 22
             22 5
             5 6
             6 9
             9 15
             15 44
             ;
set F[59] := 4 1
             1 2
             2 7
             7 8
             8 10
             10 14
             14 13
             13 19
             19 17
             17 46
             ;
set F[60] := 4 1
             1 2
             2 7
             7 8
             8 10
             10 14
             14 13
             13 12
             12 18
             18 47
             ;
set F[61] := 4 1
             1 2
             2 7
             7 8
             8 10
             10 14
             14 13
             13 19
             19 48
             ;
set F[62] := 4 24
             24 3
             3 27
             27 21
             21 29
             29 20
             20 49
             ;
set F[63] := 4 24
             24 23
             23 22
             22 51
             ;
set F[64] := 4 24
             24 23
             23 52
             ;
set F[65] := 4 24
             24 53
             ;
set F[66] := 4 24
             24 25
             25 26
             26 55
             ;
set F[67] := 4 24
             24 3
             3 27
             27 56
             ;
set F[68] := 4 24
             24 3
             3 27
             27 21
             21 29
             29 58
             ;
set F[69] := 5 6
             6 10
             10 39
             ;
set F[70] := 5 6
             6 9
             9 15
             15 12
             12 18
             18 17
             17 46
             ;
set F[71] := 5 6
             6 9
             9 15
             15 12
             12 18
             18 47
             ;
set F[72] := 5 22
             22 23
             23 24
             24 53
             ;
set F[73] := 5 22
             22 23
             23 24
             24 25
             25 26
             26 55
             ;
set F[74] := 5 22
             22 23
             23 24
             24 3
             3 27
             27 21
             21 29
             29 58
             ;
set F[75] := 6 10
             10 8
             8 7
             7 2
             2 1
             1 30
             ;
set F[76] := 6 10
             10 8
             8 7
             7 2
             2 31
             ;
set F[77] := 6 5
             5 22
             22 23
             23 24
             24 3
             3 32
             ;
set F[78] := 6 5
             5 22
             22 23
             23 24
             24 4
             4 33
             ;
set F[79] := 6 5
             5 34
             ;
set F[80] := 6 10
             10 8
             8 7
             7 36
             ;
set F[81] := 6 10
             10 8
             8 37
             ;
set F[82] := 6 9
             9 38
             ;
set F[83] := 6 10
             10 39
             ;
set F[84] := 6 9
             9 15
             15 12
             12 41
             ;
set F[85] := 6 10
             10 14
             14 13
             13 42
             ;
set F[86] := 6 10
             10 14
             14 43
             ;
set F[87] := 6 9
             9 15
             15 44
             ;
set F[88] := 6 9
             9 15
             15 12
             12 18
             18 17
             17 16
             16 45
             ;
set F[89] := 6 9
             9 15
             15 12
             12 18
             18 17
             17 46
             ;
set F[90] := 6 9
             9 15
             15 12
             12 18
             18 47
             ;
set F[91] := 6 10
             10 14
             14 13
             13 19
             19 48
             ;
set F[92] := 6 5
             5 22
             22 23
             23 24
             24 3
             3 27
             27 21
             21 29
             29 20
             20 49
             ;
set F[93] := 6 5
             5 22
             22 51
             ;
set F[94] := 6 5
             5 22
             22 23
             23 52
             ;
set F[95] := 6 5
             5 22
             22 23
             23 24
             24 53
             ;
set F[96] := 6 5
             5 22
             22 23
             23 24
             24 25
             25 26
             26 55
             ;
set F[97] := 6 5
             5 22
             22 23
             23 24
             24 3
             3 27
             27 56
             ;
set F[98] := 6 5
             5 22
             22 23
             23 24
             24 3
             3 27
             27 21
             21 29
             29 58
             ;
set F[99] := 7 2
             2 1
             1 30
             ;
set F[100] := 7 8
              8 10
              10 6
              6 5
              5 34
              ;
set F[101] := 7 8
              8 37
              ;
set F[102] := 7 8
              8 10
              10 6
              6 9
              9 38
              ;
set F[103] := 7 8
              8 10
              10 39
              ;
set F[104] := 7 8
              8 10
              10 14
              14 13
              13 42
              ;
set F[105] := 7 8
              8 10
              10 14
              14 13
              13 19
              19 17
              17 46
              ;
set F[106] := 7 8
              8 10
              10 14
              14 13
              13 12
              12 18
              18 47
              ;
set F[107] := 7 2
              2 1
              1 4
              4 24
              24 53
              ;
set F[108] := 7 2
              2 1
              1 4
              4 24
              24 25
              25 26
              26 55
              ;
set F[109] := 7 2
              2 1
              1 4
              4 24
              24 3
              3 27
              27 56
              ;
set F[110] := 7 2
              2 1
              1 4
              4 24
              24 3
              3 27
              27 21
              21 29
              29 58
              ;
set F[111] := 8 7
              7 2
              2 1
              1 30
              ;
set F[112] := 8 7
              7 2
              2 31
              ;
set F[113] := 8 7
              7 2
              2 1
              1 4
              4 24
              24 3
              3 32
              ;
set F[114] := 8 7
              7 2
              2 1
              1 4
              4 33
              ;
set F[115] := 8 10
              10 6
              6 5
              5 34
              ;
set F[116] := 8 10
              10 6
              6 35
              ;
set F[117] := 8 7
              7 36
              ;
set F[118] := 8 10
              10 6
              6 9
              9 38
              ;
set F[119] := 8 10
              10 39
              ;
set F[120] := 8 10
              10 14
              14 13
              13 12
              12 41
              ;
set F[121] := 8 10
              10 14
              14 13
              13 42
              ;
set F[122] := 8 10
              10 14
              14 43
              ;
set F[123] := 8 10
              10 6
              6 9
              9 15
              15 44
              ;
set F[124] := 8 10
              10 14
              14 13
              13 19
              19 17
              17 16
              16 45
              ;
set F[125] := 8 10
              10 14
              14 13
              13 19
              19 17
              17 46
              ;
set F[126] := 8 10
              10 14
              14 13
              13 12
              12 18
              18 47
              ;
set F[127] := 8 10
              10 14
              14 13
              13 19
              19 48
              ;
set F[128] := 8 7
              7 2
              2 1
              1 4
              4 24
              24 3
              3 27
              27 21
              21 29
              29 20
              20 49
              ;
set F[129] := 8 7
              7 2
              2 1
              1 4
              4 24
              24 3
              3 27
              27 21
              21 50
              ;
set F[130] := 8 10
              10 6
              6 5
              5 22
              22 51
              ;
set F[131] := 8 10
              10 6
              6 5
              5 22
              22 23
              23 52
              ;
set F[132] := 8 7
              7 2
              2 1
              1 4
              4 24
              24 53
              ;
set F[133] := 8 7
              7 2
              2 1
              1 4
              4 24
              24 25
              25 26
              26 55
              ;
set F[134] := 8 7
              7 2
              2 1
              1 4
              4 24
              24 3
              3 27
              27 56
              ;
set F[135] := 8 7
              7 2
              2 1
              1 4
              4 24
              24 3
              3 27
              27 21
              21 29
              29 58
              ;
set F[136] := 9 6
              6 10
              10 8
              8 7
              7 2
              2 1
              1 30
              ;
set F[137] := 9 6
              6 10
              10 8
              8 7
              7 2
              2 31
              ;
set F[138] := 9 6
              6 5
              5 22
              22 23
              23 24
              24 3
              3 32
              ;
set F[139] := 9 6
              6 5
              5 34
              ;
set F[140] := 9 6
              6 35
              ;
set F[141] := 9 6
              6 10
              10 8
              8 37
              ;
set F[142] := 9 6
              6 10
              10 39
              ;
set F[143] := 9 15
              15 12
              12 41
              ;
set F[144] := 9 15
              15 12
              12 13
              13 42
              ;
set F[145] := 9 6
              6 10
              10 14
              14 43
              ;
set F[146] := 9 15
              15 44
              ;
set F[147] := 9 15
              15 12
              12 18
              18 17
              17 46
              ;
set F[148] := 9 15
              15 12
              12 18
              18 47
              ;
set F[149] := 9 15
              15 12
              12 13
              13 19
              19 48
              ;
set F[150] := 9 6
              6 5
              5 22
              22 51
              ;
set F[151] := 9 6
              6 5
              5 22
              22 23
              23 52
              ;
set F[152] := 9 6
              6 5
              5 22
              22 23
              23 24
              24 53
              ;
set F[153] := 9 6
              6 5
              5 22
              22 23
              23 24
              24 25
              25 26
              26 55
              ;
set F[154] := 9 6
              6 5
              5 22
              22 23
              23 24
              24 3
              3 27
              27 56
              ;
set F[155] := 9 6
              6 5
              5 22
              22 23
              23 24
              24 3
              3 27
              27 21
              21 29
              29 58
              ;
set F[156] := 10 8
              8 7
              7 2
              2 1
              1 30
              ;
set F[157] := 10 6
              6 5
              5 22
              22 23
              23 24
              24 3
              3 32
              ;
set F[158] := 10 6
              6 5
              5 34
              ;
set F[159] := 10 6
              6 35
              ;
set F[160] := 10 8
              8 37
              ;
set F[161] := 10 6
              6 9
              9 38
              ;
set F[162] := 10 14
              14 13
              13 42
              ;
set F[163] := 10 6
              6 9
              9 15
              15 44
              ;
set F[164] := 10 14
              14 13
              13 19
              19 17
              17 46
              ;
set F[165] := 10 14
              14 13
              13 12
              12 18
              18 47
              ;
set F[166] := 10 6
              6 5
              5 22
              22 23
              23 52
              ;
set F[167] := 10 6
              6 5
              5 22
              22 23
              23 24
              24 53
              ;
set F[168] := 10 6
              6 5
              5 22
              22 23
              23 24
              24 25
              25 26
              26 55
              ;
set F[169] := 10 6
              6 5
              5 22
              22 23
              23 24
              24 3
              3 27
              27 56
              ;
set F[170] := 10 6
              6 5
              5 22
              22 23
              23 24
              24 3
              3 27
              27 21
              21 29
              29 58
              ;
set F[171] := 12 13
              13 14
              14 10
              10 8
              8 7
              7 2
              2 1
              1 30
              ;
set F[172] := 12 13
              13 14
              14 10
              10 8
              8 7
              7 2
              2 31
              ;
set F[173] := 12 15
              15 9
              9 6
              6 5
              5 22
              22 23
              23 24
              24 3
              3 32
              ;
set F[174] := 12 13
              13 14
              14 10
              10 8
              8 7
              7 2
              2 1
              1 4
              4 33
              ;
set F[175] := 12 15
              15 9
              9 6
              6 5
              5 34
              ;
set F[176] := 12 15
              15 9
              9 6
              6 35
              ;
set F[177] := 12 13
              13 14
              14 10
              10 8
              8 7
              7 36
              ;
set F[178] := 12 13
              13 14
              14 10
              10 8
              8 37
              ;
set F[179] := 12 15
              15 9
              9 38
              ;
set F[180] := 12 13
              13 14
              14 10
              10 39
              ;
set F[181] := 12 13
              13 42
              ;
set F[182] := 12 13
              13 14
              14 43
              ;
set F[183] := 12 15
              15 44
              ;
set F[184] := 12 18
              18 17
              17 16
              16 45
              ;
set F[185] := 12 18
              18 17
              17 46
              ;
set F[186] := 12 18
              18 47
              ;
set F[187] := 12 13
              13 19
              19 48
              ;
set F[188] := 12 15
              15 9
              9 6
              6 5
              5 22
              22 23
              23 24
              24 3
              3 27
              27 21
              21 29
              29 20
              20 49
              ;
set F[189] := 12 15
              15 9
              9 6
              6 5
              5 22
              22 23
              23 24
              24 3
              3 27
              27 21
              21 50
              ;
set F[190] := 12 15
              15 9
              9 6
              6 5
              5 22
              22 51
              ;
set F[191] := 12 15
              15 9
              9 6
              6 5
              5 22
              22 23
              23 52
              ;
set F[192] := 12 15
              15 9
              9 6
              6 5
              5 22
              22 23
              23 24
              24 53
              ;
set F[193] := 12 15
              15 9
              9 6
              6 5
              5 22
              22 23
              23 24
              24 25
              25 26
              26 55
              ;
set F[194] := 12 15
              15 9
              9 6
              6 5
              5 22
              22 23
              23 24
              24 3
              3 27
              27 56
              ;
set F[195] := 12 15
              15 9
              9 6
              6 5
              5 22
              22 23
              23 24
              24 3
              3 27
              27 21
              21 29
              29 58
              ;
set F[196] := 13 14
              14 10
              10 8
              8 7
              7 2
              2 1
              1 30
              ;
set F[197] := 13 14
              14 10
              10 8
              8 7
              7 2
              2 31
              ;
set F[198] := 13 14
              14 10
              10 6
              6 5
              5 22
              22 23
              23 24
              24 3
              3 32
              ;
set F[199] := 13 14
              14 10
              10 6
              6 5
              5 34
              ;
set F[200] := 13 14
              14 10
              10 6
              6 35
              ;
set F[201] := 13 14
              14 10
              10 8
              8 37
              ;
set F[202] := 13 12
              12 15
              15 9
              9 38
              ;
set F[203] := 13 14
              14 10
              10 39
              ;
set F[204] := 13 12
              12 41
              ;
set F[205] := 13 14
              14 43
              ;
set F[206] := 13 12
              12 15
              15 44
              ;
set F[207] := 13 19
              19 17
              17 46
              ;
set F[208] := 13 12
              12 18
              18 47
              ;
set F[209] := 13 19
              19 48
              ;
set F[210] := 13 14
              14 10
              10 6
              6 5
              5 22
              22 23
              23 24
              24 3
              3 27
              27 21
              21 29
              29 20
              20 49
              ;
set F[211] := 13 14
              14 10
              10 6
              6 5
              5 22
              22 51
              ;
set F[212] := 13 14
              14 10
              10 6
              6 5
              5 22
              22 23
              23 52
              ;
set F[213] := 13 14
              14 10
              10 6
              6 5
              5 22
              22 23
              23 24
              24 53
              ;
set F[214] := 13 14
              14 10
              10 6
              6 5
              5 22
              22 23
              23 24
              24 25
              25 26
              26 55
              ;
set F[215] := 13 14
              14 10
              10 6
              6 5
              5 22
              22 23
              23 24
              24 3
              3 27
              27 56
              ;
set F[216] := 13 14
              14 10
              10 6
              6 5
              5 22
              22 23
              23 24
              24 3
              3 27
              27 21
              21 29
              29 58
              ;
set F[217] := 14 10
              10 8
              8 7
              7 2
              2 1
              1 30
              ;
set F[218] := 14 10
              10 6
              6 5
              5 34
              ;
set F[219] := 14 10
              10 6
              6 35
              ;
set F[220] := 14 10
              10 8
              8 37
              ;
set F[221] := 14 10
              10 6
              6 9
              9 38
              ;
set F[222] := 14 10
              10 39
              ;
set F[223] := 14 13
              13 42
              ;
set F[224] := 14 13
              13 19
              19 17
              17 46
              ;
set F[225] := 14 13
              13 12
              12 18
              18 47
              ;
set F[226] := 14 10
              10 6
              6 5
              5 22
              22 23
              23 52
              ;
set F[227] := 14 10
              10 6
              6 5
              5 22
              22 23
              23 24
              24 53
              ;
set F[228] := 14 10
              10 6
              6 5
              5 22
              22 23
              23 24
              24 25
              25 26
              26 55
              ;
set F[229] := 14 10
              10 6
              6 5
              5 22
              22 23
              23 24
              24 3
              3 27
              27 56
              ;
set F[230] := 14 10
              10 6
              6 5
              5 22
              22 23
              23 24
              24 3
              3 27
              27 21
              21 29
              29 58
              ;
set F[231] := 15 9
              9 6
              6 10
              10 8
              8 7
              7 2
              2 1
              1 30
              ;
set F[232] := 15 9
              9 6
              6 10
              10 8
              8 7
              7 2
              2 31
              ;
set F[233] := 15 9
              9 6
              6 5
              5 22
              22 23
              23 24
              24 3
              3 32
              ;
set F[234] := 15 9
              9 6
              6 5
              5 34
              ;
set F[235] := 15 9
              9 6
              6 35
              ;
set F[236] := 15 9
              9 6
              6 10
              10 8
              8 37
              ;
set F[237] := 15 9
              9 38
              ;
set F[238] := 15 9
              9 6
              6 10
              10 39
              ;
set F[239] := 15 12
              12 41
              ;
set F[240] := 15 12
              12 13
              13 42
              ;
set F[241] := 15 12
              12 13
              13 14
              14 43
              ;
set F[242] := 15 12
              12 18
              18 17
              17 46
              ;
set F[243] := 15 12
              12 18
              18 47
              ;
set F[244] := 15 9
              9 6
              6 5
              5 22
              22 51
              ;
set F[245] := 15 9
              9 6
              6 5
              5 22
              22 23
              23 52
              ;
set F[246] := 15 9
              9 6
              6 5
              5 22
              22 23
              23 24
              24 53
              ;
set F[247] := 15 9
              9 6
              6 5
              5 22
              22 23
              23 24
              24 25
              25 26
              26 55
              ;
set F[248] := 15 9
              9 6
              6 5
              5 22
              22 23
              23 24
              24 3
              3 27
              27 56
              ;
set F[249] := 15 9
              9 6
              6 5
              5 22
              22 23
              23 24
              24 3
              3 27
              27 21
              21 29
              29 58
              ;
set F[250] := 16 17
              17 19
              19 13
              13 14
              14 10
              10 8
              8 7
              7 2
              2 1
              1 30
              ;
set F[251] := 16 17
              17 19
              19 13
              13 14
              14 10
              10 8
              8 7
              7 2
              2 31
              ;
set F[252] := 16 17
              17 18
              18 12
              12 15
              15 9
              9 6
              6 5
              5 22
              22 23
              23 24
              24 3
              3 32
              ;
set F[253] := 16 17
              17 18
              18 12
              12 15
              15 9
              9 6
              6 5
              5 34
              ;
set F[254] := 16 17
              17 18
              18 12
              12 15
              15 9
              9 6
              6 35
              ;
set F[255] := 16 17
              17 19
              19 13
              13 14
              14 10
              10 8
              8 37
              ;
set F[256] := 16 17
              17 18
              18 12
              12 15
              15 9
              9 38
              ;
set F[257] := 16 17
              17 19
              19 13
              13 14
              14 10
              10 39
              ;
set F[258] := 16 17
              17 18
              18 12
              12 41
              ;
set F[259] := 16 17
              17 19
              19 13
              13 42
              ;
set F[260] := 16 17
              17 19
              19 13
              13 14
              14 43
              ;
set F[261] := 16 17
              17 18
              18 12
              12 15
              15 44
              ;
set F[262] := 16 17
              17 46
              ;
set F[263] := 16 17
              17 18
              18 47
              ;
set F[264] := 16 17
              17 19
              19 48
              ;
set F[265] := 16 17
              17 18
              18 12
              12 15
              15 9
              9 6
              6 5
              5 22
              22 23
              23 24
              24 3
              3 27
              27 21
              21 29
              29 20
              20 49
              ;
set F[266] := 16 17
              17 18
              18 12
              12 15
              15 9
              9 6
              6 5
              5 22
              22 51
              ;
set F[267] := 16 17
              17 18
              18 12
              12 15
              15 9
              9 6
              6 5
              5 22
              22 23
              23 52
              ;
set F[268] := 16 17
              17 18
              18 12
              12 15
              15 9
              9 6
              6 5
              5 22
              22 23
              23 24
              24 53
              ;
set F[269] := 16 17
              17 18
              18 12
              12 15
              15 9
              9 6
              6 5
              5 22
              22 23
              23 24
              24 25
              25 26
              26 55
              ;
set F[270] := 16 17
              17 18
              18 12
              12 15
              15 9
              9 6
              6 5
              5 22
              22 23
              23 24
              24 3
              3 27
              27 56
              ;
set F[271] := 16 17
              17 18
              18 12
              12 15
              15 9
              9 6
              6 5
              5 22
              22 23
              23 24
              24 3
              3 27
              27 21
              21 29
              29 58
              ;
set F[272] := 17 19
              19 13
              13 14
              14 10
              10 8
              8 7
              7 2
              2 1
              1 30
              ;
set F[273] := 17 19
              19 13
              13 14
              14 10
              10 8
              8 7
              7 2
              2 31
              ;
set F[274] := 17 18
              18 12
              12 15
              15 9
              9 6
              6 5
              5 22
              22 23
              23 24
              24 3
              3 32
              ;
set F[275] := 17 19
              19 13
              13 14
              14 10
              10 8
              8 7
              7 2
              2 1
              1 4
              4 33
              ;
set F[276] := 17 18
              18 12
              12 15
              15 9
              9 6
              6 5
              5 34
              ;
set F[277] := 17 18
              18 12
              12 15
              15 9
              9 6
              6 35
              ;
set F[278] := 17 19
              19 13
              13 14
              14 10
              10 8
              8 7
              7 36
              ;
set F[279] := 17 19
              19 13
              13 14
              14 10
              10 8
              8 37
              ;
set F[280] := 17 18
              18 12
              12 15
              15 9
              9 38
              ;
set F[281] := 17 19
              19 13
              13 14
              14 10
              10 39
              ;
set F[282] := 17 18
              18 12
              12 41
              ;
set F[283] := 17 19
              19 13
              13 42
              ;
set F[284] := 17 19
              19 13
              13 14
              14 43
              ;
set F[285] := 17 18
              18 12
              12 15
              15 44
              ;
set F[286] := 17 16
              16 45
              ;
set F[287] := 17 18
              18 47
              ;
set F[288] := 17 19
              19 48
              ;
set F[289] := 17 18
              18 12
              12 15
              15 9
              9 6
              6 5
              5 22
              22 23
              23 24
              24 3
              3 27
              27 21
              21 29
              29 20
              20 49
              ;
set F[290] := 17 18
              18 12
              12 15
              15 9
              9 6
              6 5
              5 22
              22 23
              23 24
              24 3
              3 27
              27 21
              21 50
              ;
set F[291] := 17 18
              18 12
              12 15
              15 9
              9 6
              6 5
              5 22
              22 51
              ;
set F[292] := 17 18
              18 12
              12 15
              15 9
              9 6
              6 5
              5 22
              22 23
              23 52
              ;
set F[293] := 17 18
              18 12
              12 15
              15 9
              9 6
              6 5
              5 22
              22 23
              23 24
              24 53
              ;
set F[294] := 17 18
              18 12
              12 15
              15 9
              9 6
              6 5
              5 22
              22 23
              23 24
              24 25
              25 26
              26 55
              ;
set F[295] := 17 18
              18 12
              12 15
              15 9
              9 6
              6 5
              5 22
              22 23
              23 24
              24 3
              3 27
              27 56
              ;
set F[296] := 17 18
              18 12
              12 15
              15 9
              9 6
              6 5
              5 22
              22 23
              23 24
              24 3
              3 27
              27 21
              21 29
              29 58
              ;
set F[297] := 18 12
              12 13
              13 14
              14 10
              10 8
              8 7
              7 2
              2 1
              1 30
              ;
set F[298] := 18 12
              12 13
              13 14
              14 10
              10 8
              8 7
              7 2
              2 31
              ;
set F[299] := 18 12
              12 15
              15 9
              9 6
              6 5
              5 22
              22 23
              23 24
              24 3
              3 32
              ;
set F[300] := 18 12
              12 13
              13 14
              14 10
              10 8
              8 7
              7 2
              2 1
              1 4
              4 33
              ;
set F[301] := 18 12
              12 15
              15 9
              9 6
              6 5
              5 34
              ;
set F[302] := 18 12
              12 15
              15 9
              9 6
              6 35
              ;
set F[303] := 18 12
              12 13
              13 14
              14 10
              10 8
              8 7
              7 36
              ;
set F[304] := 18 12
              12 13
              13 14
              14 10
              10 8
              8 37
              ;
set F[305] := 18 12
              12 15
              15 9
              9 38
              ;
set F[306] := 18 12
              12 13
              13 14
              14 10
              10 39
              ;
set F[307] := 18 12
              12 41
              ;
set F[308] := 18 12
              12 13
              13 42
              ;
set F[309] := 18 12
              12 13
              13 14
              14 43
              ;
set F[310] := 18 12
              12 15
              15 44
              ;
set F[311] := 18 17
              17 46
              ;
set F[312] := 18 17
              17 19
              19 48
              ;
set F[313] := 18 12
              12 15
              15 9
              9 6
              6 5
              5 22
              22 23
              23 24
              24 3
              3 27
              27 21
              21 29
              29 20
              20 49
              ;
set F[314] := 18 12
              12 15
              15 9
              9 6
              6 5
              5 22
              22 51
              ;
set F[315] := 18 12
              12 15
              15 9
              9 6
              6 5
              5 22
              22 23
              23 52
              ;
set F[316] := 18 12
              12 15
              15 9
              9 6
              6 5
              5 22
              22 23
              23 24
              24 53
              ;
set F[317] := 18 12
              12 15
              15 9
              9 6
              6 5
              5 22
              22 23
              23 24
              24 25
              25 26
              26 55
              ;
set F[318] := 18 12
              12 15
              15 9
              9 6
              6 5
              5 22
              22 23
              23 24
              24 3
              3 27
              27 56
              ;
set F[319] := 18 12
              12 15
              15 9
              9 6
              6 5
              5 22
              22 23
              23 24
              24 3
              3 27
              27 21
              21 29
              29 58
              ;
set F[320] := 19 13
              13 14
              14 10
              10 8
              8 7
              7 2
              2 1
              1 30
              ;
set F[321] := 19 13
              13 14
              14 10
              10 6
              6 5
              5 22
              22 23
              23 24
              24 3
              3 32
              ;
set F[322] := 19 13
              13 14
              14 10
              10 6
              6 5
              5 34
              ;
set F[323] := 19 13
              13 14
              14 10
              10 6
              6 35
              ;
set F[324] := 19 13
              13 14
              14 10
              10 8
              8 37
              ;
set F[325] := 19 13
              13 12
              12 15
              15 9
              9 38
              ;
set F[326] := 19 13
              13 14
              14 10
              10 39
              ;
set F[327] := 19 13
              13 42
              ;
set F[328] := 19 13
              13 14
              14 43
              ;
set F[329] := 19 13
              13 12
              12 15
              15 44
              ;
set F[330] := 19 17
              17 46
              ;
set F[331] := 19 17
              17 18
              18 47
              ;
set F[332] := 19 13
              13 14
              14 10
              10 6
              6 5
              5 22
              22 23
              23 52
              ;
set F[333] := 19 13
              13 14
              14 10
              10 6
              6 5
              5 22
              22 23
              23 24
              24 53
              ;
set F[334] := 19 13
              13 14
              14 10
              10 6
              6 5
              5 22
              22 23
              23 24
              24 25
              25 26
              26 55
              ;
set F[335] := 19 13
              13 14
              14 10
              10 6
              6 5
              5 22
              22 23
              23 24
              24 3
              3 27
              27 56
              ;
set F[336] := 19 13
              13 14
              14 10
              10 6
              6 5
              5 22
              22 23
              23 24
              24 3
              3 27
              27 21
              21 29
              29 58
              ;
set F[337] := 20 29
              29 21
              21 27
              27 3
              3 24
              24 23
              23 22
              22 5
              5 6
              6 10
              10 39
              ;
set F[338] := 22 23
              23 24
              24 4
              4 1
              1 30
              ;
set F[339] := 22 23
              23 24
              24 3
              3 32
              ;
set F[340] := 22 5
              5 34
              ;
set F[341] := 22 5
              5 6
              6 35
              ;
set F[342] := 22 5
              5 6
              6 10
              10 8
              8 37
              ;
set F[343] := 22 5
              5 6
              6 9
              9 38
              ;
set F[344] := 22 5
              5 6
              6 10
              10 39
              ;
set F[345] := 22 5
              5 6
              6 10
              10 14
              14 13
              13 42
              ;
set F[346] := 22 5
              5 6
              6 9
              9 15
              15 44
              ;
set F[347] := 22 5
              5 6
              6 9
              9 15
              15 12
              12 18
              18 17
              17 46
              ;
set F[348] := 22 5
              5 6
              6 9
              9 15
              15 12
              12 18
              18 47
              ;
set F[349] := 22 23
              23 52
              ;
set F[350] := 22 23
              23 24
              24 53
              ;
set F[351] := 22 23
              23 24
              24 25
              25 26
              26 55
              ;
set F[352] := 22 23
              23 24
              24 3
              3 27
              27 56
              ;
set F[353] := 22 23
              23 24
              24 3
              3 27
              27 21
              21 29
              29 58
              ;
set F[354] := 23 24
              24 4
              4 1
              1 30
              ;
set F[355] := 23 24
              24 4
              4 1
              1 2
              2 31
              ;
set F[356] := 23 24
              24 3
              3 32
              ;
set F[357] := 23 24
              24 4
              4 33
              ;
set F[358] := 23 22
              22 5
              5 34
              ;
set F[359] := 23 22
              22 5
              5 6
              6 35
              ;
set F[360] := 23 24
              24 4
              4 1
              1 2
              2 7
              7 36
              ;
set F[361] := 23 22
              22 5
              5 6
              6 10
              10 8
              8 37
              ;
set F[362] := 23 22
              22 5
              5 6
              6 9
              9 38
              ;
set F[363] := 23 22
              22 5
              5 6
              6 10
              10 39
              ;
set F[364] := 23 22
              22 5
              5 6
              6 9
              9 15
              15 12
              12 41
              ;
set F[365] := 23 22
              22 5
              5 6
              6 10
              10 14
              14 13
              13 42
              ;
set F[366] := 23 22
              22 5
              5 6
              6 10
              10 14
              14 43
              ;
set F[367] := 23 22
              22 5
              5 6
              6 9
              9 15
              15 44
              ;
set F[368] := 23 22
              22 5
              5 6
              6 9
              9 15
              15 12
              12 18
              18 17
              17 46
              ;
set F[369] := 23 22
              22 5
              5 6
              6 9
              9 15
              15 12
              12 18
              18 47
              ;
set F[370] := 23 22
              22 5
              5 6
              6 10
              10 14
              14 13
              13 19
              19 48
              ;
set F[371] := 23 24
              24 3
              3 27
              27 21
              21 29
              29 20
              20 49
              ;
set F[372] := 23 22
              22 51
              ;
set F[373] := 23 24
              24 53
              ;
set F[374] := 23 24
              24 25
              25 26
              26 55
              ;
set F[375] := 23 24
              24 3
              3 27
              27 56
              ;
set F[376] := 23 24
              24 3
              3 27
              27 21
              21 29
              29 58
              ;
set F[377] := 24 4
              4 1
              1 30
              ;
set F[378] := 24 4
              4 1
              1 2
              2 31
              ;
set F[379] := 24 3
              3 32
              ;
set F[380] := 24 4
              4 33
              ;
set F[381] := 24 23
              23 22
              22 5
              5 34
              ;
set F[382] := 24 23
              23 22
              22 5
              5 6
              6 35
              ;
set F[383] := 24 4
              4 1
              1 2
              2 7
              7 36
              ;
set F[384] := 24 4
              4 1
              1 2
              2 7
              7 8
              8 37
              ;
set F[385] := 24 23
              23 22
              22 5
              5 6
              6 9
              9 38
              ;
set F[386] := 24 23
              23 22
              22 5
              5 6
              6 10
              10 39
              ;
set F[387] := 24 23
              23 22
              22 5
              5 6
              6 9
              9 15
              15 12
              12 41
              ;
set F[388] := 24 23
              23 22
              22 5
              5 6
              6 10
              10 14
              14 13
              13 42
              ;
set F[389] := 24 23
              23 22
              22 5
              5 6
              6 10
              10 14
              14 43
              ;
set F[390] := 24 23
              23 22
              22 5
              5 6
              6 9
              9 15
              15 44
              ;
set F[391] := 24 23
              23 22
              22 5
              5 6
              6 9
              9 15
              15 12
              12 18
              18 17
              17 16
              16 45
              ;
set F[392] := 24 23
              23 22
              22 5
              5 6
              6 9
              9 15
              15 12
              12 18
              18 17
              17 46
              ;
set F[393] := 24 23
              23 22
              22 5
              5 6
              6 9
              9 15
              15 12
              12 18
              18 47
              ;
set F[394] := 24 23
              23 22
              22 5
              5 6
              6 10
              10 14
              14 13
              13 19
              19 48
              ;
set F[395] := 24 3
              3 27
              27 21
              21 29
              29 20
              20 49
              ;
set F[396] := 24 3
              3 27
              27 21
              21 50
              ;
set F[397] := 24 23
              23 22
              22 51
              ;
set F[398] := 24 23
              23 52
              ;
set F[399] := 24 25
              25 26
              26 55
              ;
set F[400] := 24 3
              3 27
              27 56
              ;
set F[401] := 24 3
              3 27
              27 21
              21 29
              29 58
              ;
set F[402] := 25 24
              24 4
              4 1
              1 30
              ;
set F[403] := 25 24
              24 3
              3 32
              ;
set F[404] := 25 24
              24 23
              23 22
              22 5
              5 34
              ;
set F[405] := 25 24
              24 23
              23 22
              22 5
              5 6
              6 35
              ;
set F[406] := 25 24
              24 4
              4 1
              1 2
              2 7
              7 8
              8 37
              ;
set F[407] := 25 24
              24 23
              23 22
              22 5
              5 6
              6 9
              9 38
              ;
set F[408] := 25 24
              24 23
              23 22
              22 5
              5 6
              6 10
              10 39
              ;
set F[409] := 25 24
              24 23
              23 22
              22 5
              5 6
              6 10
              10 14
              14 13
              13 42
              ;
set F[410] := 25 24
              24 23
              23 22
              22 5
              5 6
              6 9
              9 15
              15 44
              ;
set F[411] := 25 24
              24 23
              23 22
              22 5
              5 6
              6 9
              9 15
              15 12
              12 18
              18 17
              17 46
              ;
set F[412] := 25 24
              24 23
              23 22
              22 5
              5 6
              6 9
              9 15
              15 12
              12 18
              18 47
              ;
set F[413] := 25 24
              24 23
              23 52
              ;
set F[414] := 25 24
              24 53
              ;
set F[415] := 25 26
              26 55
              ;
set F[416] := 25 26
              26 27
              27 56
              ;
set F[417] := 25 26
              26 28
              28 29
              29 58
              ;
set F[418] := 26 25
              25 24
              24 4
              4 1
              1 30
              ;
set F[419] := 26 25
              25 24
              24 4
              4 1
              1 2
              2 31
              ;
set F[420] := 26 27
              27 3
              3 32
              ;
set F[421] := 26 25
              25 24
              24 4
              4 33
              ;
set F[422] := 26 25
              25 24
              24 23
              23 22
              22 5
              5 34
              ;
set F[423] := 26 25
              25 24
              24 23
              23 22
              22 5
              5 6
              6 35
              ;
set F[424] := 26 25
              25 24
              24 4
              4 1
              1 2
              2 7
              7 36
              ;
set F[425] := 26 25
              25 24
              24 4
              4 1
              1 2
              2 7
              7 8
              8 37
              ;
set F[426] := 26 25
              25 24
              24 23
              23 22
              22 5
              5 6
              6 9
              9 38
              ;
set F[427] := 26 25
              25 24
              24 23
              23 22
              22 5
              5 6
              6 10
              10 39
              ;
set F[428] := 26 25
              25 24
              24 23
              23 22
              22 5
              5 6
              6 9
              9 15
              15 12
              12 41
              ;
set F[429] := 26 25
              25 24
              24 23
              23 22
              22 5
              5 6
              6 10
              10 14
              14 13
              13 42
              ;
set F[430] := 26 25
              25 24
              24 23
              23 22
              22 5
              5 6
              6 10
              10 14
              14 43
              ;
set F[431] := 26 25
              25 24
              24 23
              23 22
              22 5
              5 6
              6 9
              9 15
              15 44
              ;
set F[432] := 26 25
              25 24
              24 23
              23 22
              22 5
              5 6
              6 9
              9 15
              15 12
              12 18
              18 17
              17 16
              16 45
              ;
set F[433] := 26 25
              25 24
              24 23
              23 22
              22 5
              5 6
              6 9
              9 15
              15 12
              12 18
              18 17
              17 46
              ;
set F[434] := 26 25
              25 24
              24 23
              23 22
              22 5
              5 6
              6 9
              9 15
              15 12
              12 18
              18 47
              ;
set F[435] := 26 25
              25 24
              24 23
              23 22
              22 5
              5 6
              6 10
              10 14
              14 13
              13 19
              19 48
              ;
set F[436] := 26 28
              28 29
              29 20
              20 49
              ;
set F[437] := 26 27
              27 21
              21 50
              ;
set F[438] := 26 25
              25 24
              24 23
              23 22
              22 51
              ;
set F[439] := 26 25
              25 24
              24 23
              23 52
              ;
set F[440] := 26 25
              25 24
              24 53
              ;
set F[441] := 26 27
              27 56
              ;
set F[442] := 26 28
              28 29
              29 58
              ;
set F[443] := 27 3
              3 24
              24 4
              4 1
              1 30
              ;
set F[444] := 27 3
              3 24
              24 23
              23 22
              22 5
              5 34
              ;
set F[445] := 27 3
              3 24
              24 4
              4 1
              1 2
              2 7
              7 8
              8 37
              ;
set F[446] := 27 3
              3 24
              24 23
              23 22
              22 5
              5 6
              6 10
              10 39
              ;
set F[447] := 27 3
              3 24
              24 23
              23 22
              22 5
              5 6
              6 10
              10 14
              14 13
              13 42
              ;
set F[448] := 27 3
              3 24
              24 23
              23 22
              22 5
              5 6
              6 9
              9 15
              15 12
              12 18
              18 17
              17 46
              ;
set F[449] := 27 3
              3 24
              24 23
              23 22
              22 5
              5 6
              6 9
              9 15
              15 12
              12 18
              18 47
              ;
set F[450] := 27 3
              3 24
              24 53
              ;
set F[451] := 27 26
              26 55
              ;
set F[452] := 27 21
              21 29
              29 58
              ;
set F[453] := 28 26
              26 25
              25 24
              24 4
              4 1
              1 30
              ;
set F[454] := 28 26
              26 27
              27 3
              3 32
              ;
set F[455] := 28 26
              26 25
              25 24
              24 23
              23 22
              22 5
              5 34
              ;
set F[456] := 28 26
              26 25
              25 24
              24 23
              23 22
              22 5
              5 6
              6 35
              ;
set F[457] := 28 26
              26 25
              25 24
              24 4
              4 1
              1 2
              2 7
              7 8
              8 37
              ;
set F[458] := 28 26
              26 25
              25 24
              24 23
              23 22
              22 5
              5 6
              6 9
              9 38
              ;
set F[459] := 28 26
              26 25
              25 24
              24 23
              23 22
              22 5
              5 6
              6 10
              10 39
              ;
set F[460] := 28 26
              26 25
              25 24
              24 23
              23 22
              22 5
              5 6
              6 10
              10 14
              14 13
              13 42
              ;
set F[461] := 28 26
              26 25
              25 24
              24 23
              23 22
              22 5
              5 6
              6 9
              9 15
              15 44
              ;
set F[462] := 28 26
              26 25
              25 24
              24 23
              23 22
              22 5
              5 6
              6 9
              9 15
              15 12
              12 18
              18 17
              17 46
              ;
set F[463] := 28 26
              26 25
              25 24
              24 23
              23 22
              22 5
              5 6
              6 9
              9 15
              15 12
              12 18
              18 47
              ;
set F[464] := 28 26
              26 25
              25 24
              24 23
              23 52
              ;
set F[465] := 28 26
              26 25
              25 24
              24 53
              ;
set F[466] := 28 26
              26 55
              ;
set F[467] := 28 26
              26 27
              27 56
              ;
set F[468] := 28 29
              29 58
              ;
set F[469] := 29 21
              21 27
              27 3
              3 24
              24 4
              4 1
              1 30
              ;
set F[470] := 29 21
              21 27
              27 3
              3 24
              24 4
              4 1
              1 2
              2 31
              ;
set F[471] := 29 21
              21 27
              27 3
              3 32
              ;
set F[472] := 29 21
              21 27
              27 3
              3 24
              24 23
              23 22
              22 5
              5 34
              ;
set F[473] := 29 21
              21 27
              27 3
              3 24
              24 23
              23 22
              22 5
              5 6
              6 35
              ;
set F[474] := 29 21
              21 27
              27 3
              3 24
              24 4
              4 1
              1 2
              2 7
              7 8
              8 37
              ;
set F[475] := 29 21
              21 27
              27 3
              3 24
              24 23
              23 22
              22 5
              5 6
              6 9
              9 38
              ;
set F[476] := 29 21
              21 27
              27 3
              3 24
              24 23
              23 22
              22 5
              5 6
              6 10
              10 39
              ;
set F[477] := 29 21
              21 27
              27 3
              3 24
              24 23
              23 22
              22 5
              5 6
              6 9
              9 15
              15 12
              12 41
              ;
set F[478] := 29 21
              21 27
              27 3
              3 24
              24 23
              23 22
              22 5
              5 6
              6 10
              10 14
              14 13
              13 42
              ;
set F[479] := 29 21
              21 27
              27 3
              3 24
              24 23
              23 22
              22 5
              5 6
              6 10
              10 14
              14 43
              ;
set F[480] := 29 21
              21 27
              27 3
              3 24
              24 23
              23 22
              22 5
              5 6
              6 9
              9 15
              15 44
              ;
set F[481] := 29 21
              21 27
              27 3
              3 24
              24 23
              23 22
              22 5
              5 6
              6 9
              9 15
              15 12
              12 18
              18 17
              17 46
              ;
set F[482] := 29 21
              21 27
              27 3
              3 24
              24 23
              23 22
              22 5
              5 6
              6 9
              9 15
              15 12
              12 18
              18 47
              ;
set F[483] := 29 21
              21 27
              27 3
              3 24
              24 23
              23 22
              22 51
              ;
set F[484] := 29 21
              21 27
              27 3
              3 24
              24 23
              23 52
              ;
set F[485] := 29 21
              21 27
              27 3
              3 24
              24 53
              ;
set F[486] := 29 28
              28 26
              26 55
              ;
set F[487] := 29 21
              21 27
              27 56
              ;
set Last[1] := 2 31;
set Last[2] := 3 32;
set Last[3] := 5 34;
set Last[4] := 6 35;
set Last[5] := 8 37;
set Last[6] := 9 38;
set Last[7] := 10 39;
set Last[8] := 12 41;
set Last[9] := 13 42;
set Last[10] := 14 43;
set Last[11] := 15 44;
set Last[12] := 17 46;
set Last[13] := 18 47;
set Last[14] := 22 51;
set Last[15] := 23 52;
set Last[16] := 24 53;
set Last[17] := 26 55;
set Last[18] := 27 56;
set Last[19] := 29 58;
set Last[20] := 1 30;
set Last[21] := 5 34;
set Last[22] := 8 37;
set Last[23] := 10 39;
set Last[24] := 13 42;
set Last[25] := 17 46;
set Last[26] := 18 47;
set Last[27] := 24 53;
set Last[28] := 26 55;
set Last[29] := 27 56;
set Last[30] := 29 58;
set Last[31] := 1 30;
set Last[32] := 5 34;
set Last[33] := 6 35;
set Last[34] := 8 37;
set Last[35] := 9 38;
set Last[36] := 10 39;
set Last[37] := 13 42;
set Last[38] := 14 43;
set Last[39] := 15 44;
set Last[40] := 17 46;
set Last[41] := 18 47;
set Last[42] := 23 52;
set Last[43] := 24 53;
set Last[44] := 26 55;
set Last[45] := 27 56;
set Last[46] := 29 58;
set Last[47] := 1 30;
set Last[48] := 2 31;
set Last[49] := 3 32;
set Last[50] := 5 34;
set Last[51] := 6 35;
set Last[52] := 8 37;
set Last[53] := 9 38;
set Last[54] := 10 39;
set Last[55] := 12 41;
set Last[56] := 13 42;
set Last[57] := 14 43;
set Last[58] := 15 44;
set Last[59] := 17 46;
set Last[60] := 18 47;
set Last[61] := 19 48;
set Last[62] := 20 49;
set Last[63] := 22 51;
set Last[64] := 23 52;
set Last[65] := 24 53;
set Last[66] := 26 55;
set Last[67] := 27 56;
set Last[68] := 29 58;
set Last[69] := 10 39;
set Last[70] := 17 46;
set Last[71] := 18 47;
set Last[72] := 24 53;
set Last[73] := 26 55;
set Last[74] := 29 58;
set Last[75] := 1 30;
set Last[76] := 2 31;
set Last[77] := 3 32;
set Last[78] := 4 33;
set Last[79] := 5 34;
set Last[80] := 7 36;
set Last[81] := 8 37;
set Last[82] := 9 38;
set Last[83] := 10 39;
set Last[84] := 12 41;
set Last[85] := 13 42;
set Last[86] := 14 43;
set Last[87] := 15 44;
set Last[88] := 16 45;
set Last[89] := 17 46;
set Last[90] := 18 47;
set Last[91] := 19 48;
set Last[92] := 20 49;
set Last[93] := 22 51;
set Last[94] := 23 52;
set Last[95] := 24 53;
set Last[96] := 26 55;
set Last[97] := 27 56;
set Last[98] := 29 58;
set Last[99] := 1 30;
set Last[100] := 5 34;
set Last[101] := 8 37;
set Last[102] := 9 38;
set Last[103] := 10 39;
set Last[104] := 13 42;
set Last[105] := 17 46;
set Last[106] := 18 47;
set Last[107] := 24 53;
set Last[108] := 26 55;
set Last[109] := 27 56;
set Last[110] := 29 58;
set Last[111] := 1 30;
set Last[112] := 2 31;
set Last[113] := 3 32;
set Last[114] := 4 33;
set Last[115] := 5 34;
set Last[116] := 6 35;
set Last[117] := 7 36;
set Last[118] := 9 38;
set Last[119] := 10 39;
set Last[120] := 12 41;
set Last[121] := 13 42;
set Last[122] := 14 43;
set Last[123] := 15 44;
set Last[124] := 16 45;
set Last[125] := 17 46;
set Last[126] := 18 47;
set Last[127] := 19 48;
set Last[128] := 20 49;
set Last[129] := 21 50;
set Last[130] := 22 51;
set Last[131] := 23 52;
set Last[132] := 24 53;
set Last[133] := 26 55;
set Last[134] := 27 56;
set Last[135] := 29 58;
set Last[136] := 1 30;
set Last[137] := 2 31;
set Last[138] := 3 32;
set Last[139] := 5 34;
set Last[140] := 6 35;
set Last[141] := 8 37;
set Last[142] := 10 39;
set Last[143] := 12 41;
set Last[144] := 13 42;
set Last[145] := 14 43;
set Last[146] := 15 44;
set Last[147] := 17 46;
set Last[148] := 18 47;
set Last[149] := 19 48;
set Last[150] := 22 51;
set Last[151] := 23 52;
set Last[152] := 24 53;
set Last[153] := 26 55;
set Last[154] := 27 56;
set Last[155] := 29 58;
set Last[156] := 1 30;
set Last[157] := 3 32;
set Last[158] := 5 34;
set Last[159] := 6 35;
set Last[160] := 8 37;
set Last[161] := 9 38;
set Last[162] := 13 42;
set Last[163] := 15 44;
set Last[164] := 17 46;
set Last[165] := 18 47;
set Last[166] := 23 52;
set Last[167] := 24 53;
set Last[168] := 26 55;
set Last[169] := 27 56;
set Last[170] := 29 58;
set Last[171] := 1 30;
set Last[172] := 2 31;
set Last[173] := 3 32;
set Last[174] := 4 33;
set Last[175] := 5 34;
set Last[176] := 6 35;
set Last[177] := 7 36;
set Last[178] := 8 37;
set Last[179] := 9 38;
set Last[180] := 10 39;
set Last[181] := 13 42;
set Last[182] := 14 43;
set Last[183] := 15 44;
set Last[184] := 16 45;
set Last[185] := 17 46;
set Last[186] := 18 47;
set Last[187] := 19 48;
set Last[188] := 20 49;
set Last[189] := 21 50;
set Last[190] := 22 51;
set Last[191] := 23 52;
set Last[192] := 24 53;
set Last[193] := 26 55;
set Last[194] := 27 56;
set Last[195] := 29 58;
set Last[196] := 1 30;
set Last[197] := 2 31;
set Last[198] := 3 32;
set Last[199] := 5 34;
set Last[200] := 6 35;
set Last[201] := 8 37;
set Last[202] := 9 38;
set Last[203] := 10 39;
set Last[204] := 12 41;
set Last[205] := 14 43;
set Last[206] := 15 44;
set Last[207] := 17 46;
set Last[208] := 18 47;
set Last[209] := 19 48;
set Last[210] := 20 49;
set Last[211] := 22 51;
set Last[212] := 23 52;
set Last[213] := 24 53;
set Last[214] := 26 55;
set Last[215] := 27 56;
set Last[216] := 29 58;
set Last[217] := 1 30;
set Last[218] := 5 34;
set Last[219] := 6 35;
set Last[220] := 8 37;
set Last[221] := 9 38;
set Last[222] := 10 39;
set Last[223] := 13 42;
set Last[224] := 17 46;
set Last[225] := 18 47;
set Last[226] := 23 52;
set Last[227] := 24 53;
set Last[228] := 26 55;
set Last[229] := 27 56;
set Last[230] := 29 58;
set Last[231] := 1 30;
set Last[232] := 2 31;
set Last[233] := 3 32;
set Last[234] := 5 34;
set Last[235] := 6 35;
set Last[236] := 8 37;
set Last[237] := 9 38;
set Last[238] := 10 39;
set Last[239] := 12 41;
set Last[240] := 13 42;
set Last[241] := 14 43;
set Last[242] := 17 46;
set Last[243] := 18 47;
set Last[244] := 22 51;
set Last[245] := 23 52;
set Last[246] := 24 53;
set Last[247] := 26 55;
set Last[248] := 27 56;
set Last[249] := 29 58;
set Last[250] := 1 30;
set Last[251] := 2 31;
set Last[252] := 3 32;
set Last[253] := 5 34;
set Last[254] := 6 35;
set Last[255] := 8 37;
set Last[256] := 9 38;
set Last[257] := 10 39;
set Last[258] := 12 41;
set Last[259] := 13 42;
set Last[260] := 14 43;
set Last[261] := 15 44;
set Last[262] := 17 46;
set Last[263] := 18 47;
set Last[264] := 19 48;
set Last[265] := 20 49;
set Last[266] := 22 51;
set Last[267] := 23 52;
set Last[268] := 24 53;
set Last[269] := 26 55;
set Last[270] := 27 56;
set Last[271] := 29 58;
set Last[272] := 1 30;
set Last[273] := 2 31;
set Last[274] := 3 32;
set Last[275] := 4 33;
set Last[276] := 5 34;
set Last[277] := 6 35;
set Last[278] := 7 36;
set Last[279] := 8 37;
set Last[280] := 9 38;
set Last[281] := 10 39;
set Last[282] := 12 41;
set Last[283] := 13 42;
set Last[284] := 14 43;
set Last[285] := 15 44;
set Last[286] := 16 45;
set Last[287] := 18 47;
set Last[288] := 19 48;
set Last[289] := 20 49;
set Last[290] := 21 50;
set Last[291] := 22 51;
set Last[292] := 23 52;
set Last[293] := 24 53;
set Last[294] := 26 55;
set Last[295] := 27 56;
set Last[296] := 29 58;
set Last[297] := 1 30;
set Last[298] := 2 31;
set Last[299] := 3 32;
set Last[300] := 4 33;
set Last[301] := 5 34;
set Last[302] := 6 35;
set Last[303] := 7 36;
set Last[304] := 8 37;
set Last[305] := 9 38;
set Last[306] := 10 39;
set Last[307] := 12 41;
set Last[308] := 13 42;
set Last[309] := 14 43;
set Last[310] := 15 44;
set Last[311] := 17 46;
set Last[312] := 19 48;
set Last[313] := 20 49;
set Last[314] := 22 51;
set Last[315] := 23 52;
set Last[316] := 24 53;
set Last[317] := 26 55;
set Last[318] := 27 56;
set Last[319] := 29 58;
set Last[320] := 1 30;
set Last[321] := 3 32;
set Last[322] := 5 34;
set Last[323] := 6 35;
set Last[324] := 8 37;
set Last[325] := 9 38;
set Last[326] := 10 39;
set Last[327] := 13 42;
set Last[328] := 14 43;
set Last[329] := 15 44;
set Last[330] := 17 46;
set Last[331] := 18 47;
set Last[332] := 23 52;
set Last[333] := 24 53;
set Last[334] := 26 55;
set Last[335] := 27 56;
set Last[336] := 29 58;
set Last[337] := 10 39;
set Last[338] := 1 30;
set Last[339] := 3 32;
set Last[340] := 5 34;
set Last[341] := 6 35;
set Last[342] := 8 37;
set Last[343] := 9 38;
set Last[344] := 10 39;
set Last[345] := 13 42;
set Last[346] := 15 44;
set Last[347] := 17 46;
set Last[348] := 18 47;
set Last[349] := 23 52;
set Last[350] := 24 53;
set Last[351] := 26 55;
set Last[352] := 27 56;
set Last[353] := 29 58;
set Last[354] := 1 30;
set Last[355] := 2 31;
set Last[356] := 3 32;
set Last[357] := 4 33;
set Last[358] := 5 34;
set Last[359] := 6 35;
set Last[360] := 7 36;
set Last[361] := 8 37;
set Last[362] := 9 38;
set Last[363] := 10 39;
set Last[364] := 12 41;
set Last[365] := 13 42;
set Last[366] := 14 43;
set Last[367] := 15 44;
set Last[368] := 17 46;
set Last[369] := 18 47;
set Last[370] := 19 48;
set Last[371] := 20 49;
set Last[372] := 22 51;
set Last[373] := 24 53;
set Last[374] := 26 55;
set Last[375] := 27 56;
set Last[376] := 29 58;
set Last[377] := 1 30;
set Last[378] := 2 31;
set Last[379] := 3 32;
set Last[380] := 4 33;
set Last[381] := 5 34;
set Last[382] := 6 35;
set Last[383] := 7 36;
set Last[384] := 8 37;
set Last[385] := 9 38;
set Last[386] := 10 39;
set Last[387] := 12 41;
set Last[388] := 13 42;
set Last[389] := 14 43;
set Last[390] := 15 44;
set Last[391] := 16 45;
set Last[392] := 17 46;
set Last[393] := 18 47;
set Last[394] := 19 48;
set Last[395] := 20 49;
set Last[396] := 21 50;
set Last[397] := 22 51;
set Last[398] := 23 52;
set Last[399] := 26 55;
set Last[400] := 27 56;
set Last[401] := 29 58;
set Last[402] := 1 30;
set Last[403] := 3 32;
set Last[404] := 5 34;
set Last[405] := 6 35;
set Last[406] := 8 37;
set Last[407] := 9 38;
set Last[408] := 10 39;
set Last[409] := 13 42;
set Last[410] := 15 44;
set Last[411] := 17 46;
set Last[412] := 18 47;
set Last[413] := 23 52;
set Last[414] := 24 53;
set Last[415] := 26 55;
set Last[416] := 27 56;
set Last[417] := 29 58;
set Last[418] := 1 30;
set Last[419] := 2 31;
set Last[420] := 3 32;
set Last[421] := 4 33;
set Last[422] := 5 34;
set Last[423] := 6 35;
set Last[424] := 7 36;
set Last[425] := 8 37;
set Last[426] := 9 38;
set Last[427] := 10 39;
set Last[428] := 12 41;
set Last[429] := 13 42;
set Last[430] := 14 43;
set Last[431] := 15 44;
set Last[432] := 16 45;
set Last[433] := 17 46;
set Last[434] := 18 47;
set Last[435] := 19 48;
set Last[436] := 20 49;
set Last[437] := 21 50;
set Last[438] := 22 51;
set Last[439] := 23 52;
set Last[440] := 24 53;
set Last[441] := 27 56;
set Last[442] := 29 58;
set Last[443] := 1 30;
set Last[444] := 5 34;
set Last[445] := 8 37;
set Last[446] := 10 39;
set Last[447] := 13 42;
set Last[448] := 17 46;
set Last[449] := 18 47;
set Last[450] := 24 53;
set Last[451] := 26 55;
set Last[452] := 29 58;
set Last[453] := 1 30;
set Last[454] := 3 32;
set Last[455] := 5 34;
set Last[456] := 6 35;
set Last[457] := 8 37;
set Last[458] := 9 38;
set Last[459] := 10 39;
set Last[460] := 13 42;
set Last[461] := 15 44;
set Last[462] := 17 46;
set Last[463] := 18 47;
set Last[464] := 23 52;
set Last[465] := 24 53;
set Last[466] := 26 55;
set Last[467] := 27 56;
set Last[468] := 29 58;
set Last[469] := 1 30;
set Last[470] := 2 31;
set Last[471] := 3 32;
set Last[472] := 5 34;
set Last[473] := 6 35;
set Last[474] := 8 37;
set Last[475] := 9 38;
set Last[476] := 10 39;
set Last[477] := 12 41;
set Last[478] := 13 42;
set Last[479] := 14 43;
set Last[480] := 15 44;
set Last[481] := 17 46;
set Last[482] := 18 47;
set Last[483] := 22 51;
set Last[484] := 23 52;
set Last[485] := 24 53;
set Last[486] := 26 55;
set Last[487] := 27 56;

param q := 5;

end;
