data;

set V := 1 2 3 4 5 6 7 8 9 10 11 12 13 14 15 16 17 18 19 20 21 22 23 24 25 26 27 28 29 30 31 33 34 35 36 39 40 41 42 43 44 45 46 47 49 50 51 52 53 54 56 58;

set A := 1 2
         1 4
         1 30
         2 1
         2 7
         2 31
         3 24
         3 27
         4 1
         4 24
         4 33
         5 6
         5 22
         5 34
         6 5
         6 9
         6 10
         6 35
         7 2
         7 8
         7 36
         8 7
         8 10
         9 6
         9 15
         10 6
         10 8
         10 14
         10 39
         11 40
         12 13
         12 15
         12 18
         12 41
         13 12
         13 14
         13 19
         13 42
         14 10
         14 13
         14 43
         15 9
         15 12
         15 44
         16 11
         16 17
         16 45
         17 16
         17 18
         17 19
         17 46
         18 12
         18 17
         18 47
         19 13
         19 17
         20 29
         20 49
         21 27
         21 29
         21 50
         22 5
         22 23
         22 51
         23 22
         23 24
         23 52
         24 3
         24 4
         24 23
         24 25
         24 53
         25 24
         25 26
         25 54
         26 25
         26 27
         26 28
         27 3
         27 21
         27 26
         27 56
         28 26
         28 29
         29 20
         29 21
         29 28
         29 58
         ;

set S := 1 2 3 4 5 6 7 8 9 10 11 12 13 14 15 16 17 18 19 20 21 22 23 24 25 26 27 28 29 30 31 32 33 34 35 36 37 38 39 40 41 42 43 44 45 46 47 48 49 50 51 52 53 54 55 56 57 58 59 60 61 62 63 64 65 66 67 68 69 70 71 72 73 74 75 76 77 78 79 80 81 82 83 84 85 86 87 88 89 90 91 92 93 94 95 96 97 98 99 100 101 102 103 104 105 106 107 108 109 110 111 112 113 114 115 116 117 118 119 120 121 122 123 124 125 126 127 128 129 130 131 132 133 134 135 136 137 138 139 140 141 142 143 144 145 146 147 148 149 150 151 152 153 154 155 156 157 158 159 160 161 162 163 164 165 166 167 168 169 170 171 172 173 174 175 176 177 178 179 180 181 182 183 184 185 186 187 188 189 190 191 192 193 194 195 196 197 198 199 200 201 202 203 204 205 206 207 208 209 210 211 212 213 214 215 216 217 218 219 220 221 222 223 224 225 226 227 228 229 230 231 232 233 234 235 236 237 238 239 240 241 242 243 244 245 246 247 248 249 250 251 252 253 254 255 256 257 258 259 260 261 262 263 264 265 266 267 268 269 270 271 272 273 274 275 276 277 278 279 280 281 282 283 284 285 286 287 288 289 290 291 292 293 294 295 296 297 298 299 300 301 302 303 304 305 306 307 308 309 310 311 312 313 314 315 316 317 318 319 320 321 322 323 324 325;

set F[1] := 1 4
            4 33
            ;
set F[2] := 1 4
            4 24
            24 23
            23 22
            22 5
            5 34
            ;
set F[3] := 1 2
            2 7
            7 8
            8 10
            10 6
            6 35
            ;
set F[4] := 1 2
            2 7
            7 8
            8 10
            10 39
            ;
set F[5] := 1 2
            2 7
            7 8
            8 10
            10 14
            14 13
            13 42
            ;
set F[6] := 1 2
            2 7
            7 8
            8 10
            10 14
            14 43
            ;
set F[7] := 1 2
            2 7
            7 8
            8 10
            10 14
            14 13
            13 19
            19 17
            17 16
            16 45
            ;
set F[8] := 1 2
            2 7
            7 8
            8 10
            10 14
            14 13
            13 19
            19 17
            17 46
            ;
set F[9] := 1 4
            4 24
            24 3
            3 27
            27 21
            21 50
            ;
set F[10] := 1 4
             4 24
             24 23
             23 22
             22 51
             ;
set F[11] := 1 4
             4 24
             24 23
             23 52
             ;
set F[12] := 1 4
             4 24
             24 25
             25 54
             ;
set F[13] := 1 4
             4 24
             24 3
             3 27
             27 56
             ;
set F[14] := 1 4
             4 24
             24 3
             3 27
             27 21
             21 29
             29 58
             ;
set F[15] := 2 1
             1 4
             4 33
             ;
set F[16] := 2 7
             7 8
             8 10
             10 6
             6 35
             ;
set F[17] := 2 7
             7 8
             8 10
             10 39
             ;
set F[18] := 2 7
             7 8
             8 10
             10 14
             14 13
             13 42
             ;
set F[19] := 2 7
             7 8
             8 10
             10 14
             14 43
             ;
set F[20] := 2 7
             7 8
             8 10
             10 14
             14 13
             13 19
             19 17
             17 46
             ;
set F[21] := 2 1
             1 4
             4 24
             24 3
             3 27
             27 21
             21 50
             ;
set F[22] := 2 1
             1 4
             4 24
             24 23
             23 52
             ;
set F[23] := 2 1
             1 4
             4 24
             24 25
             25 54
             ;
set F[24] := 2 1
             1 4
             4 24
             24 3
             3 27
             27 56
             ;
set F[25] := 2 1
             1 4
             4 24
             24 3
             3 27
             27 21
             21 29
             29 58
             ;
set F[26] := 3 24
             24 4
             4 1
             1 30
             ;
set F[27] := 3 24
             24 4
             4 1
             1 2
             2 31
             ;
set F[28] := 3 24
             24 4
             4 33
             ;
set F[29] := 3 24
             24 23
             23 22
             22 5
             5 34
             ;
set F[30] := 3 24
             24 23
             23 22
             22 5
             5 6
             6 35
             ;
set F[31] := 3 24
             24 4
             4 1
             1 2
             2 7
             7 36
             ;
set F[32] := 3 24
             24 23
             23 22
             22 5
             5 6
             6 10
             10 39
             ;
set F[33] := 3 24
             24 23
             23 22
             22 5
             5 6
             6 9
             9 15
             15 12
             12 41
             ;
set F[34] := 3 24
             24 23
             23 22
             22 5
             5 6
             6 10
             10 14
             14 13
             13 42
             ;
set F[35] := 3 24
             24 23
             23 22
             22 5
             5 6
             6 10
             10 14
             14 43
             ;
set F[36] := 3 24
             24 23
             23 22
             22 5
             5 6
             6 9
             9 15
             15 12
             12 18
             18 17
             17 16
             16 45
             ;
set F[37] := 3 24
             24 23
             23 22
             22 5
             5 6
             6 9
             9 15
             15 12
             12 18
             18 17
             17 46
             ;
set F[38] := 3 27
             27 21
             21 29
             29 20
             20 49
             ;
set F[39] := 3 27
             27 21
             21 50
             ;
set F[40] := 3 24
             24 23
             23 22
             22 51
             ;
set F[41] := 3 24
             24 23
             23 52
             ;
set F[42] := 3 24
             24 53
             ;
set F[43] := 3 24
             24 25
             25 54
             ;
set F[44] := 3 27
             27 56
             ;
set F[45] := 3 27
             27 21
             21 29
             29 58
             ;
set F[46] := 4 24
             24 23
             23 22
             22 5
             5 6
             6 35
             ;
set F[47] := 4 1
             1 2
             2 7
             7 8
             8 10
             10 39
             ;
set F[48] := 4 1
             1 2
             2 7
             7 8
             8 10
             10 14
             14 13
             13 19
             19 17
             17 46
             ;
set F[49] := 6 10
             10 8
             8 7
             7 2
             2 1
             1 30
             ;
set F[50] := 6 10
             10 8
             8 7
             7 2
             2 31
             ;
set F[51] := 6 5
             5 22
             22 23
             23 24
             24 4
             4 33
             ;
set F[52] := 6 5
             5 34
             ;
set F[53] := 6 10
             10 8
             8 7
             7 36
             ;
set F[54] := 6 10
             10 39
             ;
set F[55] := 6 9
             9 15
             15 12
             12 18
             18 17
             17 16
             16 11
             11 40
             ;
set F[56] := 6 9
             9 15
             15 12
             12 41
             ;
set F[57] := 6 10
             10 14
             14 13
             13 42
             ;
set F[58] := 6 10
             10 14
             14 43
             ;
set F[59] := 6 9
             9 15
             15 44
             ;
set F[60] := 6 9
             9 15
             15 12
             12 18
             18 17
             17 16
             16 45
             ;
set F[61] := 6 9
             9 15
             15 12
             12 18
             18 17
             17 46
             ;
set F[62] := 6 9
             9 15
             15 12
             12 18
             18 47
             ;
set F[63] := 6 5
             5 22
             22 23
             23 24
             24 3
             3 27
             27 21
             21 29
             29 20
             20 49
             ;
set F[64] := 6 5
             5 22
             22 23
             23 24
             24 3
             3 27
             27 21
             21 50
             ;
set F[65] := 6 5
             5 22
             22 51
             ;
set F[66] := 6 5
             5 22
             22 23
             23 52
             ;
set F[67] := 6 5
             5 22
             22 23
             23 24
             24 53
             ;
set F[68] := 6 5
             5 22
             22 23
             23 24
             24 25
             25 54
             ;
set F[69] := 6 5
             5 22
             22 23
             23 24
             24 3
             3 27
             27 56
             ;
set F[70] := 6 5
             5 22
             22 23
             23 24
             24 3
             3 27
             27 21
             21 29
             29 58
             ;
set F[71] := 7 2
             2 1
             1 30
             ;
set F[72] := 7 2
             2 1
             1 4
             4 33
             ;
set F[73] := 7 8
             8 10
             10 6
             6 5
             5 34
             ;
set F[74] := 7 8
             8 10
             10 6
             6 35
             ;
set F[75] := 7 8
             8 10
             10 39
             ;
set F[76] := 7 8
             8 10
             10 14
             14 13
             13 12
             12 41
             ;
set F[77] := 7 8
             8 10
             10 14
             14 13
             13 42
             ;
set F[78] := 7 8
             8 10
             10 14
             14 43
             ;
set F[79] := 7 8
             8 10
             10 14
             14 13
             13 19
             19 17
             17 16
             16 45
             ;
set F[80] := 7 8
             8 10
             10 14
             14 13
             13 19
             19 17
             17 46
             ;
set F[81] := 7 2
             2 1
             1 4
             4 24
             24 3
             3 27
             27 21
             21 50
             ;
set F[82] := 7 8
             8 10
             10 6
             6 5
             5 22
             22 51
             ;
set F[83] := 7 2
             2 1
             1 4
             4 24
             24 23
             23 52
             ;
set F[84] := 7 2
             2 1
             1 4
             4 24
             24 25
             25 54
             ;
set F[85] := 7 2
             2 1
             1 4
             4 24
             24 3
             3 27
             27 56
             ;
set F[86] := 7 2
             2 1
             1 4
             4 24
             24 3
             3 27
             27 21
             21 29
             29 58
             ;
set F[87] := 9 6
             6 5
             5 22
             22 23
             23 24
             24 4
             4 33
             ;
set F[88] := 9 6
             6 35
             ;
set F[89] := 9 6
             6 10
             10 39
             ;
set F[90] := 9 15
             15 12
             12 13
             13 42
             ;
set F[91] := 9 6
             6 10
             10 14
             14 43
             ;
set F[92] := 9 15
             15 12
             12 18
             18 17
             17 16
             16 45
             ;
set F[93] := 9 15
             15 12
             12 18
             18 17
             17 46
             ;
set F[94] := 9 6
             6 5
             5 22
             22 23
             23 24
             24 3
             3 27
             27 21
             21 50
             ;
set F[95] := 9 6
             6 5
             5 22
             22 51
             ;
set F[96] := 9 6
             6 5
             5 22
             22 23
             23 52
             ;
set F[97] := 9 6
             6 5
             5 22
             22 23
             23 24
             24 25
             25 54
             ;
set F[98] := 9 6
             6 5
             5 22
             22 23
             23 24
             24 3
             3 27
             27 56
             ;
set F[99] := 9 6
             6 5
             5 22
             22 23
             23 24
             24 3
             3 27
             27 21
             21 29
             29 58
             ;
set F[100] := 10 8
              8 7
              7 2
              2 1
              1 4
              4 33
              ;
set F[101] := 10 6
              6 5
              5 34
              ;
set F[102] := 10 6
              6 35
              ;
set F[103] := 10 14
              14 13
              13 42
              ;
set F[104] := 10 14
              14 43
              ;
set F[105] := 10 14
              14 13
              13 19
              19 17
              17 16
              16 45
              ;
set F[106] := 10 14
              14 13
              13 19
              19 17
              17 46
              ;
set F[107] := 10 6
              6 5
              5 22
              22 23
              23 24
              24 3
              3 27
              27 21
              21 50
              ;
set F[108] := 10 6
              6 5
              5 22
              22 51
              ;
set F[109] := 10 6
              6 5
              5 22
              22 23
              23 52
              ;
set F[110] := 10 6
              6 5
              5 22
              22 23
              23 24
              24 25
              25 54
              ;
set F[111] := 10 6
              6 5
              5 22
              22 23
              23 24
              24 3
              3 27
              27 56
              ;
set F[112] := 10 6
              6 5
              5 22
              22 23
              23 24
              24 3
              3 27
              27 21
              21 29
              29 58
              ;
set F[113] := 12 13
              13 14
              14 10
              10 8
              8 7
              7 2
              2 1
              1 30
              ;
set F[114] := 12 13
              13 14
              14 10
              10 8
              8 7
              7 2
              2 31
              ;
set F[115] := 12 13
              13 14
              14 10
              10 8
              8 7
              7 2
              2 1
              1 4
              4 33
              ;
set F[116] := 12 15
              15 9
              9 6
              6 5
              5 34
              ;
set F[117] := 12 15
              15 9
              9 6
              6 35
              ;
set F[118] := 12 13
              13 14
              14 10
              10 8
              8 7
              7 36
              ;
set F[119] := 12 13
              13 14
              14 10
              10 39
              ;
set F[120] := 12 13
              13 42
              ;
set F[121] := 12 13
              13 14
              14 43
              ;
set F[122] := 12 18
              18 17
              17 16
              16 45
              ;
set F[123] := 12 18
              18 17
              17 46
              ;
set F[124] := 12 15
              15 9
              9 6
              6 5
              5 22
              22 23
              23 24
              24 3
              3 27
              27 21
              21 29
              29 20
              20 49
              ;
set F[125] := 12 15
              15 9
              9 6
              6 5
              5 22
              22 23
              23 24
              24 3
              3 27
              27 21
              21 50
              ;
set F[126] := 12 15
              15 9
              9 6
              6 5
              5 22
              22 51
              ;
set F[127] := 12 15
              15 9
              9 6
              6 5
              5 22
              22 23
              23 52
              ;
set F[128] := 12 15
              15 9
              9 6
              6 5
              5 22
              22 23
              23 24
              24 53
              ;
set F[129] := 12 15
              15 9
              9 6
              6 5
              5 22
              22 23
              23 24
              24 25
              25 54
              ;
set F[130] := 12 15
              15 9
              9 6
              6 5
              5 22
              22 23
              23 24
              24 3
              3 27
              27 56
              ;
set F[131] := 12 15
              15 9
              9 6
              6 5
              5 22
              22 23
              23 24
              24 3
              3 27
              27 21
              21 29
              29 58
              ;
set F[132] := 13 14
              14 10
              10 8
              8 7
              7 2
              2 1
              1 30
              ;
set F[133] := 13 14
              14 10
              10 8
              8 7
              7 2
              2 31
              ;
set F[134] := 13 14
              14 10
              10 8
              8 7
              7 2
              2 1
              1 4
              4 33
              ;
set F[135] := 13 14
              14 10
              10 6
              6 5
              5 34
              ;
set F[136] := 13 14
              14 10
              10 6
              6 35
              ;
set F[137] := 13 14
              14 10
              10 8
              8 7
              7 36
              ;
set F[138] := 13 14
              14 10
              10 39
              ;
set F[139] := 13 12
              12 41
              ;
set F[140] := 13 14
              14 43
              ;
set F[141] := 13 19
              19 17
              17 16
              16 45
              ;
set F[142] := 13 19
              19 17
              17 46
              ;
set F[143] := 13 14
              14 10
              10 6
              6 5
              5 22
              22 23
              23 24
              24 3
              3 27
              27 21
              21 29
              29 20
              20 49
              ;
set F[144] := 13 14
              14 10
              10 6
              6 5
              5 22
              22 23
              23 24
              24 3
              3 27
              27 21
              21 50
              ;
set F[145] := 13 14
              14 10
              10 6
              6 5
              5 22
              22 51
              ;
set F[146] := 13 14
              14 10
              10 6
              6 5
              5 22
              22 23
              23 52
              ;
set F[147] := 13 14
              14 10
              10 6
              6 5
              5 22
              22 23
              23 24
              24 25
              25 54
              ;
set F[148] := 13 14
              14 10
              10 6
              6 5
              5 22
              22 23
              23 24
              24 3
              3 27
              27 56
              ;
set F[149] := 13 14
              14 10
              10 6
              6 5
              5 22
              22 23
              23 24
              24 3
              3 27
              27 21
              21 29
              29 58
              ;
set F[150] := 14 10
              10 8
              8 7
              7 2
              2 1
              1 4
              4 33
              ;
set F[151] := 14 10
              10 6
              6 5
              5 34
              ;
set F[152] := 14 10
              10 6
              6 35
              ;
set F[153] := 14 10
              10 39
              ;
set F[154] := 14 13
              13 42
              ;
set F[155] := 14 13
              13 19
              19 17
              17 16
              16 45
              ;
set F[156] := 14 13
              13 19
              19 17
              17 46
              ;
set F[157] := 14 10
              10 6
              6 5
              5 22
              22 23
              23 24
              24 3
              3 27
              27 21
              21 50
              ;
set F[158] := 14 10
              10 6
              6 5
              5 22
              22 51
              ;
set F[159] := 14 10
              10 6
              6 5
              5 22
              22 23
              23 52
              ;
set F[160] := 14 10
              10 6
              6 5
              5 22
              22 23
              23 24
              24 25
              25 54
              ;
set F[161] := 14 10
              10 6
              6 5
              5 22
              22 23
              23 24
              24 3
              3 27
              27 56
              ;
set F[162] := 14 10
              10 6
              6 5
              5 22
              22 23
              23 24
              24 3
              3 27
              27 21
              21 29
              29 58
              ;
set F[163] := 16 17
              17 19
              19 13
              13 14
              14 10
              10 8
              8 7
              7 2
              2 1
              1 4
              4 33
              ;
set F[164] := 16 17
              17 18
              18 12
              12 15
              15 9
              9 6
              6 5
              5 34
              ;
set F[165] := 16 17
              17 18
              18 12
              12 15
              15 9
              9 6
              6 35
              ;
set F[166] := 16 17
              17 19
              19 13
              13 14
              14 10
              10 39
              ;
set F[167] := 16 17
              17 19
              19 13
              13 42
              ;
set F[168] := 16 17
              17 19
              19 13
              13 14
              14 43
              ;
set F[169] := 16 17
              17 46
              ;
set F[170] := 16 17
              17 18
              18 12
              12 15
              15 9
              9 6
              6 5
              5 22
              22 23
              23 24
              24 3
              3 27
              27 21
              21 50
              ;
set F[171] := 16 17
              17 18
              18 12
              12 15
              15 9
              9 6
              6 5
              5 22
              22 51
              ;
set F[172] := 16 17
              17 18
              18 12
              12 15
              15 9
              9 6
              6 5
              5 22
              22 23
              23 52
              ;
set F[173] := 16 17
              17 18
              18 12
              12 15
              15 9
              9 6
              6 5
              5 22
              22 23
              23 24
              24 25
              25 54
              ;
set F[174] := 16 17
              17 18
              18 12
              12 15
              15 9
              9 6
              6 5
              5 22
              22 23
              23 24
              24 3
              3 27
              27 56
              ;
set F[175] := 16 17
              17 18
              18 12
              12 15
              15 9
              9 6
              6 5
              5 22
              22 23
              23 24
              24 3
              3 27
              27 21
              21 29
              29 58
              ;
set F[176] := 17 19
              19 13
              13 14
              14 10
              10 8
              8 7
              7 2
              2 1
              1 30
              ;
set F[177] := 17 19
              19 13
              13 14
              14 10
              10 8
              8 7
              7 2
              2 31
              ;
set F[178] := 17 19
              19 13
              13 14
              14 10
              10 8
              8 7
              7 2
              2 1
              1 4
              4 33
              ;
set F[179] := 17 18
              18 12
              12 15
              15 9
              9 6
              6 5
              5 34
              ;
set F[180] := 17 18
              18 12
              12 15
              15 9
              9 6
              6 35
              ;
set F[181] := 17 19
              19 13
              13 14
              14 10
              10 8
              8 7
              7 36
              ;
set F[182] := 17 19
              19 13
              13 14
              14 10
              10 39
              ;
set F[183] := 17 16
              16 11
              11 40
              ;
set F[184] := 17 18
              18 12
              12 41
              ;
set F[185] := 17 19
              19 13
              13 42
              ;
set F[186] := 17 19
              19 13
              13 14
              14 43
              ;
set F[187] := 17 18
              18 12
              12 15
              15 44
              ;
set F[188] := 17 16
              16 45
              ;
set F[189] := 17 18
              18 47
              ;
set F[190] := 17 18
              18 12
              12 15
              15 9
              9 6
              6 5
              5 22
              22 23
              23 24
              24 3
              3 27
              27 21
              21 29
              29 20
              20 49
              ;
set F[191] := 17 18
              18 12
              12 15
              15 9
              9 6
              6 5
              5 22
              22 23
              23 24
              24 3
              3 27
              27 21
              21 50
              ;
set F[192] := 17 18
              18 12
              12 15
              15 9
              9 6
              6 5
              5 22
              22 51
              ;
set F[193] := 17 18
              18 12
              12 15
              15 9
              9 6
              6 5
              5 22
              22 23
              23 52
              ;
set F[194] := 17 18
              18 12
              12 15
              15 9
              9 6
              6 5
              5 22
              22 23
              23 24
              24 53
              ;
set F[195] := 17 18
              18 12
              12 15
              15 9
              9 6
              6 5
              5 22
              22 23
              23 24
              24 25
              25 54
              ;
set F[196] := 17 18
              18 12
              12 15
              15 9
              9 6
              6 5
              5 22
              22 23
              23 24
              24 3
              3 27
              27 56
              ;
set F[197] := 17 18
              18 12
              12 15
              15 9
              9 6
              6 5
              5 22
              22 23
              23 24
              24 3
              3 27
              27 21
              21 29
              29 58
              ;
set F[198] := 18 12
              12 13
              13 14
              14 10
              10 8
              8 7
              7 2
              2 1
              1 4
              4 33
              ;
set F[199] := 18 12
              12 15
              15 9
              9 6
              6 35
              ;
set F[200] := 18 12
              12 13
              13 14
              14 10
              10 39
              ;
set F[201] := 18 12
              12 13
              13 42
              ;
set F[202] := 18 12
              12 13
              13 14
              14 43
              ;
set F[203] := 18 17
              17 46
              ;
set F[204] := 18 12
              12 15
              15 9
              9 6
              6 5
              5 22
              22 23
              23 24
              24 3
              3 27
              27 21
              21 50
              ;
set F[205] := 18 12
              12 15
              15 9
              9 6
              6 5
              5 22
              22 23
              23 52
              ;
set F[206] := 18 12
              12 15
              15 9
              9 6
              6 5
              5 22
              22 23
              23 24
              24 25
              25 54
              ;
set F[207] := 18 12
              12 15
              15 9
              9 6
              6 5
              5 22
              22 23
              23 24
              24 3
              3 27
              27 21
              21 29
              29 58
              ;
set F[208] := 20 29
              29 21
              21 27
              27 3
              3 24
              24 23
              23 22
              22 5
              5 6
              6 35
              ;
set F[209] := 20 29
              29 21
              21 27
              27 3
              3 24
              24 23
              23 22
              22 5
              5 6
              6 10
              10 39
              ;
set F[210] := 20 29
              29 21
              21 27
              27 3
              3 24
              24 23
              23 22
              22 5
              5 6
              6 10
              10 14
              14 13
              13 42
              ;
set F[211] := 20 29
              29 21
              21 27
              27 3
              3 24
              24 23
              23 22
              22 5
              5 6
              6 9
              9 15
              15 12
              12 18
              18 17
              17 46
              ;
set F[212] := 20 29
              29 21
              21 50
              ;
set F[213] := 20 29
              29 21
              21 27
              27 3
              3 24
              24 23
              23 52
              ;
set F[214] := 21 27
              27 3
              3 24
              24 23
              23 22
              22 5
              5 6
              6 35
              ;
set F[215] := 21 27
              27 3
              3 24
              24 23
              23 22
              22 5
              5 6
              6 10
              10 39
              ;
set F[216] := 21 27
              27 3
              3 24
              24 23
              23 22
              22 5
              5 6
              6 10
              10 14
              14 13
              13 42
              ;
set F[217] := 21 27
              27 3
              3 24
              24 23
              23 22
              22 5
              5 6
              6 9
              9 15
              15 12
              12 18
              18 17
              17 46
              ;
set F[218] := 21 27
              27 3
              3 24
              24 23
              23 52
              ;
set F[219] := 21 27
              27 26
              26 25
              25 54
              ;
set F[220] := 21 29
              29 58
              ;
set F[221] := 22 23
              23 24
              24 4
              4 33
              ;
set F[222] := 22 5
              5 34
              ;
set F[223] := 22 5
              5 6
              6 35
              ;
set F[224] := 22 5
              5 6
              6 10
              10 39
              ;
set F[225] := 22 5
              5 6
              6 10
              10 14
              14 13
              13 42
              ;
set F[226] := 22 5
              5 6
              6 10
              10 14
              14 43
              ;
set F[227] := 22 5
              5 6
              6 9
              9 15
              15 12
              12 18
              18 17
              17 16
              16 45
              ;
set F[228] := 22 5
              5 6
              6 9
              9 15
              15 12
              12 18
              18 17
              17 46
              ;
set F[229] := 22 23
              23 24
              24 3
              3 27
              27 21
              21 50
              ;
set F[230] := 22 23
              23 52
              ;
set F[231] := 22 23
              23 24
              24 25
              25 54
              ;
set F[232] := 22 23
              23 24
              24 3
              3 27
              27 56
              ;
set F[233] := 22 23
              23 24
              24 3
              3 27
              27 21
              21 29
              29 58
              ;
set F[234] := 24 4
              4 1
              1 30
              ;
set F[235] := 24 4
              4 1
              1 2
              2 31
              ;
set F[236] := 24 4
              4 33
              ;
set F[237] := 24 23
              23 22
              22 5
              5 34
              ;
set F[238] := 24 23
              23 22
              22 5
              5 6
              6 35
              ;
set F[239] := 24 4
              4 1
              1 2
              2 7
              7 36
              ;
set F[240] := 24 23
              23 22
              22 5
              5 6
              6 10
              10 39
              ;
set F[241] := 24 23
              23 22
              22 5
              5 6
              6 9
              9 15
              15 12
              12 18
              18 17
              17 16
              16 11
              11 40
              ;
set F[242] := 24 23
              23 22
              22 5
              5 6
              6 9
              9 15
              15 12
              12 41
              ;
set F[243] := 24 23
              23 22
              22 5
              5 6
              6 10
              10 14
              14 13
              13 42
              ;
set F[244] := 24 23
              23 22
              22 5
              5 6
              6 10
              10 14
              14 43
              ;
set F[245] := 24 23
              23 22
              22 5
              5 6
              6 9
              9 15
              15 44
              ;
set F[246] := 24 23
              23 22
              22 5
              5 6
              6 9
              9 15
              15 12
              12 18
              18 17
              17 16
              16 45
              ;
set F[247] := 24 23
              23 22
              22 5
              5 6
              6 9
              9 15
              15 12
              12 18
              18 17
              17 46
              ;
set F[248] := 24 23
              23 22
              22 5
              5 6
              6 9
              9 15
              15 12
              12 18
              18 47
              ;
set F[249] := 24 3
              3 27
              27 21
              21 29
              29 20
              20 49
              ;
set F[250] := 24 3
              3 27
              27 21
              21 50
              ;
set F[251] := 24 23
              23 22
              22 51
              ;
set F[252] := 24 23
              23 52
              ;
set F[253] := 24 25
              25 54
              ;
set F[254] := 24 3
              3 27
              27 56
              ;
set F[255] := 24 3
              3 27
              27 21
              21 29
              29 58
              ;
set F[256] := 25 24
              24 4
              4 33
              ;
set F[257] := 25 24
              24 23
              23 22
              22 5
              5 34
              ;
set F[258] := 25 24
              24 23
              23 22
              22 5
              5 6
              6 35
              ;
set F[259] := 25 24
              24 4
              4 1
              1 2
              2 7
              7 36
              ;
set F[260] := 25 24
              24 23
              23 22
              22 5
              5 6
              6 10
              10 39
              ;
set F[261] := 25 24
              24 23
              23 22
              22 5
              5 6
              6 9
              9 15
              15 12
              12 41
              ;
set F[262] := 25 24
              24 23
              23 22
              22 5
              5 6
              6 10
              10 14
              14 13
              13 42
              ;
set F[263] := 25 24
              24 23
              23 22
              22 5
              5 6
              6 10
              10 14
              14 43
              ;
set F[264] := 25 24
              24 23
              23 22
              22 5
              5 6
              6 9
              9 15
              15 12
              12 18
              18 17
              17 16
              16 45
              ;
set F[265] := 25 24
              24 23
              23 22
              22 5
              5 6
              6 9
              9 15
              15 12
              12 18
              18 17
              17 46
              ;
set F[266] := 25 26
              26 27
              27 21
              21 50
              ;
set F[267] := 25 24
              24 23
              23 22
              22 51
              ;
set F[268] := 25 24
              24 23
              23 52
              ;
set F[269] := 25 26
              26 27
              27 56
              ;
set F[270] := 25 26
              26 28
              28 29
              29 58
              ;
set F[271] := 26 25
              25 24
              24 4
              4 33
              ;
set F[272] := 26 25
              25 24
              24 23
              23 22
              22 5
              5 6
              6 35
              ;
set F[273] := 26 25
              25 24
              24 23
              23 22
              22 5
              5 6
              6 10
              10 39
              ;
set F[274] := 26 25
              25 24
              24 23
              23 22
              22 5
              5 6
              6 10
              10 14
              14 13
              13 42
              ;
set F[275] := 26 25
              25 24
              24 23
              23 22
              22 5
              5 6
              6 10
              10 14
              14 43
              ;
set F[276] := 26 25
              25 24
              24 23
              23 22
              22 5
              5 6
              6 9
              9 15
              15 12
              12 18
              18 17
              17 46
              ;
set F[277] := 26 27
              27 21
              21 50
              ;
set F[278] := 26 25
              25 24
              24 23
              23 52
              ;
set F[279] := 26 25
              25 54
              ;
set F[280] := 26 27
              27 56
              ;
set F[281] := 26 28
              28 29
              29 58
              ;
set F[282] := 27 3
              3 24
              24 4
              4 1
              1 30
              ;
set F[283] := 27 3
              3 24
              24 4
              4 1
              1 2
              2 31
              ;
set F[284] := 27 3
              3 24
              24 4
              4 33
              ;
set F[285] := 27 3
              3 24
              24 23
              23 22
              22 5
              5 34
              ;
set F[286] := 27 3
              3 24
              24 23
              23 22
              22 5
              5 6
              6 35
              ;
set F[287] := 27 3
              3 24
              24 4
              4 1
              1 2
              2 7
              7 36
              ;
set F[288] := 27 3
              3 24
              24 23
              23 22
              22 5
              5 6
              6 10
              10 39
              ;
set F[289] := 27 3
              3 24
              24 23
              23 22
              22 5
              5 6
              6 9
              9 15
              15 12
              12 18
              18 17
              17 16
              16 11
              11 40
              ;
set F[290] := 27 3
              3 24
              24 23
              23 22
              22 5
              5 6
              6 9
              9 15
              15 12
              12 41
              ;
set F[291] := 27 3
              3 24
              24 23
              23 22
              22 5
              5 6
              6 10
              10 14
              14 13
              13 42
              ;
set F[292] := 27 3
              3 24
              24 23
              23 22
              22 5
              5 6
              6 10
              10 14
              14 43
              ;
set F[293] := 27 3
              3 24
              24 23
              23 22
              22 5
              5 6
              6 9
              9 15
              15 44
              ;
set F[294] := 27 3
              3 24
              24 23
              23 22
              22 5
              5 6
              6 9
              9 15
              15 12
              12 18
              18 17
              17 16
              16 45
              ;
set F[295] := 27 3
              3 24
              24 23
              23 22
              22 5
              5 6
              6 9
              9 15
              15 12
              12 18
              18 17
              17 46
              ;
set F[296] := 27 3
              3 24
              24 23
              23 22
              22 5
              5 6
              6 9
              9 15
              15 12
              12 18
              18 47
              ;
set F[297] := 27 21
              21 29
              29 20
              20 49
              ;
set F[298] := 27 21
              21 50
              ;
set F[299] := 27 3
              3 24
              24 23
              23 22
              22 51
              ;
set F[300] := 27 3
              3 24
              24 23
              23 52
              ;
set F[301] := 27 3
              3 24
              24 53
              ;
set F[302] := 27 26
              26 25
              25 54
              ;
set F[303] := 27 21
              21 29
              29 58
              ;
set F[304] := 29 21
              21 27
              27 3
              3 24
              24 4
              4 1
              1 30
              ;
set F[305] := 29 21
              21 27
              27 3
              3 24
              24 4
              4 1
              1 2
              2 31
              ;
set F[306] := 29 21
              21 27
              27 3
              3 24
              24 4
              4 33
              ;
set F[307] := 29 21
              21 27
              27 3
              3 24
              24 23
              23 22
              22 5
              5 34
              ;
set F[308] := 29 21
              21 27
              27 3
              3 24
              24 23
              23 22
              22 5
              5 6
              6 35
              ;
set F[309] := 29 21
              21 27
              27 3
              3 24
              24 4
              4 1
              1 2
              2 7
              7 36
              ;
set F[310] := 29 21
              21 27
              27 3
              3 24
              24 23
              23 22
              22 5
              5 6
              6 10
              10 39
              ;
set F[311] := 29 21
              21 27
              27 3
              3 24
              24 23
              23 22
              22 5
              5 6
              6 9
              9 15
              15 12
              12 18
              18 17
              17 16
              16 11
              11 40
              ;
set F[312] := 29 21
              21 27
              27 3
              3 24
              24 23
              23 22
              22 5
              5 6
              6 9
              9 15
              15 12
              12 41
              ;
set F[313] := 29 21
              21 27
              27 3
              3 24
              24 23
              23 22
              22 5
              5 6
              6 10
              10 14
              14 13
              13 42
              ;
set F[314] := 29 21
              21 27
              27 3
              3 24
              24 23
              23 22
              22 5
              5 6
              6 10
              10 14
              14 43
              ;
set F[315] := 29 21
              21 27
              27 3
              3 24
              24 23
              23 22
              22 5
              5 6
              6 9
              9 15
              15 44
              ;
set F[316] := 29 21
              21 27
              27 3
              3 24
              24 23
              23 22
              22 5
              5 6
              6 9
              9 15
              15 12
              12 18
              18 17
              17 16
              16 45
              ;
set F[317] := 29 21
              21 27
              27 3
              3 24
              24 23
              23 22
              22 5
              5 6
              6 9
              9 15
              15 12
              12 18
              18 17
              17 46
              ;
set F[318] := 29 21
              21 27
              27 3
              3 24
              24 23
              23 22
              22 5
              5 6
              6 9
              9 15
              15 12
              12 18
              18 47
              ;
set F[319] := 29 20
              20 49
              ;
set F[320] := 29 21
              21 50
              ;
set F[321] := 29 21
              21 27
              27 3
              3 24
              24 23
              23 22
              22 51
              ;
set F[322] := 29 21
              21 27
              27 3
              3 24
              24 23
              23 52
              ;
set F[323] := 29 21
              21 27
              27 3
              3 24
              24 53
              ;
set F[324] := 29 28
              28 26
              26 25
              25 54
              ;
set F[325] := 29 21
              21 27
              27 56
              ;
set Last[1] := 4 33;
set Last[2] := 5 34;
set Last[3] := 6 35;
set Last[4] := 10 39;
set Last[5] := 13 42;
set Last[6] := 14 43;
set Last[7] := 16 45;
set Last[8] := 17 46;
set Last[9] := 21 50;
set Last[10] := 22 51;
set Last[11] := 23 52;
set Last[12] := 25 54;
set Last[13] := 27 56;
set Last[14] := 29 58;
set Last[15] := 4 33;
set Last[16] := 6 35;
set Last[17] := 10 39;
set Last[18] := 13 42;
set Last[19] := 14 43;
set Last[20] := 17 46;
set Last[21] := 21 50;
set Last[22] := 23 52;
set Last[23] := 25 54;
set Last[24] := 27 56;
set Last[25] := 29 58;
set Last[26] := 1 30;
set Last[27] := 2 31;
set Last[28] := 4 33;
set Last[29] := 5 34;
set Last[30] := 6 35;
set Last[31] := 7 36;
set Last[32] := 10 39;
set Last[33] := 12 41;
set Last[34] := 13 42;
set Last[35] := 14 43;
set Last[36] := 16 45;
set Last[37] := 17 46;
set Last[38] := 20 49;
set Last[39] := 21 50;
set Last[40] := 22 51;
set Last[41] := 23 52;
set Last[42] := 24 53;
set Last[43] := 25 54;
set Last[44] := 27 56;
set Last[45] := 29 58;
set Last[46] := 6 35;
set Last[47] := 10 39;
set Last[48] := 17 46;
set Last[49] := 1 30;
set Last[50] := 2 31;
set Last[51] := 4 33;
set Last[52] := 5 34;
set Last[53] := 7 36;
set Last[54] := 10 39;
set Last[55] := 11 40;
set Last[56] := 12 41;
set Last[57] := 13 42;
set Last[58] := 14 43;
set Last[59] := 15 44;
set Last[60] := 16 45;
set Last[61] := 17 46;
set Last[62] := 18 47;
set Last[63] := 20 49;
set Last[64] := 21 50;
set Last[65] := 22 51;
set Last[66] := 23 52;
set Last[67] := 24 53;
set Last[68] := 25 54;
set Last[69] := 27 56;
set Last[70] := 29 58;
set Last[71] := 1 30;
set Last[72] := 4 33;
set Last[73] := 5 34;
set Last[74] := 6 35;
set Last[75] := 10 39;
set Last[76] := 12 41;
set Last[77] := 13 42;
set Last[78] := 14 43;
set Last[79] := 16 45;
set Last[80] := 17 46;
set Last[81] := 21 50;
set Last[82] := 22 51;
set Last[83] := 23 52;
set Last[84] := 25 54;
set Last[85] := 27 56;
set Last[86] := 29 58;
set Last[87] := 4 33;
set Last[88] := 6 35;
set Last[89] := 10 39;
set Last[90] := 13 42;
set Last[91] := 14 43;
set Last[92] := 16 45;
set Last[93] := 17 46;
set Last[94] := 21 50;
set Last[95] := 22 51;
set Last[96] := 23 52;
set Last[97] := 25 54;
set Last[98] := 27 56;
set Last[99] := 29 58;
set Last[100] := 4 33;
set Last[101] := 5 34;
set Last[102] := 6 35;
set Last[103] := 13 42;
set Last[104] := 14 43;
set Last[105] := 16 45;
set Last[106] := 17 46;
set Last[107] := 21 50;
set Last[108] := 22 51;
set Last[109] := 23 52;
set Last[110] := 25 54;
set Last[111] := 27 56;
set Last[112] := 29 58;
set Last[113] := 1 30;
set Last[114] := 2 31;
set Last[115] := 4 33;
set Last[116] := 5 34;
set Last[117] := 6 35;
set Last[118] := 7 36;
set Last[119] := 10 39;
set Last[120] := 13 42;
set Last[121] := 14 43;
set Last[122] := 16 45;
set Last[123] := 17 46;
set Last[124] := 20 49;
set Last[125] := 21 50;
set Last[126] := 22 51;
set Last[127] := 23 52;
set Last[128] := 24 53;
set Last[129] := 25 54;
set Last[130] := 27 56;
set Last[131] := 29 58;
set Last[132] := 1 30;
set Last[133] := 2 31;
set Last[134] := 4 33;
set Last[135] := 5 34;
set Last[136] := 6 35;
set Last[137] := 7 36;
set Last[138] := 10 39;
set Last[139] := 12 41;
set Last[140] := 14 43;
set Last[141] := 16 45;
set Last[142] := 17 46;
set Last[143] := 20 49;
set Last[144] := 21 50;
set Last[145] := 22 51;
set Last[146] := 23 52;
set Last[147] := 25 54;
set Last[148] := 27 56;
set Last[149] := 29 58;
set Last[150] := 4 33;
set Last[151] := 5 34;
set Last[152] := 6 35;
set Last[153] := 10 39;
set Last[154] := 13 42;
set Last[155] := 16 45;
set Last[156] := 17 46;
set Last[157] := 21 50;
set Last[158] := 22 51;
set Last[159] := 23 52;
set Last[160] := 25 54;
set Last[161] := 27 56;
set Last[162] := 29 58;
set Last[163] := 4 33;
set Last[164] := 5 34;
set Last[165] := 6 35;
set Last[166] := 10 39;
set Last[167] := 13 42;
set Last[168] := 14 43;
set Last[169] := 17 46;
set Last[170] := 21 50;
set Last[171] := 22 51;
set Last[172] := 23 52;
set Last[173] := 25 54;
set Last[174] := 27 56;
set Last[175] := 29 58;
set Last[176] := 1 30;
set Last[177] := 2 31;
set Last[178] := 4 33;
set Last[179] := 5 34;
set Last[180] := 6 35;
set Last[181] := 7 36;
set Last[182] := 10 39;
set Last[183] := 11 40;
set Last[184] := 12 41;
set Last[185] := 13 42;
set Last[186] := 14 43;
set Last[187] := 15 44;
set Last[188] := 16 45;
set Last[189] := 18 47;
set Last[190] := 20 49;
set Last[191] := 21 50;
set Last[192] := 22 51;
set Last[193] := 23 52;
set Last[194] := 24 53;
set Last[195] := 25 54;
set Last[196] := 27 56;
set Last[197] := 29 58;
set Last[198] := 4 33;
set Last[199] := 6 35;
set Last[200] := 10 39;
set Last[201] := 13 42;
set Last[202] := 14 43;
set Last[203] := 17 46;
set Last[204] := 21 50;
set Last[205] := 23 52;
set Last[206] := 25 54;
set Last[207] := 29 58;
set Last[208] := 6 35;
set Last[209] := 10 39;
set Last[210] := 13 42;
set Last[211] := 17 46;
set Last[212] := 21 50;
set Last[213] := 23 52;
set Last[214] := 6 35;
set Last[215] := 10 39;
set Last[216] := 13 42;
set Last[217] := 17 46;
set Last[218] := 23 52;
set Last[219] := 25 54;
set Last[220] := 29 58;
set Last[221] := 4 33;
set Last[222] := 5 34;
set Last[223] := 6 35;
set Last[224] := 10 39;
set Last[225] := 13 42;
set Last[226] := 14 43;
set Last[227] := 16 45;
set Last[228] := 17 46;
set Last[229] := 21 50;
set Last[230] := 23 52;
set Last[231] := 25 54;
set Last[232] := 27 56;
set Last[233] := 29 58;
set Last[234] := 1 30;
set Last[235] := 2 31;
set Last[236] := 4 33;
set Last[237] := 5 34;
set Last[238] := 6 35;
set Last[239] := 7 36;
set Last[240] := 10 39;
set Last[241] := 11 40;
set Last[242] := 12 41;
set Last[243] := 13 42;
set Last[244] := 14 43;
set Last[245] := 15 44;
set Last[246] := 16 45;
set Last[247] := 17 46;
set Last[248] := 18 47;
set Last[249] := 20 49;
set Last[250] := 21 50;
set Last[251] := 22 51;
set Last[252] := 23 52;
set Last[253] := 25 54;
set Last[254] := 27 56;
set Last[255] := 29 58;
set Last[256] := 4 33;
set Last[257] := 5 34;
set Last[258] := 6 35;
set Last[259] := 7 36;
set Last[260] := 10 39;
set Last[261] := 12 41;
set Last[262] := 13 42;
set Last[263] := 14 43;
set Last[264] := 16 45;
set Last[265] := 17 46;
set Last[266] := 21 50;
set Last[267] := 22 51;
set Last[268] := 23 52;
set Last[269] := 27 56;
set Last[270] := 29 58;
set Last[271] := 4 33;
set Last[272] := 6 35;
set Last[273] := 10 39;
set Last[274] := 13 42;
set Last[275] := 14 43;
set Last[276] := 17 46;
set Last[277] := 21 50;
set Last[278] := 23 52;
set Last[279] := 25 54;
set Last[280] := 27 56;
set Last[281] := 29 58;
set Last[282] := 1 30;
set Last[283] := 2 31;
set Last[284] := 4 33;
set Last[285] := 5 34;
set Last[286] := 6 35;
set Last[287] := 7 36;
set Last[288] := 10 39;
set Last[289] := 11 40;
set Last[290] := 12 41;
set Last[291] := 13 42;
set Last[292] := 14 43;
set Last[293] := 15 44;
set Last[294] := 16 45;
set Last[295] := 17 46;
set Last[296] := 18 47;
set Last[297] := 20 49;
set Last[298] := 21 50;
set Last[299] := 22 51;
set Last[300] := 23 52;
set Last[301] := 24 53;
set Last[302] := 25 54;
set Last[303] := 29 58;
set Last[304] := 1 30;
set Last[305] := 2 31;
set Last[306] := 4 33;
set Last[307] := 5 34;
set Last[308] := 6 35;
set Last[309] := 7 36;
set Last[310] := 10 39;
set Last[311] := 11 40;
set Last[312] := 12 41;
set Last[313] := 13 42;
set Last[314] := 14 43;
set Last[315] := 15 44;
set Last[316] := 16 45;
set Last[317] := 17 46;
set Last[318] := 18 47;
set Last[319] := 20 49;
set Last[320] := 21 50;
set Last[321] := 22 51;
set Last[322] := 23 52;
set Last[323] := 24 53;
set Last[324] := 25 54;
set Last[325] := 27 56;

param q := 5;

end;
