data;

set V := 1 2 3 4 5 6 7 8 9 10 11 12 13 14 16 17 18 19 20 21 22 23 24 25 26 27 28 29 30 31 32 33 34 35 36 37 38 39 40 41 42 43 44 46 48 49 50 51 52 54 55 56 57 59 60 61 62 63 64;

set A := 1 4
         1 8
         1 33
         2 4
         2 7
         2 14
         2 19
         2 20
         2 23
         2 32
         2 34
         3 4
         3 23
         3 35
         4 1
         4 2
         4 3
         4 8
         4 23
         4 24
         4 36
         5 6
         5 8
         5 37
         6 5
         6 9
         6 12
         6 18
         6 38
         7 2
         7 8
         7 39
         8 1
         8 4
         8 5
         8 7
         8 16
         8 40
         9 6
         9 10
         9 41
         10 42
         11 32
         11 43
         12 6
         12 16
         12 44
         13 32
         14 46
         16 8
         16 12
         16 18
         16 22
         16 48
         17 18
         17 49
         18 6
         18 10
         18 16
         18 17
         18 50
         19 51
         20 2
         20 52
         21 16
         22 54
         23 2
         23 3
         23 4
         23 27
         23 28
         23 55
         24 4
         24 27
         24 56
         25 27
         25 57
         26 27
         27 23
         27 24
         27 25
         27 59
         28 23
         28 29
         28 30
         28 60
         29 28
         29 61
         30 28
         30 31
         30 32
         30 62
         31 30
         31 32
         31 63
         32 2
         32 11
         32 30
         32 31
         32 64
         ;

set S := 1 2 3 4 5 6 7 8 9 10 11 12 13 14 15 16 17 18 19 20 21 22 23 24 25 26 27 28 29 30 31 32 33 34 35 36 37 38 39 40 41 42 43 44 45 46 47 48 49 50 51 52 53 54 55 56 57 58 59 60 61 62 63 64 65 66 67 68 69 70 71 72 73 74 75 76 77 78 79 80 81 82 83 84 85 86 87 88 89 90 91 92 93 94 95 96 97 98 99 100 101 102 103 104 105 106 107 108 109 110 111 112 113 114 115 116 117 118 119 120 121 122 123 124 125 126 127 128 129 130 131 132 133 134 135 136 137 138 139 140 141 142 143 144 145 146 147 148 149 150 151 152 153 154 155 156 157 158 159 160 161 162 163 164 165 166 167 168 169 170 171 172 173 174 175 176 177 178 179 180 181 182 183 184 185 186 187 188 189 190 191 192 193 194 195 196 197 198 199 200 201 202 203 204 205 206 207 208 209 210 211 212 213 214 215 216 217 218 219 220 221 222 223 224 225 226 227 228 229 230 231 232 233 234 235 236 237 238 239 240 241 242 243 244 245 246 247 248 249 250 251 252 253 254 255 256 257 258 259 260 261 262 263 264 265 266 267 268 269 270 271 272 273 274 275 276 277 278 279 280 281 282 283 284 285 286 287 288 289 290 291 292 293 294 295 296 297 298 299 300 301 302 303 304 305 306 307 308 309 310 311 312 313 314 315 316 317 318 319 320 321 322 323 324 325 326 327 328 329 330 331 332 333 334 335 336 337 338 339 340 341 342 343 344 345 346 347 348 349 350 351 352 353 354 355 356 357 358 359 360 361 362 363 364 365 366 367 368 369 370 371 372 373 374 375 376 377 378 379 380 381 382 383 384 385 386 387 388 389 390 391 392 393 394 395 396 397;

set F[1] := 1 4
            4 2
            2 34
            ;
set F[2] := 1 8
            8 5
            5 37
            ;
set F[3] := 1 8
            8 5
            5 6
            6 38
            ;
set F[4] := 1 8
            8 40
            ;
set F[5] := 1 8
            8 16
            16 48
            ;
set F[6] := 1 8
            8 16
            16 18
            18 17
            17 49
            ;
set F[7] := 1 4
            4 24
            24 56
            ;
set F[8] := 1 4
            4 23
            23 27
            27 59
            ;
set F[9] := 1 4
            4 2
            2 32
            32 30
            30 62
            ;
set F[10] := 1 4
             4 2
             2 32
             32 31
             31 63
             ;
set F[11] := 1 4
             4 2
             2 32
             32 64
             ;
set F[12] := 2 4
             4 3
             3 35
             ;
set F[13] := 2 4
             4 8
             8 5
             5 37
             ;
set F[14] := 2 4
             4 8
             8 5
             5 6
             6 38
             ;
set F[15] := 2 7
             7 39
             ;
set F[16] := 2 4
             4 8
             8 40
             ;
set F[17] := 2 4
             4 8
             8 5
             5 6
             6 9
             9 41
             ;
set F[18] := 2 32
             32 11
             11 43
             ;
set F[19] := 2 14
             14 46
             ;
set F[20] := 2 4
             4 8
             8 16
             16 48
             ;
set F[21] := 2 4
             4 8
             8 16
             16 18
             18 17
             17 49
             ;
set F[22] := 2 19
             19 51
             ;
set F[23] := 2 20
             20 52
             ;
set F[24] := 2 23
             23 55
             ;
set F[25] := 2 4
             4 24
             24 56
             ;
set F[26] := 2 23
             23 27
             27 25
             25 57
             ;
set F[27] := 2 23
             23 27
             27 59
             ;
set F[28] := 2 23
             23 28
             28 60
             ;
set F[29] := 2 23
             23 28
             28 29
             29 61
             ;
set F[30] := 2 32
             32 30
             30 62
             ;
set F[31] := 2 32
             32 31
             31 63
             ;
set F[32] := 2 32
             32 64
             ;
set F[33] := 3 4
             4 2
             2 34
             ;
set F[34] := 3 4
             4 8
             8 5
             5 37
             ;
set F[35] := 3 4
             4 8
             8 5
             5 6
             6 38
             ;
set F[36] := 3 4
             4 8
             8 40
             ;
set F[37] := 3 4
             4 8
             8 16
             16 48
             ;
set F[38] := 3 4
             4 8
             8 16
             16 18
             18 17
             17 49
             ;
set F[39] := 3 4
             4 24
             24 56
             ;
set F[40] := 3 23
             23 27
             27 59
             ;
set F[41] := 3 23
             23 28
             28 30
             30 62
             ;
set F[42] := 3 4
             4 2
             2 32
             32 31
             31 63
             ;
set F[43] := 3 4
             4 2
             2 32
             32 64
             ;
set F[44] := 5 8
             8 4
             4 2
             2 34
             ;
set F[45] := 5 8
             8 4
             4 3
             3 35
             ;
set F[46] := 5 6
             6 38
             ;
set F[47] := 5 8
             8 40
             ;
set F[48] := 5 6
             6 9
             9 41
             ;
set F[49] := 5 8
             8 4
             4 2
             2 32
             32 11
             11 43
             ;
set F[50] := 5 8
             8 4
             4 2
             2 14
             14 46
             ;
set F[51] := 5 8
             8 16
             16 48
             ;
set F[52] := 5 6
             6 18
             18 17
             17 49
             ;
set F[53] := 5 8
             8 4
             4 2
             2 19
             19 51
             ;
set F[54] := 5 8
             8 4
             4 24
             24 56
             ;
set F[55] := 5 8
             8 4
             4 23
             23 27
             27 25
             25 57
             ;
set F[56] := 5 8
             8 4
             4 23
             23 27
             27 59
             ;
set F[57] := 5 8
             8 4
             4 23
             23 28
             28 60
             ;
set F[58] := 5 8
             8 4
             4 2
             2 32
             32 30
             30 62
             ;
set F[59] := 5 8
             8 4
             4 2
             2 32
             32 31
             31 63
             ;
set F[60] := 5 8
             8 4
             4 2
             2 32
             32 64
             ;
set F[61] := 6 5
             5 8
             8 4
             4 2
             2 34
             ;
set F[62] := 6 5
             5 8
             8 4
             4 3
             3 35
             ;
set F[63] := 6 5
             5 8
             8 4
             4 36
             ;
set F[64] := 6 5
             5 37
             ;
set F[65] := 6 5
             5 8
             8 7
             7 39
             ;
set F[66] := 6 5
             5 8
             8 40
             ;
set F[67] := 6 9
             9 41
             ;
set F[68] := 6 9
             9 10
             10 42
             ;
set F[69] := 6 5
             5 8
             8 4
             4 2
             2 32
             32 11
             11 43
             ;
set F[70] := 6 5
             5 8
             8 4
             4 2
             2 14
             14 46
             ;
set F[71] := 6 18
             18 16
             16 48
             ;
set F[72] := 6 18
             18 17
             17 49
             ;
set F[73] := 6 5
             5 8
             8 4
             4 2
             2 19
             19 51
             ;
set F[74] := 6 5
             5 8
             8 4
             4 2
             2 20
             20 52
             ;
set F[75] := 6 18
             18 16
             16 22
             22 54
             ;
set F[76] := 6 5
             5 8
             8 4
             4 23
             23 55
             ;
set F[77] := 6 5
             5 8
             8 4
             4 24
             24 56
             ;
set F[78] := 6 5
             5 8
             8 4
             4 23
             23 27
             27 25
             25 57
             ;
set F[79] := 6 5
             5 8
             8 4
             4 23
             23 27
             27 59
             ;
set F[80] := 6 5
             5 8
             8 4
             4 23
             23 28
             28 60
             ;
set F[81] := 6 5
             5 8
             8 4
             4 23
             23 28
             28 29
             29 61
             ;
set F[82] := 6 5
             5 8
             8 4
             4 2
             2 32
             32 30
             30 62
             ;
set F[83] := 6 5
             5 8
             8 4
             4 2
             2 32
             32 31
             31 63
             ;
set F[84] := 6 5
             5 8
             8 4
             4 2
             2 32
             32 64
             ;
set F[85] := 7 2
             2 34
             ;
set F[86] := 7 2
             2 4
             4 3
             3 35
             ;
set F[87] := 7 8
             8 5
             5 37
             ;
set F[88] := 7 8
             8 5
             5 6
             6 38
             ;
set F[89] := 7 8
             8 40
             ;
set F[90] := 7 8
             8 5
             5 6
             6 9
             9 41
             ;
set F[91] := 7 2
             2 32
             32 11
             11 43
             ;
set F[92] := 7 2
             2 14
             14 46
             ;
set F[93] := 7 8
             8 16
             16 48
             ;
set F[94] := 7 8
             8 16
             16 18
             18 17
             17 49
             ;
set F[95] := 7 2
             2 19
             19 51
             ;
set F[96] := 7 2
             2 20
             20 52
             ;
set F[97] := 7 2
             2 4
             4 24
             24 56
             ;
set F[98] := 7 2
             2 23
             23 27
             27 25
             25 57
             ;
set F[99] := 7 2
             2 23
             23 27
             27 59
             ;
set F[100] := 7 2
              2 23
              23 28
              28 60
              ;
set F[101] := 7 2
              2 32
              32 30
              30 62
              ;
set F[102] := 7 2
              2 32
              32 31
              31 63
              ;
set F[103] := 7 2
              2 32
              32 64
              ;
set F[104] := 8 4
              4 2
              2 34
              ;
set F[105] := 8 5
              5 6
              6 38
              ;
set F[106] := 8 16
              16 48
              ;
set F[107] := 8 4
              4 23
              23 27
              27 59
              ;
set F[108] := 8 4
              4 2
              2 32
              32 30
              30 62
              ;
set F[109] := 8 4
              4 2
              2 32
              32 64
              ;
set F[110] := 9 6
              6 5
              5 8
              8 4
              4 2
              2 34
              ;
set F[111] := 9 6
              6 5
              5 8
              8 4
              4 3
              3 35
              ;
set F[112] := 9 6
              6 5
              5 37
              ;
set F[113] := 9 6
              6 38
              ;
set F[114] := 9 6
              6 5
              5 8
              8 7
              7 39
              ;
set F[115] := 9 6
              6 5
              5 8
              8 40
              ;
set F[116] := 9 10
              10 42
              ;
set F[117] := 9 6
              6 5
              5 8
              8 4
              4 2
              2 32
              32 11
              11 43
              ;
set F[118] := 9 6
              6 5
              5 8
              8 4
              4 2
              2 14
              14 46
              ;
set F[119] := 9 6
              6 18
              18 16
              16 48
              ;
set F[120] := 9 6
              6 18
              18 17
              17 49
              ;
set F[121] := 9 6
              6 5
              5 8
              8 4
              4 2
              2 19
              19 51
              ;
set F[122] := 9 6
              6 5
              5 8
              8 4
              4 2
              2 20
              20 52
              ;
set F[123] := 9 6
              6 5
              5 8
              8 4
              4 23
              23 55
              ;
set F[124] := 9 6
              6 5
              5 8
              8 4
              4 24
              24 56
              ;
set F[125] := 9 6
              6 5
              5 8
              8 4
              4 23
              23 27
              27 25
              25 57
              ;
set F[126] := 9 6
              6 5
              5 8
              8 4
              4 23
              23 27
              27 59
              ;
set F[127] := 9 6
              6 5
              5 8
              8 4
              4 23
              23 28
              28 60
              ;
set F[128] := 9 6
              6 5
              5 8
              8 4
              4 23
              23 28
              28 29
              29 61
              ;
set F[129] := 9 6
              6 5
              5 8
              8 4
              4 2
              2 32
              32 30
              30 62
              ;
set F[130] := 9 6
              6 5
              5 8
              8 4
              4 2
              2 32
              32 31
              31 63
              ;
set F[131] := 9 6
              6 5
              5 8
              8 4
              4 2
              2 32
              32 64
              ;
set F[132] := 11 32
              32 2
              2 34
              ;
set F[133] := 11 32
              32 2
              2 4
              4 8
              8 5
              5 6
              6 38
              ;
set F[134] := 11 32
              32 2
              2 4
              4 8
              8 40
              ;
set F[135] := 11 32
              32 2
              2 23
              23 27
              27 59
              ;
set F[136] := 11 32
              32 30
              30 62
              ;
set F[137] := 11 32
              32 64
              ;
set F[138] := 12 16
              16 8
              8 4
              4 2
              2 34
              ;
set F[139] := 12 16
              16 8
              8 4
              4 3
              3 35
              ;
set F[140] := 12 6
              6 5
              5 37
              ;
set F[141] := 12 6
              6 38
              ;
set F[142] := 12 16
              16 8
              8 40
              ;
set F[143] := 12 16
              16 48
              ;
set F[144] := 12 6
              6 18
              18 17
              17 49
              ;
set F[145] := 12 16
              16 8
              8 4
              4 24
              24 56
              ;
set F[146] := 12 16
              16 8
              8 4
              4 23
              23 27
              27 59
              ;
set F[147] := 12 16
              16 8
              8 4
              4 2
              2 32
              32 30
              30 62
              ;
set F[148] := 12 16
              16 8
              8 4
              4 2
              2 32
              32 31
              31 63
              ;
set F[149] := 12 16
              16 8
              8 4
              4 2
              2 32
              32 64
              ;
set F[150] := 13 32
              32 2
              2 34
              ;
set F[151] := 13 32
              32 2
              2 4
              4 3
              3 35
              ;
set F[152] := 13 32
              32 2
              2 4
              4 8
              8 5
              5 37
              ;
set F[153] := 13 32
              32 2
              2 4
              4 8
              8 5
              5 6
              6 38
              ;
set F[154] := 13 32
              32 2
              2 4
              4 8
              8 40
              ;
set F[155] := 13 32
              32 2
              2 14
              14 46
              ;
set F[156] := 13 32
              32 2
              2 4
              4 8
              8 16
              16 48
              ;
set F[157] := 13 32
              32 2
              2 4
              4 8
              8 16
              16 18
              18 17
              17 49
              ;
set F[158] := 13 32
              32 2
              2 19
              19 51
              ;
set F[159] := 13 32
              32 2
              2 4
              4 24
              24 56
              ;
set F[160] := 13 32
              32 2
              2 23
              23 27
              27 59
              ;
set F[161] := 13 32
              32 30
              30 62
              ;
set F[162] := 13 32
              32 31
              31 63
              ;
set F[163] := 13 32
              32 64
              ;
set F[164] := 16 8
              8 4
              4 2
              2 34
              ;
set F[165] := 16 8
              8 4
              4 3
              3 35
              ;
set F[166] := 16 8
              8 5
              5 37
              ;
set F[167] := 16 12
              12 6
              6 38
              ;
set F[168] := 16 8
              8 40
              ;
set F[169] := 16 12
              12 6
              6 9
              9 41
              ;
set F[170] := 16 8
              8 4
              4 2
              2 32
              32 11
              11 43
              ;
set F[171] := 16 8
              8 4
              4 2
              2 14
              14 46
              ;
set F[172] := 16 18
              18 17
              17 49
              ;
set F[173] := 16 8
              8 4
              4 2
              2 19
              19 51
              ;
set F[174] := 16 8
              8 4
              4 24
              24 56
              ;
set F[175] := 16 8
              8 4
              4 23
              23 27
              27 59
              ;
set F[176] := 16 8
              8 4
              4 2
              2 32
              32 30
              30 62
              ;
set F[177] := 16 8
              8 4
              4 2
              2 32
              32 31
              31 63
              ;
set F[178] := 16 8
              8 4
              4 2
              2 32
              32 64
              ;
set F[179] := 17 18
              18 16
              16 8
              8 4
              4 2
              2 34
              ;
set F[180] := 17 18
              18 16
              16 8
              8 4
              4 3
              3 35
              ;
set F[181] := 17 18
              18 6
              6 5
              5 37
              ;
set F[182] := 17 18
              18 6
              6 38
              ;
set F[183] := 17 18
              18 16
              16 8
              8 40
              ;
set F[184] := 17 18
              18 16
              16 48
              ;
set F[185] := 17 18
              18 16
              16 8
              8 4
              4 24
              24 56
              ;
set F[186] := 17 18
              18 16
              16 8
              8 4
              4 23
              23 27
              27 59
              ;
set F[187] := 17 18
              18 16
              16 8
              8 4
              4 2
              2 32
              32 30
              30 62
              ;
set F[188] := 17 18
              18 16
              16 8
              8 4
              4 2
              2 32
              32 31
              31 63
              ;
set F[189] := 17 18
              18 16
              16 8
              8 4
              4 2
              2 32
              32 64
              ;
set F[190] := 18 16
              16 8
              8 1
              1 33
              ;
set F[191] := 18 16
              16 8
              8 4
              4 2
              2 34
              ;
set F[192] := 18 16
              16 8
              8 4
              4 3
              3 35
              ;
set F[193] := 18 16
              16 8
              8 4
              4 36
              ;
set F[194] := 18 6
              6 5
              5 37
              ;
set F[195] := 18 6
              6 38
              ;
set F[196] := 18 16
              16 8
              8 7
              7 39
              ;
set F[197] := 18 16
              16 8
              8 40
              ;
set F[198] := 18 6
              6 9
              9 41
              ;
set F[199] := 18 10
              10 42
              ;
set F[200] := 18 16
              16 8
              8 4
              4 2
              2 32
              32 11
              11 43
              ;
set F[201] := 18 6
              6 12
              12 44
              ;
set F[202] := 18 16
              16 8
              8 4
              4 2
              2 14
              14 46
              ;
set F[203] := 18 16
              16 48
              ;
set F[204] := 18 17
              17 49
              ;
set F[205] := 18 16
              16 8
              8 4
              4 2
              2 19
              19 51
              ;
set F[206] := 18 16
              16 8
              8 4
              4 2
              2 20
              20 52
              ;
set F[207] := 18 16
              16 22
              22 54
              ;
set F[208] := 18 16
              16 8
              8 4
              4 23
              23 55
              ;
set F[209] := 18 16
              16 8
              8 4
              4 24
              24 56
              ;
set F[210] := 18 16
              16 8
              8 4
              4 23
              23 27
              27 25
              25 57
              ;
set F[211] := 18 16
              16 8
              8 4
              4 23
              23 27
              27 59
              ;
set F[212] := 18 16
              16 8
              8 4
              4 23
              23 28
              28 60
              ;
set F[213] := 18 16
              16 8
              8 4
              4 23
              23 28
              28 29
              29 61
              ;
set F[214] := 18 16
              16 8
              8 4
              4 2
              2 32
              32 30
              30 62
              ;
set F[215] := 18 16
              16 8
              8 4
              4 2
              2 32
              32 31
              31 63
              ;
set F[216] := 18 16
              16 8
              8 4
              4 2
              2 32
              32 64
              ;
set F[217] := 20 2
              2 34
              ;
set F[218] := 20 2
              2 4
              4 8
              8 5
              5 6
              6 38
              ;
set F[219] := 20 2
              2 4
              4 8
              8 40
              ;
set F[220] := 20 2
              2 4
              4 8
              8 16
              16 48
              ;
set F[221] := 20 2
              2 4
              4 8
              8 16
              16 18
              18 17
              17 49
              ;
set F[222] := 20 2
              2 4
              4 24
              24 56
              ;
set F[223] := 20 2
              2 23
              23 27
              27 59
              ;
set F[224] := 20 2
              2 32
              32 30
              30 62
              ;
set F[225] := 20 2
              2 32
              32 31
              31 63
              ;
set F[226] := 20 2
              2 32
              32 64
              ;
set F[227] := 21 16
              16 8
              8 4
              4 2
              2 34
              ;
set F[228] := 21 16
              16 8
              8 4
              4 3
              3 35
              ;
set F[229] := 21 16
              16 8
              8 5
              5 37
              ;
set F[230] := 21 16
              16 12
              12 6
              6 38
              ;
set F[231] := 21 16
              16 8
              8 40
              ;
set F[232] := 21 16
              16 12
              12 6
              6 9
              9 41
              ;
set F[233] := 21 16
              16 8
              8 4
              4 2
              2 32
              32 11
              11 43
              ;
set F[234] := 21 16
              16 8
              8 4
              4 2
              2 14
              14 46
              ;
set F[235] := 21 16
              16 48
              ;
set F[236] := 21 16
              16 18
              18 17
              17 49
              ;
set F[237] := 21 16
              16 8
              8 4
              4 2
              2 19
              19 51
              ;
set F[238] := 21 16
              16 8
              8 4
              4 24
              24 56
              ;
set F[239] := 21 16
              16 8
              8 4
              4 23
              23 27
              27 59
              ;
set F[240] := 21 16
              16 8
              8 4
              4 2
              2 32
              32 30
              30 62
              ;
set F[241] := 21 16
              16 8
              8 4
              4 2
              2 32
              32 31
              31 63
              ;
set F[242] := 21 16
              16 8
              8 4
              4 2
              2 32
              32 64
              ;
set F[243] := 23 2
              2 34
              ;
set F[244] := 23 3
              3 35
              ;
set F[245] := 23 4
              4 8
              8 5
              5 37
              ;
set F[246] := 23 4
              4 8
              8 5
              5 6
              6 38
              ;
set F[247] := 23 2
              2 7
              7 39
              ;
set F[248] := 23 4
              4 8
              8 40
              ;
set F[249] := 23 4
              4 8
              8 5
              5 6
              6 9
              9 41
              ;
set F[250] := 23 4
              4 8
              8 16
              16 18
              18 10
              10 42
              ;
set F[251] := 23 2
              2 32
              32 11
              11 43
              ;
set F[252] := 23 2
              2 14
              14 46
              ;
set F[253] := 23 4
              4 8
              8 16
              16 48
              ;
set F[254] := 23 4
              4 8
              8 16
              16 18
              18 17
              17 49
              ;
set F[255] := 23 2
              2 19
              19 51
              ;
set F[256] := 23 2
              2 20
              20 52
              ;
set F[257] := 23 4
              4 24
              24 56
              ;
set F[258] := 23 27
              27 25
              25 57
              ;
set F[259] := 23 27
              27 59
              ;
set F[260] := 23 28
              28 60
              ;
set F[261] := 23 28
              28 29
              29 61
              ;
set F[262] := 23 28
              28 30
              30 62
              ;
set F[263] := 23 2
              2 32
              32 31
              31 63
              ;
set F[264] := 23 2
              2 32
              32 64
              ;
set F[265] := 24 4
              4 2
              2 34
              ;
set F[266] := 24 4
              4 8
              8 5
              5 37
              ;
set F[267] := 24 4
              4 8
              8 5
              5 6
              6 38
              ;
set F[268] := 24 4
              4 8
              8 40
              ;
set F[269] := 24 4
              4 8
              8 16
              16 48
              ;
set F[270] := 24 4
              4 8
              8 16
              16 18
              18 17
              17 49
              ;
set F[271] := 24 27
              27 59
              ;
set F[272] := 24 4
              4 2
              2 32
              32 30
              30 62
              ;
set F[273] := 24 4
              4 2
              2 32
              32 31
              31 63
              ;
set F[274] := 24 4
              4 2
              2 32
              32 64
              ;
set F[275] := 25 27
              27 23
              23 2
              2 34
              ;
set F[276] := 25 27
              27 23
              23 4
              4 8
              8 5
              5 37
              ;
set F[277] := 25 27
              27 23
              23 4
              4 8
              8 5
              5 6
              6 38
              ;
set F[278] := 25 27
              27 23
              23 4
              4 8
              8 40
              ;
set F[279] := 25 27
              27 23
              23 4
              4 8
              8 16
              16 48
              ;
set F[280] := 25 27
              27 23
              23 4
              4 8
              8 16
              16 18
              18 17
              17 49
              ;
set F[281] := 25 27
              27 24
              24 56
              ;
set F[282] := 25 27
              27 59
              ;
set F[283] := 25 27
              27 23
              23 28
              28 30
              30 62
              ;
set F[284] := 25 27
              27 23
              23 2
              2 32
              32 31
              31 63
              ;
set F[285] := 25 27
              27 23
              23 2
              2 32
              32 64
              ;
set F[286] := 26 27
              27 23
              23 2
              2 34
              ;
set F[287] := 26 27
              27 23
              23 3
              3 35
              ;
set F[288] := 26 27
              27 23
              23 4
              4 8
              8 5
              5 37
              ;
set F[289] := 26 27
              27 23
              23 4
              4 8
              8 5
              5 6
              6 38
              ;
set F[290] := 26 27
              27 23
              23 4
              4 8
              8 40
              ;
set F[291] := 26 27
              27 23
              23 4
              4 8
              8 16
              16 48
              ;
set F[292] := 26 27
              27 23
              23 4
              4 8
              8 16
              16 18
              18 17
              17 49
              ;
set F[293] := 26 27
              27 24
              24 56
              ;
set F[294] := 26 27
              27 59
              ;
set F[295] := 26 27
              27 23
              23 28
              28 30
              30 62
              ;
set F[296] := 26 27
              27 23
              23 2
              2 32
              32 31
              31 63
              ;
set F[297] := 26 27
              27 23
              23 2
              2 32
              32 64
              ;
set F[298] := 27 23
              23 2
              2 34
              ;
set F[299] := 27 23
              23 3
              3 35
              ;
set F[300] := 27 23
              23 4
              4 8
              8 5
              5 37
              ;
set F[301] := 27 23
              23 4
              4 8
              8 5
              5 6
              6 38
              ;
set F[302] := 27 23
              23 4
              4 8
              8 40
              ;
set F[303] := 27 23
              23 4
              4 8
              8 5
              5 6
              6 9
              9 41
              ;
set F[304] := 27 23
              23 2
              2 32
              32 11
              11 43
              ;
set F[305] := 27 23
              23 2
              2 14
              14 46
              ;
set F[306] := 27 23
              23 4
              4 8
              8 16
              16 48
              ;
set F[307] := 27 23
              23 4
              4 8
              8 16
              16 18
              18 17
              17 49
              ;
set F[308] := 27 23
              23 2
              2 19
              19 51
              ;
set F[309] := 27 24
              24 56
              ;
set F[310] := 27 25
              25 57
              ;
set F[311] := 27 23
              23 28
              28 60
              ;
set F[312] := 27 23
              23 28
              28 30
              30 62
              ;
set F[313] := 27 23
              23 2
              2 32
              32 31
              31 63
              ;
set F[314] := 27 23
              23 2
              2 32
              32 64
              ;
set F[315] := 28 23
              23 2
              2 34
              ;
set F[316] := 28 23
              23 3
              3 35
              ;
set F[317] := 28 23
              23 4
              4 36
              ;
set F[318] := 28 23
              23 4
              4 8
              8 5
              5 37
              ;
set F[319] := 28 23
              23 4
              4 8
              8 5
              5 6
              6 38
              ;
set F[320] := 28 23
              23 2
              2 7
              7 39
              ;
set F[321] := 28 23
              23 4
              4 8
              8 40
              ;
set F[322] := 28 23
              23 4
              4 8
              8 5
              5 6
              6 9
              9 41
              ;
set F[323] := 28 23
              23 4
              4 8
              8 16
              16 18
              18 10
              10 42
              ;
set F[324] := 28 30
              30 32
              32 11
              11 43
              ;
set F[325] := 28 23
              23 2
              2 14
              14 46
              ;
set F[326] := 28 23
              23 4
              4 8
              8 16
              16 48
              ;
set F[327] := 28 23
              23 4
              4 8
              8 16
              16 18
              18 17
              17 49
              ;
set F[328] := 28 23
              23 2
              2 19
              19 51
              ;
set F[329] := 28 23
              23 2
              2 20
              20 52
              ;
set F[330] := 28 23
              23 4
              4 8
              8 16
              16 22
              22 54
              ;
set F[331] := 28 23
              23 55
              ;
set F[332] := 28 23
              23 4
              4 24
              24 56
              ;
set F[333] := 28 23
              23 27
              27 25
              25 57
              ;
set F[334] := 28 23
              23 27
              27 59
              ;
set F[335] := 28 29
              29 61
              ;
set F[336] := 28 30
              30 62
              ;
set F[337] := 28 30
              30 31
              31 63
              ;
set F[338] := 28 30
              30 32
              32 64
              ;
set F[339] := 29 28
              28 23
              23 2
              2 34
              ;
set F[340] := 29 28
              28 23
              23 4
              4 8
              8 5
              5 6
              6 38
              ;
set F[341] := 29 28
              28 23
              23 4
              4 8
              8 40
              ;
set F[342] := 29 28
              28 23
              23 4
              4 8
              8 16
              16 48
              ;
set F[343] := 29 28
              28 23
              23 27
              27 59
              ;
set F[344] := 29 28
              28 30
              30 62
              ;
set F[345] := 29 28
              28 30
              30 32
              32 64
              ;
set F[346] := 30 32
              32 2
              2 34
              ;
set F[347] := 30 28
              28 23
              23 4
              4 8
              8 5
              5 6
              6 38
              ;
set F[348] := 30 28
              28 23
              23 4
              4 8
              8 40
              ;
set F[349] := 30 28
              28 23
              23 4
              4 8
              8 16
              16 48
              ;
set F[350] := 30 28
              28 23
              23 4
              4 8
              8 16
              16 18
              18 17
              17 49
              ;
set F[351] := 30 28
              28 23
              23 4
              4 24
              24 56
              ;
set F[352] := 30 28
              28 23
              23 27
              27 59
              ;
set F[353] := 30 32
              32 64
              ;
set F[354] := 31 32
              32 2
              2 34
              ;
set F[355] := 31 30
              30 28
              28 23
              23 3
              3 35
              ;
set F[356] := 31 32
              32 2
              2 4
              4 8
              8 5
              5 37
              ;
set F[357] := 31 32
              32 2
              2 4
              4 8
              8 5
              5 6
              6 38
              ;
set F[358] := 31 32
              32 2
              2 4
              4 8
              8 40
              ;
set F[359] := 31 32
              32 2
              2 4
              4 8
              8 5
              5 6
              6 9
              9 41
              ;
set F[360] := 31 32
              32 11
              11 43
              ;
set F[361] := 31 32
              32 2
              2 14
              14 46
              ;
set F[362] := 31 32
              32 2
              2 4
              4 8
              8 16
              16 48
              ;
set F[363] := 31 32
              32 2
              2 4
              4 8
              8 16
              16 18
              18 17
              17 49
              ;
set F[364] := 31 32
              32 2
              2 19
              19 51
              ;
set F[365] := 31 32
              32 2
              2 4
              4 24
              24 56
              ;
set F[366] := 31 30
              30 28
              28 23
              23 27
              27 25
              25 57
              ;
set F[367] := 31 30
              30 28
              28 23
              23 27
              27 59
              ;
set F[368] := 31 30
              30 28
              28 60
              ;
set F[369] := 31 30
              30 62
              ;
set F[370] := 31 32
              32 64
              ;
set F[371] := 32 2
              2 4
              4 1
              1 33
              ;
set F[372] := 32 2
              2 34
              ;
set F[373] := 32 2
              2 4
              4 3
              3 35
              ;
set F[374] := 32 2
              2 4
              4 36
              ;
set F[375] := 32 2
              2 4
              4 8
              8 5
              5 37
              ;
set F[376] := 32 2
              2 4
              4 8
              8 5
              5 6
              6 38
              ;
set F[377] := 32 2
              2 7
              7 39
              ;
set F[378] := 32 2
              2 4
              4 8
              8 40
              ;
set F[379] := 32 2
              2 4
              4 8
              8 5
              5 6
              6 9
              9 41
              ;
set F[380] := 32 2
              2 4
              4 8
              8 16
              16 18
              18 10
              10 42
              ;
set F[381] := 32 11
              11 43
              ;
set F[382] := 32 2
              2 4
              4 8
              8 16
              16 12
              12 44
              ;
set F[383] := 32 2
              2 14
              14 46
              ;
set F[384] := 32 2
              2 4
              4 8
              8 16
              16 48
              ;
set F[385] := 32 2
              2 4
              4 8
              8 16
              16 18
              18 17
              17 49
              ;
set F[386] := 32 2
              2 4
              4 8
              8 16
              16 18
              18 50
              ;
set F[387] := 32 2
              2 19
              19 51
              ;
set F[388] := 32 2
              2 20
              20 52
              ;
set F[389] := 32 2
              2 4
              4 8
              8 16
              16 22
              22 54
              ;
set F[390] := 32 2
              2 23
              23 55
              ;
set F[391] := 32 2
              2 4
              4 24
              24 56
              ;
set F[392] := 32 2
              2 23
              23 27
              27 25
              25 57
              ;
set F[393] := 32 2
              2 23
              23 27
              27 59
              ;
set F[394] := 32 30
              30 28
              28 60
              ;
set F[395] := 32 30
              30 28
              28 29
              29 61
              ;
set F[396] := 32 30
              30 62
              ;
set F[397] := 32 31
              31 63
              ;
set Last[1] := 2 34;
set Last[2] := 5 37;
set Last[3] := 6 38;
set Last[4] := 8 40;
set Last[5] := 16 48;
set Last[6] := 17 49;
set Last[7] := 24 56;
set Last[8] := 27 59;
set Last[9] := 30 62;
set Last[10] := 31 63;
set Last[11] := 32 64;
set Last[12] := 3 35;
set Last[13] := 5 37;
set Last[14] := 6 38;
set Last[15] := 7 39;
set Last[16] := 8 40;
set Last[17] := 9 41;
set Last[18] := 11 43;
set Last[19] := 14 46;
set Last[20] := 16 48;
set Last[21] := 17 49;
set Last[22] := 19 51;
set Last[23] := 20 52;
set Last[24] := 23 55;
set Last[25] := 24 56;
set Last[26] := 25 57;
set Last[27] := 27 59;
set Last[28] := 28 60;
set Last[29] := 29 61;
set Last[30] := 30 62;
set Last[31] := 31 63;
set Last[32] := 32 64;
set Last[33] := 2 34;
set Last[34] := 5 37;
set Last[35] := 6 38;
set Last[36] := 8 40;
set Last[37] := 16 48;
set Last[38] := 17 49;
set Last[39] := 24 56;
set Last[40] := 27 59;
set Last[41] := 30 62;
set Last[42] := 31 63;
set Last[43] := 32 64;
set Last[44] := 2 34;
set Last[45] := 3 35;
set Last[46] := 6 38;
set Last[47] := 8 40;
set Last[48] := 9 41;
set Last[49] := 11 43;
set Last[50] := 14 46;
set Last[51] := 16 48;
set Last[52] := 17 49;
set Last[53] := 19 51;
set Last[54] := 24 56;
set Last[55] := 25 57;
set Last[56] := 27 59;
set Last[57] := 28 60;
set Last[58] := 30 62;
set Last[59] := 31 63;
set Last[60] := 32 64;
set Last[61] := 2 34;
set Last[62] := 3 35;
set Last[63] := 4 36;
set Last[64] := 5 37;
set Last[65] := 7 39;
set Last[66] := 8 40;
set Last[67] := 9 41;
set Last[68] := 10 42;
set Last[69] := 11 43;
set Last[70] := 14 46;
set Last[71] := 16 48;
set Last[72] := 17 49;
set Last[73] := 19 51;
set Last[74] := 20 52;
set Last[75] := 22 54;
set Last[76] := 23 55;
set Last[77] := 24 56;
set Last[78] := 25 57;
set Last[79] := 27 59;
set Last[80] := 28 60;
set Last[81] := 29 61;
set Last[82] := 30 62;
set Last[83] := 31 63;
set Last[84] := 32 64;
set Last[85] := 2 34;
set Last[86] := 3 35;
set Last[87] := 5 37;
set Last[88] := 6 38;
set Last[89] := 8 40;
set Last[90] := 9 41;
set Last[91] := 11 43;
set Last[92] := 14 46;
set Last[93] := 16 48;
set Last[94] := 17 49;
set Last[95] := 19 51;
set Last[96] := 20 52;
set Last[97] := 24 56;
set Last[98] := 25 57;
set Last[99] := 27 59;
set Last[100] := 28 60;
set Last[101] := 30 62;
set Last[102] := 31 63;
set Last[103] := 32 64;
set Last[104] := 2 34;
set Last[105] := 6 38;
set Last[106] := 16 48;
set Last[107] := 27 59;
set Last[108] := 30 62;
set Last[109] := 32 64;
set Last[110] := 2 34;
set Last[111] := 3 35;
set Last[112] := 5 37;
set Last[113] := 6 38;
set Last[114] := 7 39;
set Last[115] := 8 40;
set Last[116] := 10 42;
set Last[117] := 11 43;
set Last[118] := 14 46;
set Last[119] := 16 48;
set Last[120] := 17 49;
set Last[121] := 19 51;
set Last[122] := 20 52;
set Last[123] := 23 55;
set Last[124] := 24 56;
set Last[125] := 25 57;
set Last[126] := 27 59;
set Last[127] := 28 60;
set Last[128] := 29 61;
set Last[129] := 30 62;
set Last[130] := 31 63;
set Last[131] := 32 64;
set Last[132] := 2 34;
set Last[133] := 6 38;
set Last[134] := 8 40;
set Last[135] := 27 59;
set Last[136] := 30 62;
set Last[137] := 32 64;
set Last[138] := 2 34;
set Last[139] := 3 35;
set Last[140] := 5 37;
set Last[141] := 6 38;
set Last[142] := 8 40;
set Last[143] := 16 48;
set Last[144] := 17 49;
set Last[145] := 24 56;
set Last[146] := 27 59;
set Last[147] := 30 62;
set Last[148] := 31 63;
set Last[149] := 32 64;
set Last[150] := 2 34;
set Last[151] := 3 35;
set Last[152] := 5 37;
set Last[153] := 6 38;
set Last[154] := 8 40;
set Last[155] := 14 46;
set Last[156] := 16 48;
set Last[157] := 17 49;
set Last[158] := 19 51;
set Last[159] := 24 56;
set Last[160] := 27 59;
set Last[161] := 30 62;
set Last[162] := 31 63;
set Last[163] := 32 64;
set Last[164] := 2 34;
set Last[165] := 3 35;
set Last[166] := 5 37;
set Last[167] := 6 38;
set Last[168] := 8 40;
set Last[169] := 9 41;
set Last[170] := 11 43;
set Last[171] := 14 46;
set Last[172] := 17 49;
set Last[173] := 19 51;
set Last[174] := 24 56;
set Last[175] := 27 59;
set Last[176] := 30 62;
set Last[177] := 31 63;
set Last[178] := 32 64;
set Last[179] := 2 34;
set Last[180] := 3 35;
set Last[181] := 5 37;
set Last[182] := 6 38;
set Last[183] := 8 40;
set Last[184] := 16 48;
set Last[185] := 24 56;
set Last[186] := 27 59;
set Last[187] := 30 62;
set Last[188] := 31 63;
set Last[189] := 32 64;
set Last[190] := 1 33;
set Last[191] := 2 34;
set Last[192] := 3 35;
set Last[193] := 4 36;
set Last[194] := 5 37;
set Last[195] := 6 38;
set Last[196] := 7 39;
set Last[197] := 8 40;
set Last[198] := 9 41;
set Last[199] := 10 42;
set Last[200] := 11 43;
set Last[201] := 12 44;
set Last[202] := 14 46;
set Last[203] := 16 48;
set Last[204] := 17 49;
set Last[205] := 19 51;
set Last[206] := 20 52;
set Last[207] := 22 54;
set Last[208] := 23 55;
set Last[209] := 24 56;
set Last[210] := 25 57;
set Last[211] := 27 59;
set Last[212] := 28 60;
set Last[213] := 29 61;
set Last[214] := 30 62;
set Last[215] := 31 63;
set Last[216] := 32 64;
set Last[217] := 2 34;
set Last[218] := 6 38;
set Last[219] := 8 40;
set Last[220] := 16 48;
set Last[221] := 17 49;
set Last[222] := 24 56;
set Last[223] := 27 59;
set Last[224] := 30 62;
set Last[225] := 31 63;
set Last[226] := 32 64;
set Last[227] := 2 34;
set Last[228] := 3 35;
set Last[229] := 5 37;
set Last[230] := 6 38;
set Last[231] := 8 40;
set Last[232] := 9 41;
set Last[233] := 11 43;
set Last[234] := 14 46;
set Last[235] := 16 48;
set Last[236] := 17 49;
set Last[237] := 19 51;
set Last[238] := 24 56;
set Last[239] := 27 59;
set Last[240] := 30 62;
set Last[241] := 31 63;
set Last[242] := 32 64;
set Last[243] := 2 34;
set Last[244] := 3 35;
set Last[245] := 5 37;
set Last[246] := 6 38;
set Last[247] := 7 39;
set Last[248] := 8 40;
set Last[249] := 9 41;
set Last[250] := 10 42;
set Last[251] := 11 43;
set Last[252] := 14 46;
set Last[253] := 16 48;
set Last[254] := 17 49;
set Last[255] := 19 51;
set Last[256] := 20 52;
set Last[257] := 24 56;
set Last[258] := 25 57;
set Last[259] := 27 59;
set Last[260] := 28 60;
set Last[261] := 29 61;
set Last[262] := 30 62;
set Last[263] := 31 63;
set Last[264] := 32 64;
set Last[265] := 2 34;
set Last[266] := 5 37;
set Last[267] := 6 38;
set Last[268] := 8 40;
set Last[269] := 16 48;
set Last[270] := 17 49;
set Last[271] := 27 59;
set Last[272] := 30 62;
set Last[273] := 31 63;
set Last[274] := 32 64;
set Last[275] := 2 34;
set Last[276] := 5 37;
set Last[277] := 6 38;
set Last[278] := 8 40;
set Last[279] := 16 48;
set Last[280] := 17 49;
set Last[281] := 24 56;
set Last[282] := 27 59;
set Last[283] := 30 62;
set Last[284] := 31 63;
set Last[285] := 32 64;
set Last[286] := 2 34;
set Last[287] := 3 35;
set Last[288] := 5 37;
set Last[289] := 6 38;
set Last[290] := 8 40;
set Last[291] := 16 48;
set Last[292] := 17 49;
set Last[293] := 24 56;
set Last[294] := 27 59;
set Last[295] := 30 62;
set Last[296] := 31 63;
set Last[297] := 32 64;
set Last[298] := 2 34;
set Last[299] := 3 35;
set Last[300] := 5 37;
set Last[301] := 6 38;
set Last[302] := 8 40;
set Last[303] := 9 41;
set Last[304] := 11 43;
set Last[305] := 14 46;
set Last[306] := 16 48;
set Last[307] := 17 49;
set Last[308] := 19 51;
set Last[309] := 24 56;
set Last[310] := 25 57;
set Last[311] := 28 60;
set Last[312] := 30 62;
set Last[313] := 31 63;
set Last[314] := 32 64;
set Last[315] := 2 34;
set Last[316] := 3 35;
set Last[317] := 4 36;
set Last[318] := 5 37;
set Last[319] := 6 38;
set Last[320] := 7 39;
set Last[321] := 8 40;
set Last[322] := 9 41;
set Last[323] := 10 42;
set Last[324] := 11 43;
set Last[325] := 14 46;
set Last[326] := 16 48;
set Last[327] := 17 49;
set Last[328] := 19 51;
set Last[329] := 20 52;
set Last[330] := 22 54;
set Last[331] := 23 55;
set Last[332] := 24 56;
set Last[333] := 25 57;
set Last[334] := 27 59;
set Last[335] := 29 61;
set Last[336] := 30 62;
set Last[337] := 31 63;
set Last[338] := 32 64;
set Last[339] := 2 34;
set Last[340] := 6 38;
set Last[341] := 8 40;
set Last[342] := 16 48;
set Last[343] := 27 59;
set Last[344] := 30 62;
set Last[345] := 32 64;
set Last[346] := 2 34;
set Last[347] := 6 38;
set Last[348] := 8 40;
set Last[349] := 16 48;
set Last[350] := 17 49;
set Last[351] := 24 56;
set Last[352] := 27 59;
set Last[353] := 32 64;
set Last[354] := 2 34;
set Last[355] := 3 35;
set Last[356] := 5 37;
set Last[357] := 6 38;
set Last[358] := 8 40;
set Last[359] := 9 41;
set Last[360] := 11 43;
set Last[361] := 14 46;
set Last[362] := 16 48;
set Last[363] := 17 49;
set Last[364] := 19 51;
set Last[365] := 24 56;
set Last[366] := 25 57;
set Last[367] := 27 59;
set Last[368] := 28 60;
set Last[369] := 30 62;
set Last[370] := 32 64;
set Last[371] := 1 33;
set Last[372] := 2 34;
set Last[373] := 3 35;
set Last[374] := 4 36;
set Last[375] := 5 37;
set Last[376] := 6 38;
set Last[377] := 7 39;
set Last[378] := 8 40;
set Last[379] := 9 41;
set Last[380] := 10 42;
set Last[381] := 11 43;
set Last[382] := 12 44;
set Last[383] := 14 46;
set Last[384] := 16 48;
set Last[385] := 17 49;
set Last[386] := 18 50;
set Last[387] := 19 51;
set Last[388] := 20 52;
set Last[389] := 22 54;
set Last[390] := 23 55;
set Last[391] := 24 56;
set Last[392] := 25 57;
set Last[393] := 27 59;
set Last[394] := 28 60;
set Last[395] := 29 61;
set Last[396] := 30 62;
set Last[397] := 31 63;

param q := 5;

end;
