data;

set V := 1 2 3 4 5 6 7 9 10 11 12 14 15 16 17 18 19 20 21 22 23 24 25 26 27 28 29 30 31 32 33 34 35 36 37 38 39 40 42 43 44 45 47 49 50 51 53 54 55 56 57 58 59 60 61 62 63 64 65 66;

set A := 1 2
         1 4
         1 34
         2 1
         2 7
         2 35
         3 4
         3 25
         3 36
         4 1
         4 3
         4 37
         5 6
         5 38
         6 5
         6 7
         6 39
         7 2
         7 6
         7 9
         7 14
         7 40
         9 7
         9 10
         9 42
         10 9
         10 19
         10 43
         11 12
         11 14
         11 44
         12 11
         12 33
         12 45
         14 7
         14 11
         14 20
         14 47
         15 19
         15 22
         16 17
         16 23
         16 49
         17 16
         17 18
         17 50
         18 17
         18 19
         18 51
         19 10
         19 15
         19 18
         20 14
         20 21
         20 26
         20 53
         21 20
         21 22
         21 54
         22 15
         22 21
         22 23
         22 55
         23 16
         23 22
         23 56
         24 25
         24 33
         24 57
         25 3
         25 24
         25 58
         26 20
         26 27
         26 59
         27 26
         27 28
         27 60
         28 27
         28 29
         28 32
         28 61
         29 28
         29 30
         29 62
         30 29
         30 31
         30 63
         31 30
         31 33
         31 64
         32 28
         32 33
         32 65
         33 12
         33 24
         33 31
         33 32
         33 66
         ;

set S := 1 2 3 4 5 6 7 8 9 10 11 12 13 14 15 16 17 18 19 20 21 22 23 24 25 26 27 28 29 30 31 32 33 34 35 36 37 38 39 40 41 42 43 44 45 46 47 48 49 50 51 52 53 54 55 56 57 58 59 60 61 62 63 64 65 66 67 68 69 70 71 72 73 74 75 76 77 78 79 80 81 82 83 84 85 86 87 88 89 90 91 92 93 94 95 96 97 98 99 100 101 102 103 104 105 106 107 108 109 110 111 112 113 114 115 116 117 118 119 120 121 122 123 124 125 126 127 128 129 130 131 132 133 134 135 136 137 138 139 140 141 142 143 144 145 146 147 148 149 150 151 152 153 154 155 156 157 158 159 160 161 162 163 164 165 166 167 168 169 170 171 172 173 174 175 176 177 178 179 180 181 182 183 184 185 186 187 188 189 190 191 192 193 194 195 196 197 198 199 200 201 202 203 204 205 206 207 208 209 210 211 212 213 214 215 216 217 218 219 220 221 222 223 224 225 226 227 228 229 230 231 232 233 234 235 236 237 238 239 240 241 242 243 244 245 246 247 248 249 250 251 252 253 254 255 256 257 258 259 260 261 262 263 264 265 266 267 268 269 270 271 272 273 274 275 276 277 278 279 280 281 282 283 284 285 286 287 288 289 290 291 292 293 294 295 296 297 298 299 300 301 302 303 304 305 306 307 308 309 310 311 312 313 314 315 316 317 318 319 320 321 322 323 324 325 326 327 328 329 330 331 332 333 334 335 336 337 338 339 340 341 342 343 344 345 346 347 348 349 350 351 352 353 354 355 356 357 358 359 360 361 362 363 364 365 366 367 368 369 370 371 372 373 374 375 376 377 378 379 380 381 382 383 384 385 386 387 388 389 390 391 392 393 394 395 396 397 398 399 400 401 402 403 404 405 406 407 408 409 410 411 412 413 414 415 416 417 418 419 420 421 422 423;

set F[1] := 3 4
            4 1
            1 34
            ;
set F[2] := 3 4
            4 1
            1 2
            2 35
            ;
set F[3] := 3 4
            4 37
            ;
set F[4] := 3 4
            4 1
            1 2
            2 7
            7 6
            6 5
            5 38
            ;
set F[5] := 3 4
            4 1
            1 2
            2 7
            7 40
            ;
set F[6] := 3 4
            4 1
            1 2
            2 7
            7 9
            9 42
            ;
set F[7] := 3 4
            4 1
            1 2
            2 7
            7 9
            9 10
            10 43
            ;
set F[8] := 3 4
            4 1
            1 2
            2 7
            7 14
            14 47
            ;
set F[9] := 3 4
            4 1
            1 2
            2 7
            7 9
            9 10
            10 19
            19 18
            18 51
            ;
set F[10] := 3 4
             4 1
             1 2
             2 7
             7 14
             14 20
             20 53
             ;
set F[11] := 3 4
             4 1
             1 2
             2 7
             7 14
             14 20
             20 21
             21 54
             ;
set F[12] := 3 25
             25 24
             24 57
             ;
set F[13] := 3 25
             25 58
             ;
set F[14] := 3 25
             25 24
             24 33
             33 31
             31 30
             30 29
             29 62
             ;
set F[15] := 3 25
             25 24
             24 33
             33 31
             31 30
             30 63
             ;
set F[16] := 3 25
             25 24
             24 33
             33 32
             32 65
             ;
set F[17] := 3 25
             25 24
             24 33
             33 66
             ;
set F[18] := 5 6
             6 7
             7 2
             2 1
             1 34
             ;
set F[19] := 5 6
             6 7
             7 2
             2 35
             ;
set F[20] := 5 6
             6 7
             7 2
             2 1
             1 4
             4 3
             3 36
             ;
set F[21] := 5 6
             6 7
             7 2
             2 1
             1 4
             4 37
             ;
set F[22] := 5 6
             6 7
             7 40
             ;
set F[23] := 5 6
             6 7
             7 9
             9 42
             ;
set F[24] := 5 6
             6 7
             7 9
             9 10
             10 43
             ;
set F[25] := 5 6
             6 7
             7 14
             14 47
             ;
set F[26] := 5 6
             6 7
             7 9
             9 10
             10 19
             19 18
             18 17
             17 50
             ;
set F[27] := 5 6
             6 7
             7 9
             9 10
             10 19
             19 18
             18 51
             ;
set F[28] := 5 6
             6 7
             7 14
             14 20
             20 53
             ;
set F[29] := 5 6
             6 7
             7 14
             14 20
             20 21
             21 54
             ;
set F[30] := 5 6
             6 7
             7 14
             14 11
             11 12
             12 33
             33 24
             24 57
             ;
set F[31] := 5 6
             6 7
             7 2
             2 1
             1 4
             4 3
             3 25
             25 58
             ;
set F[32] := 5 6
             6 7
             7 14
             14 20
             20 26
             26 27
             27 28
             28 61
             ;
set F[33] := 5 6
             6 7
             7 14
             14 20
             20 26
             26 27
             27 28
             28 29
             29 62
             ;
set F[34] := 5 6
             6 7
             7 14
             14 11
             11 12
             12 33
             33 31
             31 30
             30 63
             ;
set F[35] := 5 6
             6 7
             7 14
             14 11
             11 12
             12 33
             33 32
             32 65
             ;
set F[36] := 5 6
             6 7
             7 14
             14 11
             11 12
             12 33
             33 66
             ;
set F[37] := 6 7
             7 2
             2 1
             1 34
             ;
set F[38] := 6 7
             7 2
             2 35
             ;
set F[39] := 6 7
             7 2
             2 1
             1 4
             4 37
             ;
set F[40] := 6 5
             5 38
             ;
set F[41] := 6 7
             7 40
             ;
set F[42] := 6 7
             7 9
             9 42
             ;
set F[43] := 6 7
             7 9
             9 10
             10 43
             ;
set F[44] := 6 7
             7 14
             14 47
             ;
set F[45] := 6 7
             7 14
             14 20
             20 21
             21 54
             ;
set F[46] := 6 7
             7 14
             14 11
             11 12
             12 33
             33 24
             24 57
             ;
set F[47] := 6 7
             7 2
             2 1
             1 4
             4 3
             3 25
             25 58
             ;
set F[48] := 6 7
             7 14
             14 20
             20 26
             26 27
             27 28
             28 29
             29 62
             ;
set F[49] := 6 7
             7 14
             14 11
             11 12
             12 33
             33 31
             31 30
             30 63
             ;
set F[50] := 6 7
             7 14
             14 11
             11 12
             12 33
             33 32
             32 65
             ;
set F[51] := 6 7
             7 14
             14 11
             11 12
             12 33
             33 66
             ;
set F[52] := 7 2
             2 1
             1 34
             ;
set F[53] := 7 2
             2 35
             ;
set F[54] := 7 2
             2 1
             1 4
             4 3
             3 36
             ;
set F[55] := 7 2
             2 1
             1 4
             4 37
             ;
set F[56] := 7 6
             6 5
             5 38
             ;
set F[57] := 7 6
             6 39
             ;
set F[58] := 7 9
             9 42
             ;
set F[59] := 7 9
             9 10
             10 43
             ;
set F[60] := 7 14
             14 47
             ;
set F[61] := 7 9
             9 10
             10 19
             19 18
             18 17
             17 50
             ;
set F[62] := 7 9
             9 10
             10 19
             19 18
             18 51
             ;
set F[63] := 7 14
             14 20
             20 53
             ;
set F[64] := 7 14
             14 20
             20 21
             21 54
             ;
set F[65] := 7 14
             14 20
             20 21
             21 22
             22 23
             23 56
             ;
set F[66] := 7 14
             14 11
             11 12
             12 33
             33 24
             24 57
             ;
set F[67] := 7 2
             2 1
             1 4
             4 3
             3 25
             25 58
             ;
set F[68] := 7 14
             14 20
             20 26
             26 27
             27 28
             28 61
             ;
set F[69] := 7 14
             14 20
             20 26
             26 27
             27 28
             28 29
             29 62
             ;
set F[70] := 7 14
             14 11
             11 12
             12 33
             33 31
             31 30
             30 63
             ;
set F[71] := 7 14
             14 11
             11 12
             12 33
             33 32
             32 65
             ;
set F[72] := 7 14
             14 11
             11 12
             12 33
             33 66
             ;
set F[73] := 9 7
             7 2
             2 1
             1 34
             ;
set F[74] := 9 7
             7 2
             2 35
             ;
set F[75] := 9 7
             7 2
             2 1
             1 4
             4 3
             3 36
             ;
set F[76] := 9 7
             7 2
             2 1
             1 4
             4 37
             ;
set F[77] := 9 7
             7 6
             6 5
             5 38
             ;
set F[78] := 9 7
             7 6
             6 39
             ;
set F[79] := 9 7
             7 40
             ;
set F[80] := 9 10
             10 43
             ;
set F[81] := 9 7
             7 14
             14 47
             ;
set F[82] := 9 10
             10 19
             19 18
             18 17
             17 16
             16 49
             ;
set F[83] := 9 10
             10 19
             19 18
             18 17
             17 50
             ;
set F[84] := 9 10
             10 19
             19 18
             18 51
             ;
set F[85] := 9 7
             7 14
             14 20
             20 53
             ;
set F[86] := 9 7
             7 14
             14 20
             20 21
             21 54
             ;
set F[87] := 9 10
             10 19
             19 15
             15 22
             22 23
             23 56
             ;
set F[88] := 9 7
             7 14
             14 11
             11 12
             12 33
             33 24
             24 57
             ;
set F[89] := 9 7
             7 2
             2 1
             1 4
             4 3
             3 25
             25 58
             ;
set F[90] := 9 7
             7 14
             14 20
             20 26
             26 27
             27 28
             28 61
             ;
set F[91] := 9 7
             7 14
             14 20
             20 26
             26 27
             27 28
             28 29
             29 62
             ;
set F[92] := 9 7
             7 14
             14 11
             11 12
             12 33
             33 31
             31 30
             30 63
             ;
set F[93] := 9 7
             7 14
             14 11
             11 12
             12 33
             33 32
             32 65
             ;
set F[94] := 9 7
             7 14
             14 11
             11 12
             12 33
             33 66
             ;
set F[95] := 10 9
             9 7
             7 2
             2 1
             1 34
             ;
set F[96] := 10 9
             9 7
             7 2
             2 35
             ;
set F[97] := 10 9
             9 7
             7 2
             2 1
             1 4
             4 3
             3 36
             ;
set F[98] := 10 9
             9 7
             7 2
             2 1
             1 4
             4 37
             ;
set F[99] := 10 9
             9 7
             7 6
             6 5
             5 38
             ;
set F[100] := 10 9
              9 7
              7 6
              6 39
              ;
set F[101] := 10 9
              9 7
              7 40
              ;
set F[102] := 10 9
              9 42
              ;
set F[103] := 10 9
              9 7
              7 14
              14 47
              ;
set F[104] := 10 19
              19 18
              18 17
              17 50
              ;
set F[105] := 10 19
              19 18
              18 51
              ;
set F[106] := 10 9
              9 7
              7 14
              14 20
              20 53
              ;
set F[107] := 10 19
              19 15
              15 22
              22 21
              21 54
              ;
set F[108] := 10 19
              19 15
              15 22
              22 23
              23 56
              ;
set F[109] := 10 9
              9 7
              7 14
              14 11
              11 12
              12 33
              33 24
              24 57
              ;
set F[110] := 10 9
              9 7
              7 2
              2 1
              1 4
              4 3
              3 25
              25 58
              ;
set F[111] := 10 9
              9 7
              7 14
              14 20
              20 26
              26 27
              27 28
              28 61
              ;
set F[112] := 10 9
              9 7
              7 14
              14 20
              20 26
              26 27
              27 28
              28 29
              29 62
              ;
set F[113] := 10 9
              9 7
              7 14
              14 11
              11 12
              12 33
              33 31
              31 30
              30 63
              ;
set F[114] := 10 9
              9 7
              7 14
              14 11
              11 12
              12 33
              33 32
              32 65
              ;
set F[115] := 10 9
              9 7
              7 14
              14 11
              11 12
              12 33
              33 66
              ;
set F[116] := 12 11
              11 14
              14 7
              7 2
              2 1
              1 34
              ;
set F[117] := 12 11
              11 14
              14 7
              7 2
              2 35
              ;
set F[118] := 12 33
              33 24
              24 25
              25 3
              3 36
              ;
set F[119] := 12 33
              33 24
              24 25
              25 3
              3 4
              4 37
              ;
set F[120] := 12 11
              11 14
              14 7
              7 6
              6 5
              5 38
              ;
set F[121] := 12 11
              11 14
              14 7
              7 40
              ;
set F[122] := 12 11
              11 14
              14 7
              7 9
              9 42
              ;
set F[123] := 12 11
              11 14
              14 7
              7 9
              9 10
              10 43
              ;
set F[124] := 12 11
              11 14
              14 47
              ;
set F[125] := 12 11
              11 14
              14 7
              7 9
              9 10
              10 19
              19 18
              18 17
              17 50
              ;
set F[126] := 12 11
              11 14
              14 7
              7 9
              9 10
              10 19
              19 18
              18 51
              ;
set F[127] := 12 11
              11 14
              14 20
              20 53
              ;
set F[128] := 12 11
              11 14
              14 20
              20 21
              21 54
              ;
set F[129] := 12 33
              33 24
              24 57
              ;
set F[130] := 12 33
              33 24
              24 25
              25 58
              ;
set F[131] := 12 33
              33 32
              32 28
              28 61
              ;
set F[132] := 12 33
              33 31
              31 30
              30 29
              29 62
              ;
set F[133] := 12 33
              33 31
              31 30
              30 63
              ;
set F[134] := 12 33
              33 32
              32 65
              ;
set F[135] := 12 33
              33 66
              ;
set F[136] := 14 7
              7 40
              ;
set F[137] := 14 7
              7 9
              9 42
              ;
set F[138] := 16 17
              17 18
              18 19
              19 10
              10 9
              9 7
              7 2
              2 1
              1 34
              ;
set F[139] := 16 17
              17 18
              18 19
              19 10
              10 9
              9 7
              7 2
              2 35
              ;
set F[140] := 16 17
              17 18
              18 19
              19 10
              10 9
              9 7
              7 2
              2 1
              1 4
              4 3
              3 36
              ;
set F[141] := 16 17
              17 18
              18 19
              19 10
              10 9
              9 7
              7 2
              2 1
              1 4
              4 37
              ;
set F[142] := 16 17
              17 18
              18 19
              19 10
              10 9
              9 7
              7 6
              6 5
              5 38
              ;
set F[143] := 16 17
              17 18
              18 19
              19 10
              10 9
              9 7
              7 6
              6 39
              ;
set F[144] := 16 17
              17 18
              18 19
              19 10
              10 9
              9 7
              7 40
              ;
set F[145] := 16 17
              17 18
              18 19
              19 10
              10 9
              9 42
              ;
set F[146] := 16 17
              17 18
              18 19
              19 10
              10 43
              ;
set F[147] := 16 23
              23 22
              22 21
              21 20
              20 14
              14 47
              ;
set F[148] := 16 17
              17 50
              ;
set F[149] := 16 17
              17 18
              18 51
              ;
set F[150] := 16 23
              23 22
              22 21
              21 20
              20 53
              ;
set F[151] := 16 23
              23 22
              22 21
              21 54
              ;
set F[152] := 16 23
              23 56
              ;
set F[153] := 16 23
              23 22
              22 21
              21 20
              20 14
              14 11
              11 12
              12 33
              33 24
              24 57
              ;
set F[154] := 16 23
              23 22
              22 21
              21 20
              20 14
              14 11
              11 12
              12 33
              33 24
              24 25
              25 58
              ;
set F[155] := 16 23
              23 22
              22 21
              21 20
              20 26
              26 27
              27 28
              28 61
              ;
set F[156] := 16 23
              23 22
              22 21
              21 20
              20 26
              26 27
              27 28
              28 29
              29 62
              ;
set F[157] := 16 23
              23 22
              22 21
              21 20
              20 26
              26 27
              27 28
              28 29
              29 30
              30 63
              ;
set F[158] := 16 23
              23 22
              22 21
              21 20
              20 26
              26 27
              27 28
              28 32
              32 65
              ;
set F[159] := 16 23
              23 22
              22 21
              21 20
              20 14
              14 11
              11 12
              12 33
              33 66
              ;
set F[160] := 17 18
              18 19
              19 10
              10 9
              9 7
              7 2
              2 1
              1 34
              ;
set F[161] := 17 18
              18 19
              19 10
              10 9
              9 7
              7 2
              2 35
              ;
set F[162] := 17 18
              18 19
              19 10
              10 9
              9 7
              7 2
              2 1
              1 4
              4 3
              3 36
              ;
set F[163] := 17 18
              18 19
              19 10
              10 9
              9 7
              7 2
              2 1
              1 4
              4 37
              ;
set F[164] := 17 18
              18 19
              19 10
              10 9
              9 7
              7 6
              6 5
              5 38
              ;
set F[165] := 17 18
              18 19
              19 10
              10 9
              9 7
              7 40
              ;
set F[166] := 17 18
              18 19
              19 10
              10 9
              9 42
              ;
set F[167] := 17 18
              18 19
              19 10
              10 43
              ;
set F[168] := 17 16
              16 23
              23 22
              22 21
              21 20
              20 14
              14 47
              ;
set F[169] := 17 18
              18 51
              ;
set F[170] := 17 16
              16 23
              23 22
              22 21
              21 20
              20 53
              ;
set F[171] := 17 16
              16 23
              23 22
              22 21
              21 54
              ;
set F[172] := 17 16
              16 23
              23 22
              22 21
              21 20
              20 14
              14 11
              11 12
              12 33
              33 24
              24 57
              ;
set F[173] := 17 18
              18 19
              19 10
              10 9
              9 7
              7 2
              2 1
              1 4
              4 3
              3 25
              25 58
              ;
set F[174] := 17 16
              16 23
              23 22
              22 21
              21 20
              20 26
              26 27
              27 28
              28 61
              ;
set F[175] := 17 16
              16 23
              23 22
              22 21
              21 20
              20 26
              26 27
              27 28
              28 29
              29 62
              ;
set F[176] := 17 16
              16 23
              23 22
              22 21
              21 20
              20 26
              26 27
              27 28
              28 29
              29 30
              30 63
              ;
set F[177] := 17 16
              16 23
              23 22
              22 21
              21 20
              20 26
              26 27
              27 28
              28 32
              32 65
              ;
set F[178] := 17 16
              16 23
              23 22
              22 21
              21 20
              20 14
              14 11
              11 12
              12 33
              33 66
              ;
set F[179] := 19 10
              10 9
              9 7
              7 2
              2 1
              1 34
              ;
set F[180] := 19 10
              10 9
              9 7
              7 2
              2 35
              ;
set F[181] := 19 10
              10 9
              9 7
              7 2
              2 1
              1 4
              4 3
              3 36
              ;
set F[182] := 19 10
              10 9
              9 7
              7 2
              2 1
              1 4
              4 37
              ;
set F[183] := 19 10
              10 9
              9 7
              7 6
              6 5
              5 38
              ;
set F[184] := 19 10
              10 9
              9 7
              7 6
              6 39
              ;
set F[185] := 19 10
              10 9
              9 7
              7 40
              ;
set F[186] := 19 10
              10 9
              9 42
              ;
set F[187] := 19 10
              10 43
              ;
set F[188] := 19 10
              10 9
              9 7
              7 14
              14 11
              11 44
              ;
set F[189] := 19 10
              10 9
              9 7
              7 14
              14 11
              11 12
              12 45
              ;
set F[190] := 19 10
              10 9
              9 7
              7 14
              14 47
              ;
set F[191] := 19 18
              18 17
              17 16
              16 49
              ;
set F[192] := 19 18
              18 17
              17 50
              ;
set F[193] := 19 18
              18 51
              ;
set F[194] := 19 15
              15 22
              22 21
              21 20
              20 53
              ;
set F[195] := 19 15
              15 22
              22 21
              21 54
              ;
set F[196] := 19 15
              15 22
              22 55
              ;
set F[197] := 19 15
              15 22
              22 23
              23 56
              ;
set F[198] := 19 10
              10 9
              9 7
              7 14
              14 11
              11 12
              12 33
              33 24
              24 57
              ;
set F[199] := 19 10
              10 9
              9 7
              7 2
              2 1
              1 4
              4 3
              3 25
              25 58
              ;
set F[200] := 19 15
              15 22
              22 21
              21 20
              20 26
              26 59
              ;
set F[201] := 19 15
              15 22
              22 21
              21 20
              20 26
              26 27
              27 60
              ;
set F[202] := 19 15
              15 22
              22 21
              21 20
              20 26
              26 27
              27 28
              28 61
              ;
set F[203] := 19 15
              15 22
              22 21
              21 20
              20 26
              26 27
              27 28
              28 29
              29 62
              ;
set F[204] := 19 10
              10 9
              9 7
              7 14
              14 11
              11 12
              12 33
              33 31
              31 30
              30 63
              ;
set F[205] := 19 10
              10 9
              9 7
              7 14
              14 11
              11 12
              12 33
              33 31
              31 64
              ;
set F[206] := 19 10
              10 9
              9 7
              7 14
              14 11
              11 12
              12 33
              33 32
              32 65
              ;
set F[207] := 19 10
              10 9
              9 7
              7 14
              14 11
              11 12
              12 33
              33 66
              ;
set F[208] := 20 14
              14 7
              7 2
              2 1
              1 34
              ;
set F[209] := 20 14
              14 7
              7 2
              2 35
              ;
set F[210] := 20 14
              14 7
              7 2
              2 1
              1 4
              4 3
              3 36
              ;
set F[211] := 20 14
              14 7
              7 2
              2 1
              1 4
              4 37
              ;
set F[212] := 20 14
              14 7
              7 6
              6 5
              5 38
              ;
set F[213] := 20 14
              14 7
              7 6
              6 39
              ;
set F[214] := 20 14
              14 7
              7 40
              ;
set F[215] := 20 14
              14 7
              7 9
              9 42
              ;
set F[216] := 20 14
              14 7
              7 9
              9 10
              10 43
              ;
set F[217] := 20 14
              14 11
              11 44
              ;
set F[218] := 20 14
              14 47
              ;
set F[219] := 20 21
              21 22
              22 23
              23 16
              16 49
              ;
set F[220] := 20 21
              21 22
              22 23
              23 16
              16 17
              17 50
              ;
set F[221] := 20 21
              21 22
              22 15
              15 19
              19 18
              18 51
              ;
set F[222] := 20 21
              21 54
              ;
set F[223] := 20 21
              21 22
              22 55
              ;
set F[224] := 20 21
              21 22
              22 23
              23 56
              ;
set F[225] := 20 14
              14 11
              11 12
              12 33
              33 24
              24 57
              ;
set F[226] := 20 14
              14 11
              11 12
              12 33
              33 24
              24 25
              25 58
              ;
set F[227] := 20 26
              26 59
              ;
set F[228] := 20 26
              26 27
              27 60
              ;
set F[229] := 20 26
              26 27
              27 28
              28 61
              ;
set F[230] := 20 26
              26 27
              27 28
              28 29
              29 62
              ;
set F[231] := 20 26
              26 27
              27 28
              28 29
              29 30
              30 63
              ;
set F[232] := 20 14
              14 11
              11 12
              12 33
              33 31
              31 64
              ;
set F[233] := 20 26
              26 27
              27 28
              28 32
              32 65
              ;
set F[234] := 20 14
              14 11
              11 12
              12 33
              33 66
              ;
set F[235] := 22 21
              21 20
              20 14
              14 7
              7 2
              2 1
              1 34
              ;
set F[236] := 22 21
              21 20
              20 14
              14 7
              7 2
              2 35
              ;
set F[237] := 22 21
              21 20
              20 14
              14 7
              7 2
              2 1
              1 4
              4 3
              3 36
              ;
set F[238] := 22 21
              21 20
              20 14
              14 7
              7 2
              2 1
              1 4
              4 37
              ;
set F[239] := 22 21
              21 20
              20 14
              14 7
              7 6
              6 5
              5 38
              ;
set F[240] := 22 21
              21 20
              20 14
              14 7
              7 6
              6 39
              ;
set F[241] := 22 21
              21 20
              20 14
              14 7
              7 40
              ;
set F[242] := 22 15
              15 19
              19 10
              10 9
              9 42
              ;
set F[243] := 22 15
              15 19
              19 10
              10 43
              ;
set F[244] := 22 21
              21 20
              20 14
              14 11
              11 44
              ;
set F[245] := 22 21
              21 20
              20 14
              14 47
              ;
set F[246] := 22 23
              23 16
              16 49
              ;
set F[247] := 22 23
              23 16
              16 17
              17 50
              ;
set F[248] := 22 15
              15 19
              19 18
              18 51
              ;
set F[249] := 22 21
              21 20
              20 53
              ;
set F[250] := 22 21
              21 54
              ;
set F[251] := 22 23
              23 56
              ;
set F[252] := 22 21
              21 20
              20 14
              14 11
              11 12
              12 33
              33 24
              24 57
              ;
set F[253] := 22 21
              21 20
              20 14
              14 11
              11 12
              12 33
              33 24
              24 25
              25 58
              ;
set F[254] := 22 21
              21 20
              20 26
              26 27
              27 60
              ;
set F[255] := 22 21
              21 20
              20 26
              26 27
              27 28
              28 61
              ;
set F[256] := 22 21
              21 20
              20 26
              26 27
              27 28
              28 29
              29 62
              ;
set F[257] := 22 21
              21 20
              20 26
              26 27
              27 28
              28 29
              29 30
              30 63
              ;
set F[258] := 22 21
              21 20
              20 14
              14 11
              11 12
              12 33
              33 31
              31 64
              ;
set F[259] := 22 21
              21 20
              20 26
              26 27
              27 28
              28 32
              32 65
              ;
set F[260] := 22 21
              21 20
              20 14
              14 11
              11 12
              12 33
              33 66
              ;
set F[261] := 23 22
              22 21
              21 20
              20 14
              14 7
              7 2
              2 1
              1 34
              ;
set F[262] := 23 22
              22 21
              21 20
              20 14
              14 7
              7 2
              2 35
              ;
set F[263] := 23 22
              22 21
              21 20
              20 14
              14 7
              7 2
              2 1
              1 4
              4 37
              ;
set F[264] := 23 22
              22 21
              21 20
              20 14
              14 7
              7 6
              6 5
              5 38
              ;
set F[265] := 23 22
              22 21
              21 20
              20 14
              14 7
              7 40
              ;
set F[266] := 23 22
              22 15
              15 19
              19 10
              10 9
              9 42
              ;
set F[267] := 23 22
              22 15
              15 19
              19 10
              10 43
              ;
set F[268] := 23 22
              22 21
              21 20
              20 14
              14 47
              ;
set F[269] := 23 16
              16 17
              17 18
              18 51
              ;
set F[270] := 23 22
              22 21
              21 20
              20 53
              ;
set F[271] := 23 22
              22 21
              21 54
              ;
set F[272] := 23 22
              22 21
              21 20
              20 14
              14 11
              11 12
              12 33
              33 24
              24 57
              ;
set F[273] := 23 22
              22 21
              21 20
              20 14
              14 11
              11 12
              12 33
              33 24
              24 25
              25 58
              ;
set F[274] := 23 22
              22 21
              21 20
              20 26
              26 27
              27 28
              28 29
              29 62
              ;
set F[275] := 23 22
              22 21
              21 20
              20 26
              26 27
              27 28
              28 29
              29 30
              30 63
              ;
set F[276] := 23 22
              22 21
              21 20
              20 26
              26 27
              27 28
              28 32
              32 65
              ;
set F[277] := 23 22
              22 21
              21 20
              20 14
              14 11
              11 12
              12 33
              33 66
              ;
set F[278] := 25 3
              3 4
              4 1
              1 2
              2 7
              7 40
              ;
set F[279] := 25 3
              3 4
              4 1
              1 2
              2 7
              7 9
              9 42
              ;
set F[280] := 25 24
              24 33
              33 12
              12 11
              11 14
              14 47
              ;
set F[281] := 26 20
              20 14
              14 7
              7 2
              2 1
              1 34
              ;
set F[282] := 26 20
              20 14
              14 7
              7 2
              2 35
              ;
set F[283] := 26 20
              20 14
              14 7
              7 2
              2 1
              1 4
              4 3
              3 36
              ;
set F[284] := 26 20
              20 14
              14 7
              7 2
              2 1
              1 4
              4 37
              ;
set F[285] := 26 20
              20 14
              14 7
              7 6
              6 5
              5 38
              ;
set F[286] := 26 20
              20 14
              14 7
              7 40
              ;
set F[287] := 26 20
              20 14
              14 7
              7 9
              9 42
              ;
set F[288] := 26 20
              20 14
              14 7
              7 9
              9 10
              10 43
              ;
set F[289] := 26 20
              20 14
              14 47
              ;
set F[290] := 26 20
              20 21
              21 22
              22 23
              23 16
              16 17
              17 50
              ;
set F[291] := 26 20
              20 21
              21 22
              22 15
              15 19
              19 18
              18 51
              ;
set F[292] := 26 20
              20 53
              ;
set F[293] := 26 20
              20 21
              21 54
              ;
set F[294] := 26 27
              27 28
              28 32
              32 33
              33 24
              24 57
              ;
set F[295] := 26 27
              27 28
              28 32
              32 33
              33 24
              24 25
              25 58
              ;
set F[296] := 26 27
              27 28
              28 61
              ;
set F[297] := 26 27
              27 28
              28 29
              29 62
              ;
set F[298] := 26 27
              27 28
              28 29
              29 30
              30 63
              ;
set F[299] := 26 27
              27 28
              28 32
              32 65
              ;
set F[300] := 26 27
              27 28
              28 32
              32 33
              33 66
              ;
set F[301] := 27 26
              26 20
              20 14
              14 7
              7 2
              2 1
              1 34
              ;
set F[302] := 27 26
              26 20
              20 14
              14 7
              7 2
              2 35
              ;
set F[303] := 27 28
              28 32
              32 33
              33 24
              24 25
              25 3
              3 36
              ;
set F[304] := 27 26
              26 20
              20 14
              14 7
              7 2
              2 1
              1 4
              4 37
              ;
set F[305] := 27 26
              26 20
              20 14
              14 7
              7 6
              6 5
              5 38
              ;
set F[306] := 27 26
              26 20
              20 14
              14 7
              7 40
              ;
set F[307] := 27 26
              26 20
              20 14
              14 7
              7 9
              9 42
              ;
set F[308] := 27 26
              26 20
              20 14
              14 7
              7 9
              9 10
              10 43
              ;
set F[309] := 27 26
              26 20
              20 14
              14 47
              ;
set F[310] := 27 26
              26 20
              20 21
              21 22
              22 23
              23 16
              16 17
              17 50
              ;
set F[311] := 27 26
              26 20
              20 21
              21 22
              22 15
              15 19
              19 18
              18 51
              ;
set F[312] := 27 26
              26 20
              20 53
              ;
set F[313] := 27 26
              26 20
              20 21
              21 54
              ;
set F[314] := 27 28
              28 32
              32 33
              33 24
              24 57
              ;
set F[315] := 27 28
              28 32
              32 33
              33 24
              24 25
              25 58
              ;
set F[316] := 27 28
              28 61
              ;
set F[317] := 27 28
              28 29
              29 62
              ;
set F[318] := 27 28
              28 29
              29 30
              30 63
              ;
set F[319] := 27 28
              28 32
              32 65
              ;
set F[320] := 27 28
              28 32
              32 33
              33 66
              ;
set F[321] := 28 27
              27 26
              26 20
              20 14
              14 7
              7 2
              2 1
              1 34
              ;
set F[322] := 28 27
              27 26
              26 20
              20 14
              14 7
              7 2
              2 35
              ;
set F[323] := 28 32
              32 33
              33 24
              24 25
              25 3
              3 36
              ;
set F[324] := 28 32
              32 33
              33 24
              24 25
              25 3
              3 4
              4 37
              ;
set F[325] := 28 27
              27 26
              26 20
              20 14
              14 7
              7 6
              6 5
              5 38
              ;
set F[326] := 28 27
              27 26
              26 20
              20 14
              14 7
              7 6
              6 39
              ;
set F[327] := 28 27
              27 26
              26 20
              20 14
              14 7
              7 40
              ;
set F[328] := 28 27
              27 26
              26 20
              20 14
              14 7
              7 9
              9 42
              ;
set F[329] := 28 27
              27 26
              26 20
              20 14
              14 7
              7 9
              9 10
              10 43
              ;
set F[330] := 28 32
              32 33
              33 12
              12 11
              11 44
              ;
set F[331] := 28 32
              32 33
              33 12
              12 45
              ;
set F[332] := 28 27
              27 26
              26 20
              20 14
              14 47
              ;
set F[333] := 28 27
              27 26
              26 20
              20 21
              21 22
              22 23
              23 16
              16 49
              ;
set F[334] := 28 27
              27 26
              26 20
              20 21
              21 22
              22 23
              23 16
              16 17
              17 50
              ;
set F[335] := 28 27
              27 26
              26 20
              20 21
              21 22
              22 15
              15 19
              19 18
              18 51
              ;
set F[336] := 28 27
              27 26
              26 20
              20 53
              ;
set F[337] := 28 27
              27 26
              26 20
              20 21
              21 54
              ;
set F[338] := 28 27
              27 26
              26 20
              20 21
              21 22
              22 55
              ;
set F[339] := 28 27
              27 26
              26 20
              20 21
              21 22
              22 23
              23 56
              ;
set F[340] := 28 32
              32 33
              33 24
              24 57
              ;
set F[341] := 28 32
              32 33
              33 24
              24 25
              25 58
              ;
set F[342] := 28 27
              27 26
              26 59
              ;
set F[343] := 28 27
              27 60
              ;
set F[344] := 28 29
              29 62
              ;
set F[345] := 28 29
              29 30
              30 63
              ;
set F[346] := 28 29
              29 30
              30 31
              31 64
              ;
set F[347] := 28 32
              32 65
              ;
set F[348] := 28 32
              32 33
              33 66
              ;
set F[349] := 30 31
              31 33
              33 24
              24 25
              25 3
              3 4
              4 1
              1 34
              ;
set F[350] := 30 31
              31 33
              33 12
              12 11
              11 14
              14 7
              7 2
              2 35
              ;
set F[351] := 30 31
              31 33
              33 24
              24 25
              25 3
              3 36
              ;
set F[352] := 30 31
              31 33
              33 24
              24 25
              25 3
              3 4
              4 37
              ;
set F[353] := 30 31
              31 33
              33 12
              12 11
              11 14
              14 7
              7 6
              6 5
              5 38
              ;
set F[354] := 30 31
              31 33
              33 12
              12 11
              11 14
              14 7
              7 6
              6 39
              ;
set F[355] := 30 31
              31 33
              33 12
              12 11
              11 14
              14 7
              7 40
              ;
set F[356] := 30 31
              31 33
              33 12
              12 11
              11 14
              14 7
              7 9
              9 42
              ;
set F[357] := 30 31
              31 33
              33 12
              12 11
              11 14
              14 7
              7 9
              9 10
              10 43
              ;
set F[358] := 30 31
              31 33
              33 12
              12 11
              11 44
              ;
set F[359] := 30 31
              31 33
              33 12
              12 11
              11 14
              14 47
              ;
set F[360] := 30 29
              29 28
              28 27
              27 26
              26 20
              20 21
              21 22
              22 23
              23 16
              16 49
              ;
set F[361] := 30 29
              29 28
              28 27
              27 26
              26 20
              20 21
              21 22
              22 23
              23 16
              16 17
              17 50
              ;
set F[362] := 30 29
              29 28
              28 27
              27 26
              26 20
              20 21
              21 22
              22 15
              15 19
              19 18
              18 51
              ;
set F[363] := 30 29
              29 28
              28 27
              27 26
              26 20
              20 53
              ;
set F[364] := 30 29
              29 28
              28 27
              27 26
              26 20
              20 21
              21 54
              ;
set F[365] := 30 29
              29 28
              28 27
              27 26
              26 20
              20 21
              21 22
              22 55
              ;
set F[366] := 30 29
              29 28
              28 27
              27 26
              26 20
              20 21
              21 22
              22 23
              23 56
              ;
set F[367] := 30 31
              31 33
              33 24
              24 57
              ;
set F[368] := 30 31
              31 33
              33 24
              24 25
              25 58
              ;
set F[369] := 30 29
              29 28
              28 61
              ;
set F[370] := 30 29
              29 62
              ;
set F[371] := 30 29
              29 28
              28 32
              32 65
              ;
set F[372] := 30 31
              31 33
              33 66
              ;
set F[373] := 31 33
              33 24
              24 25
              25 3
              3 4
              4 1
              1 34
              ;
set F[374] := 31 33
              33 12
              12 11
              11 14
              14 7
              7 2
              2 35
              ;
set F[375] := 31 33
              33 24
              24 25
              25 3
              3 36
              ;
set F[376] := 31 33
              33 24
              24 25
              25 3
              3 4
              4 37
              ;
set F[377] := 31 33
              33 12
              12 11
              11 14
              14 7
              7 6
              6 5
              5 38
              ;
set F[378] := 31 33
              33 12
              12 11
              11 14
              14 7
              7 6
              6 39
              ;
set F[379] := 31 33
              33 12
              12 11
              11 14
              14 7
              7 40
              ;
set F[380] := 31 33
              33 12
              12 11
              11 14
              14 7
              7 9
              9 42
              ;
set F[381] := 31 33
              33 12
              12 11
              11 14
              14 7
              7 9
              9 10
              10 43
              ;
set F[382] := 31 33
              33 12
              12 11
              11 14
              14 47
              ;
set F[383] := 31 33
              33 12
              12 11
              11 14
              14 20
              20 21
              21 22
              22 23
              23 16
              16 49
              ;
set F[384] := 31 33
              33 12
              12 11
              11 14
              14 7
              7 9
              9 10
              10 19
              19 18
              18 17
              17 50
              ;
set F[385] := 31 33
              33 12
              12 11
              11 14
              14 7
              7 9
              9 10
              10 19
              19 18
              18 51
              ;
set F[386] := 31 33
              33 12
              12 11
              11 14
              14 20
              20 53
              ;
set F[387] := 31 33
              33 12
              12 11
              11 14
              14 20
              20 21
              21 54
              ;
set F[388] := 31 33
              33 12
              12 11
              11 14
              14 20
              20 21
              21 22
              22 23
              23 56
              ;
set F[389] := 31 33
              33 24
              24 57
              ;
set F[390] := 31 33
              33 24
              24 25
              25 58
              ;
set F[391] := 31 30
              30 29
              29 28
              28 61
              ;
set F[392] := 31 30
              30 29
              29 62
              ;
set F[393] := 31 30
              30 63
              ;
set F[394] := 31 33
              33 32
              32 65
              ;
set F[395] := 31 33
              33 66
              ;
set F[396] := 33 24
              24 25
              25 3
              3 4
              4 1
              1 34
              ;
set F[397] := 33 12
              12 11
              11 14
              14 7
              7 2
              2 35
              ;
set F[398] := 33 24
              24 25
              25 3
              3 36
              ;
set F[399] := 33 24
              24 25
              25 3
              3 4
              4 37
              ;
set F[400] := 33 12
              12 11
              11 14
              14 7
              7 6
              6 5
              5 38
              ;
set F[401] := 33 12
              12 11
              11 14
              14 7
              7 6
              6 39
              ;
set F[402] := 33 12
              12 11
              11 14
              14 7
              7 40
              ;
set F[403] := 33 12
              12 11
              11 14
              14 7
              7 9
              9 42
              ;
set F[404] := 33 12
              12 11
              11 14
              14 7
              7 9
              9 10
              10 43
              ;
set F[405] := 33 12
              12 11
              11 44
              ;
set F[406] := 33 12
              12 45
              ;
set F[407] := 33 12
              12 11
              11 14
              14 47
              ;
set F[408] := 33 12
              12 11
              11 14
              14 20
              20 21
              21 22
              22 23
              23 16
              16 49
              ;
set F[409] := 33 12
              12 11
              11 14
              14 7
              7 9
              9 10
              10 19
              19 18
              18 17
              17 50
              ;
set F[410] := 33 12
              12 11
              11 14
              14 7
              7 9
              9 10
              10 19
              19 18
              18 51
              ;
set F[411] := 33 12
              12 11
              11 14
              14 20
              20 53
              ;
set F[412] := 33 12
              12 11
              11 14
              14 20
              20 21
              21 54
              ;
set F[413] := 33 12
              12 11
              11 14
              14 20
              20 21
              21 22
              22 55
              ;
set F[414] := 33 12
              12 11
              11 14
              14 20
              20 21
              21 22
              22 23
              23 56
              ;
set F[415] := 33 24
              24 57
              ;
set F[416] := 33 24
              24 25
              25 58
              ;
set F[417] := 33 32
              32 28
              28 27
              27 26
              26 59
              ;
set F[418] := 33 32
              32 28
              28 27
              27 60
              ;
set F[419] := 33 32
              32 28
              28 61
              ;
set F[420] := 33 31
              31 30
              30 29
              29 62
              ;
set F[421] := 33 31
              31 30
              30 63
              ;
set F[422] := 33 31
              31 64
              ;
set F[423] := 33 32
              32 65
              ;
set Last[1] := 1 34;
set Last[2] := 2 35;
set Last[3] := 4 37;
set Last[4] := 5 38;
set Last[5] := 7 40;
set Last[6] := 9 42;
set Last[7] := 10 43;
set Last[8] := 14 47;
set Last[9] := 18 51;
set Last[10] := 20 53;
set Last[11] := 21 54;
set Last[12] := 24 57;
set Last[13] := 25 58;
set Last[14] := 29 62;
set Last[15] := 30 63;
set Last[16] := 32 65;
set Last[17] := 33 66;
set Last[18] := 1 34;
set Last[19] := 2 35;
set Last[20] := 3 36;
set Last[21] := 4 37;
set Last[22] := 7 40;
set Last[23] := 9 42;
set Last[24] := 10 43;
set Last[25] := 14 47;
set Last[26] := 17 50;
set Last[27] := 18 51;
set Last[28] := 20 53;
set Last[29] := 21 54;
set Last[30] := 24 57;
set Last[31] := 25 58;
set Last[32] := 28 61;
set Last[33] := 29 62;
set Last[34] := 30 63;
set Last[35] := 32 65;
set Last[36] := 33 66;
set Last[37] := 1 34;
set Last[38] := 2 35;
set Last[39] := 4 37;
set Last[40] := 5 38;
set Last[41] := 7 40;
set Last[42] := 9 42;
set Last[43] := 10 43;
set Last[44] := 14 47;
set Last[45] := 21 54;
set Last[46] := 24 57;
set Last[47] := 25 58;
set Last[48] := 29 62;
set Last[49] := 30 63;
set Last[50] := 32 65;
set Last[51] := 33 66;
set Last[52] := 1 34;
set Last[53] := 2 35;
set Last[54] := 3 36;
set Last[55] := 4 37;
set Last[56] := 5 38;
set Last[57] := 6 39;
set Last[58] := 9 42;
set Last[59] := 10 43;
set Last[60] := 14 47;
set Last[61] := 17 50;
set Last[62] := 18 51;
set Last[63] := 20 53;
set Last[64] := 21 54;
set Last[65] := 23 56;
set Last[66] := 24 57;
set Last[67] := 25 58;
set Last[68] := 28 61;
set Last[69] := 29 62;
set Last[70] := 30 63;
set Last[71] := 32 65;
set Last[72] := 33 66;
set Last[73] := 1 34;
set Last[74] := 2 35;
set Last[75] := 3 36;
set Last[76] := 4 37;
set Last[77] := 5 38;
set Last[78] := 6 39;
set Last[79] := 7 40;
set Last[80] := 10 43;
set Last[81] := 14 47;
set Last[82] := 16 49;
set Last[83] := 17 50;
set Last[84] := 18 51;
set Last[85] := 20 53;
set Last[86] := 21 54;
set Last[87] := 23 56;
set Last[88] := 24 57;
set Last[89] := 25 58;
set Last[90] := 28 61;
set Last[91] := 29 62;
set Last[92] := 30 63;
set Last[93] := 32 65;
set Last[94] := 33 66;
set Last[95] := 1 34;
set Last[96] := 2 35;
set Last[97] := 3 36;
set Last[98] := 4 37;
set Last[99] := 5 38;
set Last[100] := 6 39;
set Last[101] := 7 40;
set Last[102] := 9 42;
set Last[103] := 14 47;
set Last[104] := 17 50;
set Last[105] := 18 51;
set Last[106] := 20 53;
set Last[107] := 21 54;
set Last[108] := 23 56;
set Last[109] := 24 57;
set Last[110] := 25 58;
set Last[111] := 28 61;
set Last[112] := 29 62;
set Last[113] := 30 63;
set Last[114] := 32 65;
set Last[115] := 33 66;
set Last[116] := 1 34;
set Last[117] := 2 35;
set Last[118] := 3 36;
set Last[119] := 4 37;
set Last[120] := 5 38;
set Last[121] := 7 40;
set Last[122] := 9 42;
set Last[123] := 10 43;
set Last[124] := 14 47;
set Last[125] := 17 50;
set Last[126] := 18 51;
set Last[127] := 20 53;
set Last[128] := 21 54;
set Last[129] := 24 57;
set Last[130] := 25 58;
set Last[131] := 28 61;
set Last[132] := 29 62;
set Last[133] := 30 63;
set Last[134] := 32 65;
set Last[135] := 33 66;
set Last[136] := 7 40;
set Last[137] := 9 42;
set Last[138] := 1 34;
set Last[139] := 2 35;
set Last[140] := 3 36;
set Last[141] := 4 37;
set Last[142] := 5 38;
set Last[143] := 6 39;
set Last[144] := 7 40;
set Last[145] := 9 42;
set Last[146] := 10 43;
set Last[147] := 14 47;
set Last[148] := 17 50;
set Last[149] := 18 51;
set Last[150] := 20 53;
set Last[151] := 21 54;
set Last[152] := 23 56;
set Last[153] := 24 57;
set Last[154] := 25 58;
set Last[155] := 28 61;
set Last[156] := 29 62;
set Last[157] := 30 63;
set Last[158] := 32 65;
set Last[159] := 33 66;
set Last[160] := 1 34;
set Last[161] := 2 35;
set Last[162] := 3 36;
set Last[163] := 4 37;
set Last[164] := 5 38;
set Last[165] := 7 40;
set Last[166] := 9 42;
set Last[167] := 10 43;
set Last[168] := 14 47;
set Last[169] := 18 51;
set Last[170] := 20 53;
set Last[171] := 21 54;
set Last[172] := 24 57;
set Last[173] := 25 58;
set Last[174] := 28 61;
set Last[175] := 29 62;
set Last[176] := 30 63;
set Last[177] := 32 65;
set Last[178] := 33 66;
set Last[179] := 1 34;
set Last[180] := 2 35;
set Last[181] := 3 36;
set Last[182] := 4 37;
set Last[183] := 5 38;
set Last[184] := 6 39;
set Last[185] := 7 40;
set Last[186] := 9 42;
set Last[187] := 10 43;
set Last[188] := 11 44;
set Last[189] := 12 45;
set Last[190] := 14 47;
set Last[191] := 16 49;
set Last[192] := 17 50;
set Last[193] := 18 51;
set Last[194] := 20 53;
set Last[195] := 21 54;
set Last[196] := 22 55;
set Last[197] := 23 56;
set Last[198] := 24 57;
set Last[199] := 25 58;
set Last[200] := 26 59;
set Last[201] := 27 60;
set Last[202] := 28 61;
set Last[203] := 29 62;
set Last[204] := 30 63;
set Last[205] := 31 64;
set Last[206] := 32 65;
set Last[207] := 33 66;
set Last[208] := 1 34;
set Last[209] := 2 35;
set Last[210] := 3 36;
set Last[211] := 4 37;
set Last[212] := 5 38;
set Last[213] := 6 39;
set Last[214] := 7 40;
set Last[215] := 9 42;
set Last[216] := 10 43;
set Last[217] := 11 44;
set Last[218] := 14 47;
set Last[219] := 16 49;
set Last[220] := 17 50;
set Last[221] := 18 51;
set Last[222] := 21 54;
set Last[223] := 22 55;
set Last[224] := 23 56;
set Last[225] := 24 57;
set Last[226] := 25 58;
set Last[227] := 26 59;
set Last[228] := 27 60;
set Last[229] := 28 61;
set Last[230] := 29 62;
set Last[231] := 30 63;
set Last[232] := 31 64;
set Last[233] := 32 65;
set Last[234] := 33 66;
set Last[235] := 1 34;
set Last[236] := 2 35;
set Last[237] := 3 36;
set Last[238] := 4 37;
set Last[239] := 5 38;
set Last[240] := 6 39;
set Last[241] := 7 40;
set Last[242] := 9 42;
set Last[243] := 10 43;
set Last[244] := 11 44;
set Last[245] := 14 47;
set Last[246] := 16 49;
set Last[247] := 17 50;
set Last[248] := 18 51;
set Last[249] := 20 53;
set Last[250] := 21 54;
set Last[251] := 23 56;
set Last[252] := 24 57;
set Last[253] := 25 58;
set Last[254] := 27 60;
set Last[255] := 28 61;
set Last[256] := 29 62;
set Last[257] := 30 63;
set Last[258] := 31 64;
set Last[259] := 32 65;
set Last[260] := 33 66;
set Last[261] := 1 34;
set Last[262] := 2 35;
set Last[263] := 4 37;
set Last[264] := 5 38;
set Last[265] := 7 40;
set Last[266] := 9 42;
set Last[267] := 10 43;
set Last[268] := 14 47;
set Last[269] := 18 51;
set Last[270] := 20 53;
set Last[271] := 21 54;
set Last[272] := 24 57;
set Last[273] := 25 58;
set Last[274] := 29 62;
set Last[275] := 30 63;
set Last[276] := 32 65;
set Last[277] := 33 66;
set Last[278] := 7 40;
set Last[279] := 9 42;
set Last[280] := 14 47;
set Last[281] := 1 34;
set Last[282] := 2 35;
set Last[283] := 3 36;
set Last[284] := 4 37;
set Last[285] := 5 38;
set Last[286] := 7 40;
set Last[287] := 9 42;
set Last[288] := 10 43;
set Last[289] := 14 47;
set Last[290] := 17 50;
set Last[291] := 18 51;
set Last[292] := 20 53;
set Last[293] := 21 54;
set Last[294] := 24 57;
set Last[295] := 25 58;
set Last[296] := 28 61;
set Last[297] := 29 62;
set Last[298] := 30 63;
set Last[299] := 32 65;
set Last[300] := 33 66;
set Last[301] := 1 34;
set Last[302] := 2 35;
set Last[303] := 3 36;
set Last[304] := 4 37;
set Last[305] := 5 38;
set Last[306] := 7 40;
set Last[307] := 9 42;
set Last[308] := 10 43;
set Last[309] := 14 47;
set Last[310] := 17 50;
set Last[311] := 18 51;
set Last[312] := 20 53;
set Last[313] := 21 54;
set Last[314] := 24 57;
set Last[315] := 25 58;
set Last[316] := 28 61;
set Last[317] := 29 62;
set Last[318] := 30 63;
set Last[319] := 32 65;
set Last[320] := 33 66;
set Last[321] := 1 34;
set Last[322] := 2 35;
set Last[323] := 3 36;
set Last[324] := 4 37;
set Last[325] := 5 38;
set Last[326] := 6 39;
set Last[327] := 7 40;
set Last[328] := 9 42;
set Last[329] := 10 43;
set Last[330] := 11 44;
set Last[331] := 12 45;
set Last[332] := 14 47;
set Last[333] := 16 49;
set Last[334] := 17 50;
set Last[335] := 18 51;
set Last[336] := 20 53;
set Last[337] := 21 54;
set Last[338] := 22 55;
set Last[339] := 23 56;
set Last[340] := 24 57;
set Last[341] := 25 58;
set Last[342] := 26 59;
set Last[343] := 27 60;
set Last[344] := 29 62;
set Last[345] := 30 63;
set Last[346] := 31 64;
set Last[347] := 32 65;
set Last[348] := 33 66;
set Last[349] := 1 34;
set Last[350] := 2 35;
set Last[351] := 3 36;
set Last[352] := 4 37;
set Last[353] := 5 38;
set Last[354] := 6 39;
set Last[355] := 7 40;
set Last[356] := 9 42;
set Last[357] := 10 43;
set Last[358] := 11 44;
set Last[359] := 14 47;
set Last[360] := 16 49;
set Last[361] := 17 50;
set Last[362] := 18 51;
set Last[363] := 20 53;
set Last[364] := 21 54;
set Last[365] := 22 55;
set Last[366] := 23 56;
set Last[367] := 24 57;
set Last[368] := 25 58;
set Last[369] := 28 61;
set Last[370] := 29 62;
set Last[371] := 32 65;
set Last[372] := 33 66;
set Last[373] := 1 34;
set Last[374] := 2 35;
set Last[375] := 3 36;
set Last[376] := 4 37;
set Last[377] := 5 38;
set Last[378] := 6 39;
set Last[379] := 7 40;
set Last[380] := 9 42;
set Last[381] := 10 43;
set Last[382] := 14 47;
set Last[383] := 16 49;
set Last[384] := 17 50;
set Last[385] := 18 51;
set Last[386] := 20 53;
set Last[387] := 21 54;
set Last[388] := 23 56;
set Last[389] := 24 57;
set Last[390] := 25 58;
set Last[391] := 28 61;
set Last[392] := 29 62;
set Last[393] := 30 63;
set Last[394] := 32 65;
set Last[395] := 33 66;
set Last[396] := 1 34;
set Last[397] := 2 35;
set Last[398] := 3 36;
set Last[399] := 4 37;
set Last[400] := 5 38;
set Last[401] := 6 39;
set Last[402] := 7 40;
set Last[403] := 9 42;
set Last[404] := 10 43;
set Last[405] := 11 44;
set Last[406] := 12 45;
set Last[407] := 14 47;
set Last[408] := 16 49;
set Last[409] := 17 50;
set Last[410] := 18 51;
set Last[411] := 20 53;
set Last[412] := 21 54;
set Last[413] := 22 55;
set Last[414] := 23 56;
set Last[415] := 24 57;
set Last[416] := 25 58;
set Last[417] := 26 59;
set Last[418] := 27 60;
set Last[419] := 28 61;
set Last[420] := 29 62;
set Last[421] := 30 63;
set Last[422] := 31 64;
set Last[423] := 32 65;

param q := 5;

end;
