data;

set V := 1 2 3 4 5 6 7 8 9 10 11 12 13 14 15 16 17 18 19 20 21 22 23 24 25 26 27 28 29 30 31 32 33 34 35 36 37 38 39 40 41 42 43 44 45 46 47 48 49 50 51 52 53 54 55 56;

set A := 1 2
         1 4
         1 29
         2 1
         2 14
         2 26
         2 30
         3 7
         3 20
         3 31
         4 1
         4 7
         4 32
         5 6
         5 8
         5 33
         6 5
         6 9
         6 34
         7 3
         7 4
         7 8
         7 35
         8 5
         8 7
         8 36
         9 6
         9 10
         9 37
         10 9
         10 17
         10 38
         11 12
         11 18
         11 39
         12 11
         12 13
         12 40
         13 12
         13 14
         13 16
         13 41
         14 2
         14 13
         14 42
         15 26
         15 27
         15 43
         16 13
         16 17
         16 44
         17 10
         17 16
         17 18
         17 45
         18 11
         18 17
         18 46
         19 23
         19 28
         19 47
         20 3
         20 27
         20 28
         20 48
         21 22
         21 24
         21 49
         22 21
         22 23
         22 50
         23 19
         23 22
         23 51
         24 21
         24 25
         24 52
         25 24
         25 26
         25 53
         26 2
         26 15
         26 25
         26 54
         27 15
         27 20
         27 55
         28 19
         28 20
         28 56
         ;

set S := 1 2 3 4 5 6 7 8 9 10 11 12 13 14 15 16 17 18 19 20 21 22 23 24 25 26 27 28 29 30 31 32 33 34 35 36 37 38 39 40 41 42 43 44 45 46 47 48 49 50 51 52 53 54 55 56 57 58 59 60 61 62 63 64 65 66 67 68 69 70 71 72 73 74 75 76 77 78 79 80 81 82 83 84 85 86 87 88 89 90 91 92 93 94 95 96 97 98 99 100 101 102 103 104 105 106 107 108 109 110 111 112 113 114 115 116 117 118 119 120 121 122 123 124 125 126 127 128 129 130 131 132 133 134 135 136 137 138 139 140 141 142 143 144 145 146 147 148 149 150 151 152 153 154 155 156 157 158 159 160 161 162 163 164 165 166 167 168 169 170 171 172 173 174 175 176 177 178 179 180 181 182 183 184 185 186 187 188 189 190 191 192 193 194 195 196 197 198 199 200 201 202 203 204 205 206 207 208 209 210 211 212 213 214 215 216 217 218 219 220 221 222 223 224 225 226 227 228 229 230 231 232 233 234 235 236 237 238 239 240 241 242 243 244 245 246 247 248 249 250 251 252 253 254 255 256 257 258 259 260 261 262 263 264 265 266 267 268 269 270 271 272 273 274 275 276 277 278 279 280 281 282 283 284 285 286 287 288 289 290 291 292 293 294 295 296 297 298 299 300 301 302 303 304 305 306 307 308 309 310 311 312 313 314 315 316 317 318 319 320 321 322 323 324 325 326 327 328 329 330 331 332 333 334 335 336 337 338 339 340 341 342 343 344 345 346 347 348 349 350 351 352 353 354 355 356 357 358 359 360 361 362 363 364 365 366 367 368 369 370 371 372 373 374 375 376 377 378 379 380 381 382 383 384 385 386 387 388 389 390 391 392 393 394 395 396 397 398 399 400 401 402 403 404 405 406 407 408 409 410 411 412 413 414 415 416 417 418 419 420 421 422 423 424 425 426 427 428 429 430 431 432 433 434 435 436 437 438 439 440 441 442 443 444 445 446 447 448 449 450 451 452 453 454 455 456 457 458 459 460 461 462 463 464 465 466 467 468 469 470 471 472 473 474 475 476 477 478 479 480 481 482 483 484 485 486 487 488 489 490 491 492 493 494 495 496 497 498 499 500 501 502 503 504 505 506 507 508 509 510 511 512 513 514 515 516 517 518 519 520 521 522 523 524 525 526 527 528 529 530 531 532 533 534 535 536 537 538 539 540 541 542 543 544 545 546 547 548 549 550 551 552 553 554 555 556 557 558 559 560 561 562 563 564 565 566 567 568 569 570 571 572 573 574 575 576 577 578 579 580 581 582 583 584 585 586 587 588 589 590 591 592 593 594 595 596 597 598 599 600 601 602 603 604 605;

set F[1] := 1 2
            2 14
            14 13
            13 16
            16 17
            17 45
            ;
set F[2] := 2 1
            1 29
            ;
set F[3] := 2 1
            1 4
            4 7
            7 3
            3 31
            ;
set F[4] := 2 1
            1 4
            4 32
            ;
set F[5] := 2 1
            1 4
            4 7
            7 8
            8 5
            5 33
            ;
set F[6] := 2 1
            1 4
            4 7
            7 8
            8 5
            5 6
            6 34
            ;
set F[7] := 2 1
            1 4
            4 7
            7 35
            ;
set F[8] := 2 1
            1 4
            4 7
            7 8
            8 36
            ;
set F[9] := 2 14
            14 13
            13 16
            16 17
            17 10
            10 9
            9 37
            ;
set F[10] := 2 14
             14 13
             13 16
             16 17
             17 10
             10 38
             ;
set F[11] := 2 14
             14 13
             13 12
             12 11
             11 39
             ;
set F[12] := 2 14
             14 13
             13 12
             12 40
             ;
set F[13] := 2 14
             14 42
             ;
set F[14] := 2 26
             26 15
             15 43
             ;
set F[15] := 2 14
             14 13
             13 16
             16 44
             ;
set F[16] := 2 14
             14 13
             13 16
             16 17
             17 45
             ;
set F[17] := 2 14
             14 13
             13 12
             12 11
             11 18
             18 46
             ;
set F[18] := 2 26
             26 15
             15 27
             27 20
             20 28
             28 19
             19 47
             ;
set F[19] := 2 26
             26 15
             15 27
             27 20
             20 48
             ;
set F[20] := 2 26
             26 25
             25 24
             24 21
             21 49
             ;
set F[21] := 2 26
             26 25
             25 24
             24 21
             21 22
             22 50
             ;
set F[22] := 2 26
             26 25
             25 24
             24 21
             21 22
             22 23
             23 51
             ;
set F[23] := 2 26
             26 25
             25 24
             24 52
             ;
set F[24] := 2 26
             26 54
             ;
set F[25] := 2 26
             26 15
             15 27
             27 55
             ;
set F[26] := 2 26
             26 15
             15 27
             27 20
             20 28
             28 56
             ;
set F[27] := 3 7
             7 4
             4 1
             1 29
             ;
set F[28] := 3 7
             7 4
             4 1
             1 2
             2 30
             ;
set F[29] := 3 7
             7 4
             4 32
             ;
set F[30] := 3 7
             7 8
             8 5
             5 33
             ;
set F[31] := 3 7
             7 8
             8 5
             5 6
             6 34
             ;
set F[32] := 3 7
             7 35
             ;
set F[33] := 3 7
             7 8
             8 36
             ;
set F[34] := 3 7
             7 8
             8 5
             5 6
             6 9
             9 37
             ;
set F[35] := 3 7
             7 8
             8 5
             5 6
             6 9
             9 10
             10 38
             ;
set F[36] := 3 7
             7 4
             4 1
             1 2
             2 14
             14 13
             13 12
             12 11
             11 39
             ;
set F[37] := 3 7
             7 4
             4 1
             1 2
             2 14
             14 13
             13 12
             12 40
             ;
set F[38] := 3 7
             7 4
             4 1
             1 2
             2 14
             14 13
             13 41
             ;
set F[39] := 3 7
             7 4
             4 1
             1 2
             2 14
             14 42
             ;
set F[40] := 3 20
             20 27
             27 15
             15 43
             ;
set F[41] := 3 7
             7 4
             4 1
             1 2
             2 14
             14 13
             13 16
             16 44
             ;
set F[42] := 3 7
             7 8
             8 5
             5 6
             6 9
             9 10
             10 17
             17 45
             ;
set F[43] := 3 7
             7 8
             8 5
             5 6
             6 9
             9 10
             10 17
             17 18
             18 46
             ;
set F[44] := 3 20
             20 28
             28 19
             19 47
             ;
set F[45] := 3 20
             20 48
             ;
set F[46] := 3 20
             20 28
             28 19
             19 23
             23 22
             22 21
             21 49
             ;
set F[47] := 3 20
             20 28
             28 19
             19 23
             23 22
             22 50
             ;
set F[48] := 3 20
             20 28
             28 19
             19 23
             23 51
             ;
set F[49] := 3 20
             20 27
             27 15
             15 26
             26 25
             25 24
             24 52
             ;
set F[50] := 3 20
             20 27
             27 15
             15 26
             26 54
             ;
set F[51] := 3 20
             20 27
             27 55
             ;
set F[52] := 3 20
             20 28
             28 56
             ;
set F[53] := 4 1
             1 29
             ;
set F[54] := 4 1
             1 2
             2 30
             ;
set F[55] := 4 7
             7 3
             3 31
             ;
set F[56] := 4 7
             7 8
             8 5
             5 33
             ;
set F[57] := 4 7
             7 8
             8 5
             5 6
             6 34
             ;
set F[58] := 4 7
             7 35
             ;
set F[59] := 4 7
             7 8
             8 36
             ;
set F[60] := 4 7
             7 8
             8 5
             5 6
             6 9
             9 37
             ;
set F[61] := 4 7
             7 8
             8 5
             5 6
             6 9
             9 10
             10 38
             ;
set F[62] := 4 1
             1 2
             2 14
             14 13
             13 12
             12 11
             11 39
             ;
set F[63] := 4 1
             1 2
             2 14
             14 13
             13 12
             12 40
             ;
set F[64] := 4 1
             1 2
             2 14
             14 13
             13 41
             ;
set F[65] := 4 1
             1 2
             2 14
             14 42
             ;
set F[66] := 4 1
             1 2
             2 26
             26 15
             15 43
             ;
set F[67] := 4 1
             1 2
             2 14
             14 13
             13 16
             16 44
             ;
set F[68] := 4 1
             1 2
             2 14
             14 13
             13 16
             16 17
             17 45
             ;
set F[69] := 4 1
             1 2
             2 14
             14 13
             13 12
             12 11
             11 18
             18 46
             ;
set F[70] := 4 7
             7 3
             3 20
             20 28
             28 19
             19 47
             ;
set F[71] := 4 7
             7 3
             3 20
             20 48
             ;
set F[72] := 4 1
             1 2
             2 26
             26 25
             25 24
             24 21
             21 49
             ;
set F[73] := 4 1
             1 2
             2 26
             26 25
             25 24
             24 21
             21 22
             22 50
             ;
set F[74] := 4 7
             7 3
             3 20
             20 28
             28 19
             19 23
             23 51
             ;
set F[75] := 4 1
             1 2
             2 26
             26 25
             25 24
             24 52
             ;
set F[76] := 4 1
             1 2
             2 26
             26 54
             ;
set F[77] := 4 7
             7 3
             3 20
             20 27
             27 55
             ;
set F[78] := 4 7
             7 3
             3 20
             20 28
             28 56
             ;
set F[79] := 5 8
             8 7
             7 4
             4 1
             1 29
             ;
set F[80] := 5 8
             8 7
             7 4
             4 1
             1 2
             2 30
             ;
set F[81] := 5 8
             8 7
             7 3
             3 31
             ;
set F[82] := 5 8
             8 7
             7 4
             4 32
             ;
set F[83] := 5 6
             6 34
             ;
set F[84] := 5 8
             8 7
             7 35
             ;
set F[85] := 5 8
             8 36
             ;
set F[86] := 5 6
             6 9
             9 37
             ;
set F[87] := 5 6
             6 9
             9 10
             10 38
             ;
set F[88] := 5 6
             6 9
             9 10
             10 17
             17 18
             18 11
             11 39
             ;
set F[89] := 5 6
             6 9
             9 10
             10 17
             17 16
             16 13
             13 12
             12 40
             ;
set F[90] := 5 6
             6 9
             9 10
             10 17
             17 16
             16 13
             13 41
             ;
set F[91] := 5 8
             8 7
             7 4
             4 1
             1 2
             2 14
             14 42
             ;
set F[92] := 5 8
             8 7
             7 3
             3 20
             20 27
             27 15
             15 43
             ;
set F[93] := 5 6
             6 9
             9 10
             10 17
             17 16
             16 44
             ;
set F[94] := 5 6
             6 9
             9 10
             10 17
             17 45
             ;
set F[95] := 5 6
             6 9
             9 10
             10 17
             17 18
             18 46
             ;
set F[96] := 5 8
             8 7
             7 3
             3 20
             20 28
             28 19
             19 47
             ;
set F[97] := 5 8
             8 7
             7 3
             3 20
             20 48
             ;
set F[98] := 5 8
             8 7
             7 3
             3 20
             20 28
             28 19
             19 23
             23 22
             22 21
             21 49
             ;
set F[99] := 5 8
             8 7
             7 3
             3 20
             20 28
             28 19
             19 23
             23 22
             22 50
             ;
set F[100] := 5 8
              8 7
              7 3
              3 20
              20 28
              28 19
              19 23
              23 51
              ;
set F[101] := 5 8
              8 7
              7 4
              4 1
              1 2
              2 26
              26 25
              25 24
              24 52
              ;
set F[102] := 5 8
              8 7
              7 4
              4 1
              1 2
              2 26
              26 54
              ;
set F[103] := 5 8
              8 7
              7 3
              3 20
              20 27
              27 55
              ;
set F[104] := 5 8
              8 7
              7 3
              3 20
              20 28
              28 56
              ;
set F[105] := 6 5
              5 8
              8 7
              7 4
              4 1
              1 29
              ;
set F[106] := 6 5
              5 8
              8 7
              7 4
              4 1
              1 2
              2 30
              ;
set F[107] := 6 5
              5 8
              8 7
              7 3
              3 31
              ;
set F[108] := 6 5
              5 8
              8 7
              7 4
              4 32
              ;
set F[109] := 6 5
              5 8
              8 7
              7 35
              ;
set F[110] := 6 5
              5 8
              8 36
              ;
set F[111] := 6 9
              9 37
              ;
set F[112] := 6 9
              9 10
              10 17
              17 18
              18 11
              11 39
              ;
set F[113] := 6 9
              9 10
              10 17
              17 16
              16 13
              13 12
              12 40
              ;
set F[114] := 6 9
              9 10
              10 17
              17 16
              16 13
              13 14
              14 42
              ;
set F[115] := 6 5
              5 8
              8 7
              7 3
              3 20
              20 27
              27 15
              15 43
              ;
set F[116] := 6 9
              9 10
              10 17
              17 16
              16 44
              ;
set F[117] := 6 9
              9 10
              10 17
              17 45
              ;
set F[118] := 6 5
              5 8
              8 7
              7 3
              3 20
              20 28
              28 19
              19 47
              ;
set F[119] := 6 5
              5 8
              8 7
              7 3
              3 20
              20 48
              ;
set F[120] := 6 5
              5 8
              8 7
              7 3
              3 20
              20 28
              28 19
              19 23
              23 51
              ;
set F[121] := 6 5
              5 8
              8 7
              7 4
              4 1
              1 2
              2 26
              26 25
              25 24
              24 52
              ;
set F[122] := 6 5
              5 8
              8 7
              7 3
              3 20
              20 27
              27 55
              ;
set F[123] := 6 5
              5 8
              8 7
              7 3
              3 20
              20 28
              28 56
              ;
set F[124] := 7 4
              4 1
              1 29
              ;
set F[125] := 7 4
              4 1
              1 2
              2 30
              ;
set F[126] := 7 3
              3 31
              ;
set F[127] := 7 4
              4 32
              ;
set F[128] := 7 8
              8 5
              5 33
              ;
set F[129] := 7 8
              8 5
              5 6
              6 34
              ;
set F[130] := 7 8
              8 36
              ;
set F[131] := 7 8
              8 5
              5 6
              6 9
              9 37
              ;
set F[132] := 7 8
              8 5
              5 6
              6 9
              9 10
              10 38
              ;
set F[133] := 7 4
              4 1
              1 2
              2 14
              14 13
              13 12
              12 11
              11 39
              ;
set F[134] := 7 4
              4 1
              1 2
              2 14
              14 13
              13 12
              12 40
              ;
set F[135] := 7 4
              4 1
              1 2
              2 14
              14 13
              13 41
              ;
set F[136] := 7 4
              4 1
              1 2
              2 14
              14 42
              ;
set F[137] := 7 3
              3 20
              20 27
              27 15
              15 43
              ;
set F[138] := 7 4
              4 1
              1 2
              2 14
              14 13
              13 16
              16 44
              ;
set F[139] := 7 8
              8 5
              5 6
              6 9
              9 10
              10 17
              17 45
              ;
set F[140] := 7 8
              8 5
              5 6
              6 9
              9 10
              10 17
              17 18
              18 46
              ;
set F[141] := 7 3
              3 20
              20 28
              28 19
              19 47
              ;
set F[142] := 7 3
              3 20
              20 48
              ;
set F[143] := 7 3
              3 20
              20 28
              28 19
              19 23
              23 22
              22 21
              21 49
              ;
set F[144] := 7 3
              3 20
              20 28
              28 19
              19 23
              23 22
              22 50
              ;
set F[145] := 7 3
              3 20
              20 28
              28 19
              19 23
              23 51
              ;
set F[146] := 7 4
              4 1
              1 2
              2 26
              26 25
              25 24
              24 52
              ;
set F[147] := 7 4
              4 1
              1 2
              2 26
              26 25
              25 53
              ;
set F[148] := 7 4
              4 1
              1 2
              2 26
              26 54
              ;
set F[149] := 7 3
              3 20
              20 27
              27 55
              ;
set F[150] := 7 3
              3 20
              20 28
              28 56
              ;
set F[151] := 8 7
              7 4
              4 1
              1 29
              ;
set F[152] := 8 7
              7 4
              4 1
              1 2
              2 30
              ;
set F[153] := 8 7
              7 3
              3 31
              ;
set F[154] := 8 7
              7 4
              4 32
              ;
set F[155] := 8 5
              5 33
              ;
set F[156] := 8 5
              5 6
              6 34
              ;
set F[157] := 8 7
              7 35
              ;
set F[158] := 8 5
              5 6
              6 9
              9 37
              ;
set F[159] := 8 5
              5 6
              6 9
              9 10
              10 38
              ;
set F[160] := 8 5
              5 6
              6 9
              9 10
              10 17
              17 18
              18 11
              11 39
              ;
set F[161] := 8 7
              7 4
              4 1
              1 2
              2 14
              14 13
              13 12
              12 40
              ;
set F[162] := 8 7
              7 4
              4 1
              1 2
              2 14
              14 13
              13 41
              ;
set F[163] := 8 7
              7 4
              4 1
              1 2
              2 14
              14 42
              ;
set F[164] := 8 7
              7 3
              3 20
              20 27
              27 15
              15 43
              ;
set F[165] := 8 5
              5 6
              6 9
              9 10
              10 17
              17 16
              16 44
              ;
set F[166] := 8 5
              5 6
              6 9
              9 10
              10 17
              17 45
              ;
set F[167] := 8 5
              5 6
              6 9
              9 10
              10 17
              17 18
              18 46
              ;
set F[168] := 8 7
              7 3
              3 20
              20 28
              28 19
              19 47
              ;
set F[169] := 8 7
              7 3
              3 20
              20 48
              ;
set F[170] := 8 7
              7 3
              3 20
              20 28
              28 19
              19 23
              23 22
              22 21
              21 49
              ;
set F[171] := 8 7
              7 3
              3 20
              20 28
              28 19
              19 23
              23 22
              22 50
              ;
set F[172] := 8 7
              7 3
              3 20
              20 28
              28 19
              19 23
              23 51
              ;
set F[173] := 8 7
              7 4
              4 1
              1 2
              2 26
              26 25
              25 24
              24 52
              ;
set F[174] := 8 7
              7 4
              4 1
              1 2
              2 26
              26 25
              25 53
              ;
set F[175] := 8 7
              7 4
              4 1
              1 2
              2 26
              26 54
              ;
set F[176] := 8 7
              7 3
              3 20
              20 27
              27 55
              ;
set F[177] := 8 7
              7 3
              3 20
              20 28
              28 56
              ;
set F[178] := 9 6
              6 5
              5 8
              8 7
              7 4
              4 1
              1 29
              ;
set F[179] := 9 10
              10 17
              17 16
              16 13
              13 14
              14 2
              2 30
              ;
set F[180] := 9 6
              6 5
              5 8
              8 7
              7 3
              3 31
              ;
set F[181] := 9 6
              6 5
              5 8
              8 7
              7 4
              4 32
              ;
set F[182] := 9 6
              6 5
              5 33
              ;
set F[183] := 9 6
              6 34
              ;
set F[184] := 9 6
              6 5
              5 8
              8 7
              7 35
              ;
set F[185] := 9 6
              6 5
              5 8
              8 36
              ;
set F[186] := 9 10
              10 38
              ;
set F[187] := 9 10
              10 17
              17 18
              18 11
              11 39
              ;
set F[188] := 9 10
              10 17
              17 16
              16 13
              13 12
              12 40
              ;
set F[189] := 9 10
              10 17
              17 16
              16 13
              13 41
              ;
set F[190] := 9 10
              10 17
              17 16
              16 13
              13 14
              14 42
              ;
set F[191] := 9 6
              6 5
              5 8
              8 7
              7 3
              3 20
              20 27
              27 15
              15 43
              ;
set F[192] := 9 10
              10 17
              17 16
              16 44
              ;
set F[193] := 9 10
              10 17
              17 45
              ;
set F[194] := 9 10
              10 17
              17 18
              18 46
              ;
set F[195] := 9 6
              6 5
              5 8
              8 7
              7 3
              3 20
              20 28
              28 19
              19 47
              ;
set F[196] := 9 6
              6 5
              5 8
              8 7
              7 3
              3 20
              20 48
              ;
set F[197] := 9 10
              10 17
              17 16
              16 13
              13 14
              14 2
              2 26
              26 25
              25 24
              24 21
              21 49
              ;
set F[198] := 9 6
              6 5
              5 8
              8 7
              7 3
              3 20
              20 28
              28 19
              19 23
              23 22
              22 50
              ;
set F[199] := 9 6
              6 5
              5 8
              8 7
              7 3
              3 20
              20 28
              28 19
              19 23
              23 51
              ;
set F[200] := 9 10
              10 17
              17 16
              16 13
              13 14
              14 2
              2 26
              26 25
              25 24
              24 52
              ;
set F[201] := 9 10
              10 17
              17 16
              16 13
              13 14
              14 2
              2 26
              26 25
              25 53
              ;
set F[202] := 9 10
              10 17
              17 16
              16 13
              13 14
              14 2
              2 26
              26 54
              ;
set F[203] := 9 6
              6 5
              5 8
              8 7
              7 3
              3 20
              20 27
              27 55
              ;
set F[204] := 9 6
              6 5
              5 8
              8 7
              7 3
              3 20
              20 28
              28 56
              ;
set F[205] := 10 17
              17 16
              16 13
              13 14
              14 2
              2 1
              1 29
              ;
set F[206] := 10 17
              17 16
              16 13
              13 14
              14 2
              2 30
              ;
set F[207] := 10 9
              9 6
              6 5
              5 8
              8 7
              7 3
              3 31
              ;
set F[208] := 10 9
              9 6
              6 5
              5 8
              8 7
              7 4
              4 32
              ;
set F[209] := 10 9
              9 6
              6 5
              5 33
              ;
set F[210] := 10 9
              9 6
              6 34
              ;
set F[211] := 10 9
              9 6
              6 5
              5 8
              8 7
              7 35
              ;
set F[212] := 10 9
              9 6
              6 5
              5 8
              8 36
              ;
set F[213] := 10 9
              9 37
              ;
set F[214] := 10 17
              17 18
              18 11
              11 39
              ;
set F[215] := 10 17
              17 16
              16 13
              13 12
              12 40
              ;
set F[216] := 10 17
              17 16
              16 13
              13 41
              ;
set F[217] := 10 17
              17 16
              16 13
              13 14
              14 42
              ;
set F[218] := 10 17
              17 16
              16 13
              13 14
              14 2
              2 26
              26 15
              15 43
              ;
set F[219] := 10 17
              17 16
              16 44
              ;
set F[220] := 10 17
              17 45
              ;
set F[221] := 10 17
              17 18
              18 46
              ;
set F[222] := 10 9
              9 6
              6 5
              5 8
              8 7
              7 3
              3 20
              20 28
              28 19
              19 47
              ;
set F[223] := 10 9
              9 6
              6 5
              5 8
              8 7
              7 3
              3 20
              20 48
              ;
set F[224] := 10 17
              17 16
              16 13
              13 14
              14 2
              2 26
              26 25
              25 24
              24 21
              21 49
              ;
set F[225] := 10 17
              17 16
              16 13
              13 14
              14 2
              2 26
              26 25
              25 24
              24 21
              21 22
              22 50
              ;
set F[226] := 10 9
              9 6
              6 5
              5 8
              8 7
              7 3
              3 20
              20 28
              28 19
              19 23
              23 51
              ;
set F[227] := 10 17
              17 16
              16 13
              13 14
              14 2
              2 26
              26 25
              25 24
              24 52
              ;
set F[228] := 10 17
              17 16
              16 13
              13 14
              14 2
              2 26
              26 25
              25 53
              ;
set F[229] := 10 17
              17 16
              16 13
              13 14
              14 2
              2 26
              26 54
              ;
set F[230] := 10 9
              9 6
              6 5
              5 8
              8 7
              7 3
              3 20
              20 27
              27 55
              ;
set F[231] := 10 9
              9 6
              6 5
              5 8
              8 7
              7 3
              3 20
              20 28
              28 56
              ;
set F[232] := 11 12
              12 13
              13 14
              14 2
              2 1
              1 29
              ;
set F[233] := 11 12
              12 13
              13 14
              14 2
              2 30
              ;
set F[234] := 11 12
              12 13
              13 14
              14 2
              2 1
              1 4
              4 7
              7 3
              3 31
              ;
set F[235] := 11 12
              12 13
              13 14
              14 2
              2 1
              1 4
              4 32
              ;
set F[236] := 11 18
              18 17
              17 10
              10 9
              9 6
              6 5
              5 33
              ;
set F[237] := 11 18
              18 17
              17 10
              10 9
              9 6
              6 34
              ;
set F[238] := 11 12
              12 13
              13 14
              14 2
              2 1
              1 4
              4 7
              7 35
              ;
set F[239] := 11 18
              18 17
              17 10
              10 9
              9 6
              6 5
              5 8
              8 36
              ;
set F[240] := 11 18
              18 17
              17 10
              10 9
              9 37
              ;
set F[241] := 11 18
              18 17
              17 10
              10 38
              ;
set F[242] := 11 12
              12 40
              ;
set F[243] := 11 12
              12 13
              13 41
              ;
set F[244] := 11 12
              12 13
              13 14
              14 42
              ;
set F[245] := 11 12
              12 13
              13 14
              14 2
              2 26
              26 15
              15 43
              ;
set F[246] := 11 18
              18 17
              17 16
              16 44
              ;
set F[247] := 11 18
              18 17
              17 45
              ;
set F[248] := 11 18
              18 46
              ;
set F[249] := 11 12
              12 13
              13 14
              14 2
              2 26
              26 15
              15 27
              27 20
              20 28
              28 19
              19 47
              ;
set F[250] := 11 12
              12 13
              13 14
              14 2
              2 26
              26 15
              15 27
              27 20
              20 48
              ;
set F[251] := 11 12
              12 13
              13 14
              14 2
              2 26
              26 25
              25 24
              24 21
              21 49
              ;
set F[252] := 11 12
              12 13
              13 14
              14 2
              2 26
              26 25
              25 24
              24 21
              21 22
              22 50
              ;
set F[253] := 11 12
              12 13
              13 14
              14 2
              2 26
              26 25
              25 24
              24 21
              21 22
              22 23
              23 51
              ;
set F[254] := 11 12
              12 13
              13 14
              14 2
              2 26
              26 25
              25 24
              24 52
              ;
set F[255] := 11 12
              12 13
              13 14
              14 2
              2 26
              26 25
              25 53
              ;
set F[256] := 11 12
              12 13
              13 14
              14 2
              2 26
              26 54
              ;
set F[257] := 11 12
              12 13
              13 14
              14 2
              2 26
              26 15
              15 27
              27 55
              ;
set F[258] := 11 12
              12 13
              13 14
              14 2
              2 26
              26 15
              15 27
              27 20
              20 28
              28 56
              ;
set F[259] := 12 13
              13 14
              14 2
              2 1
              1 29
              ;
set F[260] := 12 13
              13 14
              14 2
              2 30
              ;
set F[261] := 12 13
              13 14
              14 2
              2 1
              1 4
              4 7
              7 3
              3 31
              ;
set F[262] := 12 13
              13 14
              14 2
              2 1
              1 4
              4 32
              ;
set F[263] := 12 11
              11 18
              18 17
              17 10
              10 9
              9 6
              6 5
              5 33
              ;
set F[264] := 12 11
              11 18
              18 17
              17 10
              10 9
              9 6
              6 34
              ;
set F[265] := 12 13
              13 14
              14 2
              2 1
              1 4
              4 7
              7 35
              ;
set F[266] := 12 13
              13 14
              14 2
              2 1
              1 4
              4 7
              7 8
              8 36
              ;
set F[267] := 12 11
              11 18
              18 17
              17 10
              10 9
              9 37
              ;
set F[268] := 12 11
              11 18
              18 17
              17 10
              10 38
              ;
set F[269] := 12 11
              11 39
              ;
set F[270] := 12 13
              13 41
              ;
set F[271] := 12 13
              13 14
              14 42
              ;
set F[272] := 12 13
              13 14
              14 2
              2 26
              26 15
              15 43
              ;
set F[273] := 12 13
              13 16
              16 44
              ;
set F[274] := 12 11
              11 18
              18 17
              17 45
              ;
set F[275] := 12 11
              11 18
              18 46
              ;
set F[276] := 12 13
              13 14
              14 2
              2 26
              26 15
              15 27
              27 20
              20 28
              28 19
              19 47
              ;
set F[277] := 12 13
              13 14
              14 2
              2 26
              26 15
              15 27
              27 20
              20 48
              ;
set F[278] := 12 13
              13 14
              14 2
              2 26
              26 25
              25 24
              24 21
              21 49
              ;
set F[279] := 12 13
              13 14
              14 2
              2 26
              26 25
              25 24
              24 21
              21 22
              22 50
              ;
set F[280] := 12 13
              13 14
              14 2
              2 26
              26 25
              25 24
              24 21
              21 22
              22 23
              23 51
              ;
set F[281] := 12 13
              13 14
              14 2
              2 26
              26 25
              25 24
              24 52
              ;
set F[282] := 12 13
              13 14
              14 2
              2 26
              26 54
              ;
set F[283] := 12 13
              13 14
              14 2
              2 26
              26 15
              15 27
              27 55
              ;
set F[284] := 12 13
              13 14
              14 2
              2 26
              26 15
              15 27
              27 20
              20 28
              28 56
              ;
set F[285] := 13 14
              14 2
              2 1
              1 29
              ;
set F[286] := 13 14
              14 2
              2 30
              ;
set F[287] := 13 14
              14 2
              2 1
              1 4
              4 7
              7 3
              3 31
              ;
set F[288] := 13 14
              14 2
              2 1
              1 4
              4 32
              ;
set F[289] := 13 16
              16 17
              17 10
              10 9
              9 6
              6 5
              5 33
              ;
set F[290] := 13 16
              16 17
              17 10
              10 9
              9 6
              6 34
              ;
set F[291] := 13 14
              14 2
              2 1
              1 4
              4 7
              7 35
              ;
set F[292] := 13 14
              14 2
              2 1
              1 4
              4 7
              7 8
              8 36
              ;
set F[293] := 13 16
              16 17
              17 10
              10 9
              9 37
              ;
set F[294] := 13 16
              16 17
              17 10
              10 38
              ;
set F[295] := 13 12
              12 11
              11 39
              ;
set F[296] := 13 12
              12 40
              ;
set F[297] := 13 14
              14 42
              ;
set F[298] := 13 14
              14 2
              2 26
              26 15
              15 43
              ;
set F[299] := 13 16
              16 44
              ;
set F[300] := 13 16
              16 17
              17 45
              ;
set F[301] := 13 12
              12 11
              11 18
              18 46
              ;
set F[302] := 13 14
              14 2
              2 26
              26 15
              15 27
              27 20
              20 28
              28 19
              19 47
              ;
set F[303] := 13 14
              14 2
              2 26
              26 15
              15 27
              27 20
              20 48
              ;
set F[304] := 13 14
              14 2
              2 26
              26 25
              25 24
              24 21
              21 49
              ;
set F[305] := 13 14
              14 2
              2 26
              26 25
              25 24
              24 21
              21 22
              22 50
              ;
set F[306] := 13 14
              14 2
              2 26
              26 25
              25 24
              24 21
              21 22
              22 23
              23 51
              ;
set F[307] := 13 14
              14 2
              2 26
              26 25
              25 24
              24 52
              ;
set F[308] := 13 14
              14 2
              2 26
              26 25
              25 53
              ;
set F[309] := 13 14
              14 2
              2 26
              26 54
              ;
set F[310] := 13 14
              14 2
              2 26
              26 15
              15 27
              27 55
              ;
set F[311] := 13 14
              14 2
              2 26
              26 15
              15 27
              27 20
              20 28
              28 56
              ;
set F[312] := 14 2
              2 1
              1 29
              ;
set F[313] := 14 2
              2 30
              ;
set F[314] := 14 2
              2 1
              1 4
              4 7
              7 3
              3 31
              ;
set F[315] := 14 2
              2 1
              1 4
              4 32
              ;
set F[316] := 14 2
              2 1
              1 4
              4 7
              7 8
              8 5
              5 33
              ;
set F[317] := 14 13
              13 16
              16 17
              17 10
              10 9
              9 6
              6 34
              ;
set F[318] := 14 2
              2 1
              1 4
              4 7
              7 35
              ;
set F[319] := 14 2
              2 1
              1 4
              4 7
              7 8
              8 36
              ;
set F[320] := 14 13
              13 16
              16 17
              17 10
              10 9
              9 37
              ;
set F[321] := 14 13
              13 16
              16 17
              17 10
              10 38
              ;
set F[322] := 14 13
              13 12
              12 11
              11 39
              ;
set F[323] := 14 13
              13 12
              12 40
              ;
set F[324] := 14 13
              13 41
              ;
set F[325] := 14 2
              2 26
              26 15
              15 43
              ;
set F[326] := 14 13
              13 16
              16 44
              ;
set F[327] := 14 13
              13 16
              16 17
              17 45
              ;
set F[328] := 14 13
              13 12
              12 11
              11 18
              18 46
              ;
set F[329] := 14 2
              2 26
              26 15
              15 27
              27 20
              20 28
              28 19
              19 47
              ;
set F[330] := 14 2
              2 26
              26 15
              15 27
              27 20
              20 48
              ;
set F[331] := 14 2
              2 26
              26 25
              25 24
              24 21
              21 49
              ;
set F[332] := 14 2
              2 26
              26 25
              25 24
              24 21
              21 22
              22 50
              ;
set F[333] := 14 2
              2 26
              26 25
              25 24
              24 21
              21 22
              22 23
              23 51
              ;
set F[334] := 14 2
              2 26
              26 25
              25 24
              24 52
              ;
set F[335] := 14 2
              2 26
              26 54
              ;
set F[336] := 14 2
              2 26
              26 15
              15 27
              27 55
              ;
set F[337] := 14 2
              2 26
              26 15
              15 27
              27 20
              20 28
              28 56
              ;
set F[338] := 15 26
              26 2
              2 1
              1 29
              ;
set F[339] := 15 26
              26 2
              2 14
              14 13
              13 12
              12 11
              11 39
              ;
set F[340] := 15 26
              26 2
              2 14
              14 13
              13 16
              16 17
              17 45
              ;
set F[341] := 16 13
              13 14
              14 2
              2 1
              1 29
              ;
set F[342] := 16 13
              13 14
              14 2
              2 30
              ;
set F[343] := 16 13
              13 14
              14 2
              2 1
              1 4
              4 7
              7 3
              3 31
              ;
set F[344] := 16 13
              13 14
              14 2
              2 1
              1 4
              4 32
              ;
set F[345] := 16 17
              17 10
              10 9
              9 6
              6 5
              5 33
              ;
set F[346] := 16 17
              17 10
              10 9
              9 6
              6 34
              ;
set F[347] := 16 13
              13 14
              14 2
              2 1
              1 4
              4 7
              7 35
              ;
set F[348] := 16 17
              17 10
              10 9
              9 6
              6 5
              5 8
              8 36
              ;
set F[349] := 16 17
              17 10
              10 9
              9 37
              ;
set F[350] := 16 17
              17 10
              10 38
              ;
set F[351] := 16 13
              13 12
              12 11
              11 39
              ;
set F[352] := 16 13
              13 12
              12 40
              ;
set F[353] := 16 13
              13 14
              14 42
              ;
set F[354] := 16 13
              13 14
              14 2
              2 26
              26 15
              15 43
              ;
set F[355] := 16 17
              17 45
              ;
set F[356] := 16 17
              17 18
              18 46
              ;
set F[357] := 16 13
              13 14
              14 2
              2 26
              26 15
              15 27
              27 20
              20 28
              28 19
              19 47
              ;
set F[358] := 16 13
              13 14
              14 2
              2 26
              26 15
              15 27
              27 20
              20 48
              ;
set F[359] := 16 13
              13 14
              14 2
              2 26
              26 25
              25 24
              24 21
              21 49
              ;
set F[360] := 16 13
              13 14
              14 2
              2 26
              26 25
              25 24
              24 21
              21 22
              22 50
              ;
set F[361] := 16 13
              13 14
              14 2
              2 26
              26 25
              25 24
              24 21
              21 22
              22 23
              23 51
              ;
set F[362] := 16 13
              13 14
              14 2
              2 26
              26 25
              25 24
              24 52
              ;
set F[363] := 16 13
              13 14
              14 2
              2 26
              26 54
              ;
set F[364] := 16 13
              13 14
              14 2
              2 26
              26 15
              15 27
              27 55
              ;
set F[365] := 16 13
              13 14
              14 2
              2 26
              26 15
              15 27
              27 20
              20 28
              28 56
              ;
set F[366] := 17 16
              16 13
              13 14
              14 2
              2 1
              1 29
              ;
set F[367] := 17 16
              16 13
              13 14
              14 2
              2 30
              ;
set F[368] := 17 10
              10 9
              9 6
              6 5
              5 8
              8 7
              7 3
              3 31
              ;
set F[369] := 17 16
              16 13
              13 14
              14 2
              2 1
              1 4
              4 32
              ;
set F[370] := 17 10
              10 9
              9 6
              6 34
              ;
set F[371] := 17 10
              10 9
              9 6
              6 5
              5 8
              8 7
              7 35
              ;
set F[372] := 17 10
              10 9
              9 6
              6 5
              5 8
              8 36
              ;
set F[373] := 17 10
              10 9
              9 37
              ;
set F[374] := 17 10
              10 38
              ;
set F[375] := 17 18
              18 11
              11 39
              ;
set F[376] := 17 16
              16 13
              13 12
              12 40
              ;
set F[377] := 17 16
              16 13
              13 14
              14 42
              ;
set F[378] := 17 16
              16 13
              13 14
              14 2
              2 26
              26 15
              15 43
              ;
set F[379] := 17 16
              16 44
              ;
set F[380] := 17 18
              18 46
              ;
set F[381] := 17 10
              10 9
              9 6
              6 5
              5 8
              8 7
              7 3
              3 20
              20 28
              28 19
              19 47
              ;
set F[382] := 17 10
              10 9
              9 6
              6 5
              5 8
              8 7
              7 3
              3 20
              20 48
              ;
set F[383] := 17 16
              16 13
              13 14
              14 2
              2 26
              26 25
              25 24
              24 21
              21 22
              22 50
              ;
set F[384] := 17 16
              16 13
              13 14
              14 2
              2 26
              26 25
              25 24
              24 21
              21 22
              22 23
              23 51
              ;
set F[385] := 17 16
              16 13
              13 14
              14 2
              2 26
              26 25
              25 24
              24 52
              ;
set F[386] := 17 16
              16 13
              13 14
              14 2
              2 26
              26 15
              15 27
              27 55
              ;
set F[387] := 17 10
              10 9
              9 6
              6 5
              5 8
              8 7
              7 3
              3 20
              20 28
              28 56
              ;
set F[388] := 19 28
              28 20
              20 3
              3 7
              7 4
              4 1
              1 29
              ;
set F[389] := 19 28
              28 20
              20 27
              27 15
              15 26
              26 2
              2 30
              ;
set F[390] := 19 28
              28 20
              20 3
              3 31
              ;
set F[391] := 19 28
              28 20
              20 3
              3 7
              7 8
              8 5
              5 6
              6 34
              ;
set F[392] := 19 28
              28 20
              20 3
              3 7
              7 8
              8 5
              5 6
              6 9
              9 37
              ;
set F[393] := 19 28
              28 20
              20 27
              27 15
              15 26
              26 2
              2 14
              14 13
              13 12
              12 11
              11 39
              ;
set F[394] := 19 28
              28 20
              20 27
              27 15
              15 26
              26 2
              2 14
              14 42
              ;
set F[395] := 19 28
              28 20
              20 27
              27 15
              15 43
              ;
set F[396] := 19 28
              28 20
              20 27
              27 15
              15 26
              26 2
              2 14
              14 13
              13 16
              16 44
              ;
set F[397] := 19 28
              28 20
              20 3
              3 7
              7 8
              8 5
              5 6
              6 9
              9 10
              10 17
              17 45
              ;
set F[398] := 19 23
              23 51
              ;
set F[399] := 19 28
              28 56
              ;
set F[400] := 20 3
              3 7
              7 4
              4 1
              1 29
              ;
set F[401] := 20 27
              27 15
              15 26
              26 2
              2 30
              ;
set F[402] := 20 3
              3 31
              ;
set F[403] := 20 3
              3 7
              7 4
              4 32
              ;
set F[404] := 20 3
              3 7
              7 8
              8 5
              5 33
              ;
set F[405] := 20 3
              3 7
              7 8
              8 5
              5 6
              6 34
              ;
set F[406] := 20 3
              3 7
              7 35
              ;
set F[407] := 20 3
              3 7
              7 8
              8 36
              ;
set F[408] := 20 3
              3 7
              7 8
              8 5
              5 6
              6 9
              9 37
              ;
set F[409] := 20 3
              3 7
              7 8
              8 5
              5 6
              6 9
              9 10
              10 38
              ;
set F[410] := 20 27
              27 15
              15 26
              26 2
              2 14
              14 13
              13 12
              12 11
              11 39
              ;
set F[411] := 20 27
              27 15
              15 26
              26 2
              2 14
              14 13
              13 12
              12 40
              ;
set F[412] := 20 27
              27 15
              15 26
              26 2
              2 14
              14 13
              13 41
              ;
set F[413] := 20 27
              27 15
              15 26
              26 2
              2 14
              14 42
              ;
set F[414] := 20 27
              27 15
              15 43
              ;
set F[415] := 20 27
              27 15
              15 26
              26 2
              2 14
              14 13
              13 16
              16 44
              ;
set F[416] := 20 3
              3 7
              7 8
              8 5
              5 6
              6 9
              9 10
              10 17
              17 45
              ;
set F[417] := 20 3
              3 7
              7 8
              8 5
              5 6
              6 9
              9 10
              10 17
              17 18
              18 46
              ;
set F[418] := 20 28
              28 19
              19 47
              ;
set F[419] := 20 28
              28 19
              19 23
              23 22
              22 21
              21 49
              ;
set F[420] := 20 28
              28 19
              19 23
              23 22
              22 50
              ;
set F[421] := 20 28
              28 19
              19 23
              23 51
              ;
set F[422] := 20 27
              27 15
              15 26
              26 25
              25 24
              24 52
              ;
set F[423] := 20 27
              27 15
              15 26
              26 54
              ;
set F[424] := 20 27
              27 55
              ;
set F[425] := 20 28
              28 56
              ;
set F[426] := 21 24
              24 25
              25 26
              26 2
              2 1
              1 29
              ;
set F[427] := 21 24
              24 25
              25 26
              26 2
              2 30
              ;
set F[428] := 21 22
              22 23
              23 19
              19 28
              28 20
              20 3
              3 31
              ;
set F[429] := 21 24
              24 25
              25 26
              26 2
              2 1
              1 4
              4 32
              ;
set F[430] := 21 22
              22 23
              23 19
              19 28
              28 20
              20 3
              3 7
              7 8
              8 5
              5 33
              ;
set F[431] := 21 22
              22 23
              23 19
              19 28
              28 20
              20 3
              3 7
              7 8
              8 5
              5 6
              6 34
              ;
set F[432] := 21 22
              22 23
              23 19
              19 28
              28 20
              20 3
              3 7
              7 35
              ;
set F[433] := 21 22
              22 23
              23 19
              19 28
              28 20
              20 3
              3 7
              7 8
              8 36
              ;
set F[434] := 21 24
              24 25
              25 26
              26 2
              2 14
              14 13
              13 16
              16 17
              17 10
              10 9
              9 37
              ;
set F[435] := 21 24
              24 25
              25 26
              26 2
              2 14
              14 13
              13 16
              16 17
              17 10
              10 38
              ;
set F[436] := 21 24
              24 25
              25 26
              26 2
              2 14
              14 13
              13 12
              12 11
              11 39
              ;
set F[437] := 21 24
              24 25
              25 26
              26 2
              2 14
              14 13
              13 12
              12 40
              ;
set F[438] := 21 24
              24 25
              25 26
              26 2
              2 14
              14 13
              13 41
              ;
set F[439] := 21 24
              24 25
              25 26
              26 2
              2 14
              14 42
              ;
set F[440] := 21 24
              24 25
              25 26
              26 15
              15 43
              ;
set F[441] := 21 24
              24 25
              25 26
              26 2
              2 14
              14 13
              13 16
              16 44
              ;
set F[442] := 21 24
              24 25
              25 26
              26 2
              2 14
              14 13
              13 16
              16 17
              17 45
              ;
set F[443] := 21 24
              24 25
              25 26
              26 2
              2 14
              14 13
              13 12
              12 11
              11 18
              18 46
              ;
set F[444] := 21 22
              22 23
              23 19
              19 47
              ;
set F[445] := 21 22
              22 23
              23 19
              19 28
              28 20
              20 48
              ;
set F[446] := 21 22
              22 50
              ;
set F[447] := 21 22
              22 23
              23 51
              ;
set F[448] := 21 24
              24 52
              ;
set F[449] := 21 24
              24 25
              25 53
              ;
set F[450] := 21 24
              24 25
              25 26
              26 54
              ;
set F[451] := 21 24
              24 25
              25 26
              26 15
              15 27
              27 55
              ;
set F[452] := 21 22
              22 23
              23 19
              19 28
              28 56
              ;
set F[453] := 22 21
              21 24
              24 25
              25 26
              26 2
              2 1
              1 29
              ;
set F[454] := 22 21
              21 24
              24 25
              25 26
              26 2
              2 30
              ;
set F[455] := 22 23
              23 19
              19 28
              28 20
              20 3
              3 31
              ;
set F[456] := 22 21
              21 24
              24 25
              25 26
              26 2
              2 1
              1 4
              4 32
              ;
set F[457] := 22 23
              23 19
              19 28
              28 20
              20 3
              3 7
              7 8
              8 5
              5 33
              ;
set F[458] := 22 23
              23 19
              19 28
              28 20
              20 3
              3 7
              7 8
              8 5
              5 6
              6 34
              ;
set F[459] := 22 23
              23 19
              19 28
              28 20
              20 3
              3 7
              7 35
              ;
set F[460] := 22 23
              23 19
              19 28
              28 20
              20 3
              3 7
              7 8
              8 36
              ;
set F[461] := 22 23
              23 19
              19 28
              28 20
              20 3
              3 7
              7 8
              8 5
              5 6
              6 9
              9 37
              ;
set F[462] := 22 21
              21 24
              24 25
              25 26
              26 2
              2 14
              14 13
              13 16
              16 17
              17 10
              10 38
              ;
set F[463] := 22 21
              21 24
              24 25
              25 26
              26 2
              2 14
              14 13
              13 12
              12 11
              11 39
              ;
set F[464] := 22 21
              21 24
              24 25
              25 26
              26 2
              2 14
              14 13
              13 12
              12 40
              ;
set F[465] := 22 21
              21 24
              24 25
              25 26
              26 2
              2 14
              14 13
              13 41
              ;
set F[466] := 22 21
              21 24
              24 25
              25 26
              26 2
              2 14
              14 42
              ;
set F[467] := 22 21
              21 24
              24 25
              25 26
              26 15
              15 43
              ;
set F[468] := 22 21
              21 24
              24 25
              25 26
              26 2
              2 14
              14 13
              13 16
              16 44
              ;
set F[469] := 22 21
              21 24
              24 25
              25 26
              26 2
              2 14
              14 13
              13 16
              16 17
              17 45
              ;
set F[470] := 22 21
              21 24
              24 25
              25 26
              26 2
              2 14
              14 13
              13 12
              12 11
              11 18
              18 46
              ;
set F[471] := 22 23
              23 19
              19 47
              ;
set F[472] := 22 23
              23 19
              19 28
              28 20
              20 48
              ;
set F[473] := 22 21
              21 49
              ;
set F[474] := 22 23
              23 51
              ;
set F[475] := 22 21
              21 24
              24 52
              ;
set F[476] := 22 21
              21 24
              24 25
              25 53
              ;
set F[477] := 22 21
              21 24
              24 25
              25 26
              26 54
              ;
set F[478] := 22 23
              23 19
              19 28
              28 20
              20 27
              27 55
              ;
set F[479] := 22 23
              23 19
              19 28
              28 56
              ;
set F[480] := 23 19
              19 28
              28 20
              20 3
              3 7
              7 4
              4 1
              1 29
              ;
set F[481] := 23 22
              22 21
              21 24
              24 25
              25 26
              26 2
              2 30
              ;
set F[482] := 23 19
              19 28
              28 20
              20 3
              3 31
              ;
set F[483] := 23 19
              19 28
              28 20
              20 3
              3 7
              7 4
              4 32
              ;
set F[484] := 23 19
              19 28
              28 20
              20 3
              3 7
              7 8
              8 5
              5 33
              ;
set F[485] := 23 19
              19 28
              28 20
              20 3
              3 7
              7 8
              8 5
              5 6
              6 34
              ;
set F[486] := 23 19
              19 28
              28 20
              20 3
              3 7
              7 35
              ;
set F[487] := 23 19
              19 28
              28 20
              20 3
              3 7
              7 8
              8 36
              ;
set F[488] := 23 19
              19 28
              28 20
              20 3
              3 7
              7 8
              8 5
              5 6
              6 9
              9 37
              ;
set F[489] := 23 19
              19 28
              28 20
              20 3
              3 7
              7 8
              8 5
              5 6
              6 9
              9 10
              10 38
              ;
set F[490] := 23 22
              22 21
              21 24
              24 25
              25 26
              26 2
              2 14
              14 13
              13 12
              12 11
              11 39
              ;
set F[491] := 23 22
              22 21
              21 24
              24 25
              25 26
              26 2
              2 14
              14 13
              13 12
              12 40
              ;
set F[492] := 23 22
              22 21
              21 24
              24 25
              25 26
              26 2
              2 14
              14 42
              ;
set F[493] := 23 19
              19 28
              28 20
              20 27
              27 15
              15 43
              ;
set F[494] := 23 22
              22 21
              21 24
              24 25
              25 26
              26 2
              2 14
              14 13
              13 16
              16 44
              ;
set F[495] := 23 22
              22 21
              21 24
              24 25
              25 26
              26 2
              2 14
              14 13
              13 16
              16 17
              17 45
              ;
set F[496] := 23 22
              22 21
              21 24
              24 25
              25 26
              26 2
              2 14
              14 13
              13 12
              12 11
              11 18
              18 46
              ;
set F[497] := 23 19
              19 47
              ;
set F[498] := 23 19
              19 28
              28 20
              20 48
              ;
set F[499] := 23 22
              22 21
              21 49
              ;
set F[500] := 23 22
              22 50
              ;
set F[501] := 23 22
              22 21
              21 24
              24 52
              ;
set F[502] := 23 22
              22 21
              21 24
              24 25
              25 26
              26 54
              ;
set F[503] := 23 19
              19 28
              28 20
              20 27
              27 55
              ;
set F[504] := 23 19
              19 28
              28 56
              ;
set F[505] := 24 25
              25 26
              26 2
              2 1
              1 29
              ;
set F[506] := 24 25
              25 26
              26 2
              2 14
              14 13
              13 12
              12 11
              11 39
              ;
set F[507] := 24 25
              25 26
              26 2
              2 14
              14 13
              13 16
              16 17
              17 45
              ;
set F[508] := 25 26
              26 2
              2 1
              1 29
              ;
set F[509] := 25 26
              26 2
              2 30
              ;
set F[510] := 25 26
              26 15
              15 27
              27 20
              20 3
              3 31
              ;
set F[511] := 25 26
              26 2
              2 1
              1 4
              4 32
              ;
set F[512] := 25 26
              26 2
              2 1
              1 4
              4 7
              7 8
              8 5
              5 6
              6 34
              ;
set F[513] := 25 26
              26 2
              2 1
              1 4
              4 7
              7 35
              ;
set F[514] := 25 26
              26 2
              2 1
              1 4
              4 7
              7 8
              8 36
              ;
set F[515] := 25 26
              26 2
              2 14
              14 13
              13 16
              16 17
              17 10
              10 9
              9 37
              ;
set F[516] := 25 26
              26 2
              2 14
              14 13
              13 16
              16 17
              17 10
              10 38
              ;
set F[517] := 25 26
              26 2
              2 14
              14 13
              13 12
              12 11
              11 39
              ;
set F[518] := 25 26
              26 2
              2 14
              14 13
              13 12
              12 40
              ;
set F[519] := 25 26
              26 2
              2 14
              14 42
              ;
set F[520] := 25 26
              26 15
              15 43
              ;
set F[521] := 25 26
              26 2
              2 14
              14 13
              13 16
              16 44
              ;
set F[522] := 25 26
              26 2
              2 14
              14 13
              13 16
              16 17
              17 45
              ;
set F[523] := 25 26
              26 2
              2 14
              14 13
              13 12
              12 11
              11 18
              18 46
              ;
set F[524] := 25 24
              24 21
              21 22
              22 23
              23 19
              19 47
              ;
set F[525] := 25 26
              26 15
              15 27
              27 20
              20 48
              ;
set F[526] := 25 24
              24 21
              21 22
              22 50
              ;
set F[527] := 25 24
              24 21
              21 22
              22 23
              23 51
              ;
set F[528] := 25 24
              24 52
              ;
set F[529] := 25 26
              26 15
              15 27
              27 55
              ;
set F[530] := 25 26
              26 15
              15 27
              27 20
              20 28
              28 56
              ;
set F[531] := 26 2
              2 1
              1 29
              ;
set F[532] := 26 2
              2 30
              ;
set F[533] := 26 15
              15 27
              27 20
              20 3
              3 31
              ;
set F[534] := 26 2
              2 1
              1 4
              4 32
              ;
set F[535] := 26 2
              2 1
              1 4
              4 7
              7 8
              8 5
              5 33
              ;
set F[536] := 26 2
              2 1
              1 4
              4 7
              7 8
              8 5
              5 6
              6 34
              ;
set F[537] := 26 2
              2 1
              1 4
              4 7
              7 35
              ;
set F[538] := 26 2
              2 1
              1 4
              4 7
              7 8
              8 36
              ;
set F[539] := 26 2
              2 14
              14 13
              13 16
              16 17
              17 10
              10 9
              9 37
              ;
set F[540] := 26 2
              2 14
              14 13
              13 16
              16 17
              17 10
              10 38
              ;
set F[541] := 26 2
              2 14
              14 13
              13 12
              12 11
              11 39
              ;
set F[542] := 26 2
              2 14
              14 13
              13 12
              12 40
              ;
set F[543] := 26 2
              2 14
              14 13
              13 41
              ;
set F[544] := 26 2
              2 14
              14 42
              ;
set F[545] := 26 15
              15 43
              ;
set F[546] := 26 2
              2 14
              14 13
              13 16
              16 44
              ;
set F[547] := 26 2
              2 14
              14 13
              13 16
              16 17
              17 45
              ;
set F[548] := 26 2
              2 14
              14 13
              13 12
              12 11
              11 18
              18 46
              ;
set F[549] := 26 15
              15 27
              27 20
              20 28
              28 19
              19 47
              ;
set F[550] := 26 15
              15 27
              27 20
              20 48
              ;
set F[551] := 26 25
              25 24
              24 21
              21 49
              ;
set F[552] := 26 25
              25 24
              24 21
              21 22
              22 50
              ;
set F[553] := 26 25
              25 24
              24 21
              21 22
              22 23
              23 51
              ;
set F[554] := 26 25
              25 24
              24 52
              ;
set F[555] := 26 15
              15 27
              27 55
              ;
set F[556] := 26 15
              15 27
              27 20
              20 28
              28 56
              ;
set F[557] := 27 15
              15 26
              26 2
              2 1
              1 29
              ;
set F[558] := 27 15
              15 26
              26 2
              2 30
              ;
set F[559] := 27 20
              20 3
              3 31
              ;
set F[560] := 27 20
              20 3
              3 7
              7 4
              4 32
              ;
set F[561] := 27 20
              20 3
              3 7
              7 8
              8 5
              5 33
              ;
set F[562] := 27 20
              20 3
              3 7
              7 8
              8 5
              5 6
              6 34
              ;
set F[563] := 27 20
              20 3
              3 7
              7 35
              ;
set F[564] := 27 20
              20 3
              3 7
              7 8
              8 36
              ;
set F[565] := 27 20
              20 3
              3 7
              7 8
              8 5
              5 6
              6 9
              9 37
              ;
set F[566] := 27 15
              15 26
              26 2
              2 14
              14 13
              13 16
              16 17
              17 10
              10 38
              ;
set F[567] := 27 15
              15 26
              26 2
              2 14
              14 13
              13 12
              12 11
              11 39
              ;
set F[568] := 27 15
              15 26
              26 2
              2 14
              14 13
              13 12
              12 40
              ;
set F[569] := 27 15
              15 26
              26 2
              2 14
              14 13
              13 41
              ;
set F[570] := 27 15
              15 26
              26 2
              2 14
              14 42
              ;
set F[571] := 27 15
              15 43
              ;
set F[572] := 27 15
              15 26
              26 2
              2 14
              14 13
              13 16
              16 44
              ;
set F[573] := 27 15
              15 26
              26 2
              2 14
              14 13
              13 16
              16 17
              17 45
              ;
set F[574] := 27 15
              15 26
              26 2
              2 14
              14 13
              13 12
              12 11
              11 18
              18 46
              ;
set F[575] := 27 20
              20 28
              28 19
              19 47
              ;
set F[576] := 27 20
              20 48
              ;
set F[577] := 27 15
              15 26
              26 25
              25 24
              24 21
              21 49
              ;
set F[578] := 27 20
              20 28
              28 19
              19 23
              23 22
              22 50
              ;
set F[579] := 27 20
              20 28
              28 19
              19 23
              23 51
              ;
set F[580] := 27 15
              15 26
              26 25
              25 24
              24 52
              ;
set F[581] := 27 15
              15 26
              26 25
              25 53
              ;
set F[582] := 27 15
              15 26
              26 54
              ;
set F[583] := 27 20
              20 28
              28 56
              ;
set F[584] := 28 20
              20 3
              3 7
              7 4
              4 1
              1 29
              ;
set F[585] := 28 20
              20 27
              27 15
              15 26
              26 2
              2 30
              ;
set F[586] := 28 20
              20 3
              3 31
              ;
set F[587] := 28 20
              20 3
              3 7
              7 4
              4 32
              ;
set F[588] := 28 20
              20 3
              3 7
              7 8
              8 5
              5 6
              6 34
              ;
set F[589] := 28 20
              20 3
              3 7
              7 35
              ;
set F[590] := 28 20
              20 3
              3 7
              7 8
              8 36
              ;
set F[591] := 28 20
              20 3
              3 7
              7 8
              8 5
              5 6
              6 9
              9 37
              ;
set F[592] := 28 20
              20 3
              3 7
              7 8
              8 5
              5 6
              6 9
              9 10
              10 38
              ;
set F[593] := 28 20
              20 27
              27 15
              15 26
              26 2
              2 14
              14 13
              13 12
              12 11
              11 39
              ;
set F[594] := 28 20
              20 27
              27 15
              15 26
              26 2
              2 14
              14 13
              13 12
              12 40
              ;
set F[595] := 28 20
              20 27
              27 15
              15 26
              26 2
              2 14
              14 42
              ;
set F[596] := 28 20
              20 27
              27 15
              15 43
              ;
set F[597] := 28 20
              20 27
              27 15
              15 26
              26 2
              2 14
              14 13
              13 16
              16 44
              ;
set F[598] := 28 20
              20 3
              3 7
              7 8
              8 5
              5 6
              6 9
              9 10
              10 17
              17 45
              ;
set F[599] := 28 20
              20 3
              3 7
              7 8
              8 5
              5 6
              6 9
              9 10
              10 17
              17 18
              18 46
              ;
set F[600] := 28 19
              19 47
              ;
set F[601] := 28 20
              20 48
              ;
set F[602] := 28 19
              19 23
              23 22
              22 50
              ;
set F[603] := 28 19
              19 23
              23 51
              ;
set F[604] := 28 19
              19 23
              23 22
              22 21
              21 24
              24 52
              ;
set F[605] := 28 20
              20 27
              27 55
              ;
set Last[1] := 17 45;
set Last[2] := 1 29;
set Last[3] := 3 31;
set Last[4] := 4 32;
set Last[5] := 5 33;
set Last[6] := 6 34;
set Last[7] := 7 35;
set Last[8] := 8 36;
set Last[9] := 9 37;
set Last[10] := 10 38;
set Last[11] := 11 39;
set Last[12] := 12 40;
set Last[13] := 14 42;
set Last[14] := 15 43;
set Last[15] := 16 44;
set Last[16] := 17 45;
set Last[17] := 18 46;
set Last[18] := 19 47;
set Last[19] := 20 48;
set Last[20] := 21 49;
set Last[21] := 22 50;
set Last[22] := 23 51;
set Last[23] := 24 52;
set Last[24] := 26 54;
set Last[25] := 27 55;
set Last[26] := 28 56;
set Last[27] := 1 29;
set Last[28] := 2 30;
set Last[29] := 4 32;
set Last[30] := 5 33;
set Last[31] := 6 34;
set Last[32] := 7 35;
set Last[33] := 8 36;
set Last[34] := 9 37;
set Last[35] := 10 38;
set Last[36] := 11 39;
set Last[37] := 12 40;
set Last[38] := 13 41;
set Last[39] := 14 42;
set Last[40] := 15 43;
set Last[41] := 16 44;
set Last[42] := 17 45;
set Last[43] := 18 46;
set Last[44] := 19 47;
set Last[45] := 20 48;
set Last[46] := 21 49;
set Last[47] := 22 50;
set Last[48] := 23 51;
set Last[49] := 24 52;
set Last[50] := 26 54;
set Last[51] := 27 55;
set Last[52] := 28 56;
set Last[53] := 1 29;
set Last[54] := 2 30;
set Last[55] := 3 31;
set Last[56] := 5 33;
set Last[57] := 6 34;
set Last[58] := 7 35;
set Last[59] := 8 36;
set Last[60] := 9 37;
set Last[61] := 10 38;
set Last[62] := 11 39;
set Last[63] := 12 40;
set Last[64] := 13 41;
set Last[65] := 14 42;
set Last[66] := 15 43;
set Last[67] := 16 44;
set Last[68] := 17 45;
set Last[69] := 18 46;
set Last[70] := 19 47;
set Last[71] := 20 48;
set Last[72] := 21 49;
set Last[73] := 22 50;
set Last[74] := 23 51;
set Last[75] := 24 52;
set Last[76] := 26 54;
set Last[77] := 27 55;
set Last[78] := 28 56;
set Last[79] := 1 29;
set Last[80] := 2 30;
set Last[81] := 3 31;
set Last[82] := 4 32;
set Last[83] := 6 34;
set Last[84] := 7 35;
set Last[85] := 8 36;
set Last[86] := 9 37;
set Last[87] := 10 38;
set Last[88] := 11 39;
set Last[89] := 12 40;
set Last[90] := 13 41;
set Last[91] := 14 42;
set Last[92] := 15 43;
set Last[93] := 16 44;
set Last[94] := 17 45;
set Last[95] := 18 46;
set Last[96] := 19 47;
set Last[97] := 20 48;
set Last[98] := 21 49;
set Last[99] := 22 50;
set Last[100] := 23 51;
set Last[101] := 24 52;
set Last[102] := 26 54;
set Last[103] := 27 55;
set Last[104] := 28 56;
set Last[105] := 1 29;
set Last[106] := 2 30;
set Last[107] := 3 31;
set Last[108] := 4 32;
set Last[109] := 7 35;
set Last[110] := 8 36;
set Last[111] := 9 37;
set Last[112] := 11 39;
set Last[113] := 12 40;
set Last[114] := 14 42;
set Last[115] := 15 43;
set Last[116] := 16 44;
set Last[117] := 17 45;
set Last[118] := 19 47;
set Last[119] := 20 48;
set Last[120] := 23 51;
set Last[121] := 24 52;
set Last[122] := 27 55;
set Last[123] := 28 56;
set Last[124] := 1 29;
set Last[125] := 2 30;
set Last[126] := 3 31;
set Last[127] := 4 32;
set Last[128] := 5 33;
set Last[129] := 6 34;
set Last[130] := 8 36;
set Last[131] := 9 37;
set Last[132] := 10 38;
set Last[133] := 11 39;
set Last[134] := 12 40;
set Last[135] := 13 41;
set Last[136] := 14 42;
set Last[137] := 15 43;
set Last[138] := 16 44;
set Last[139] := 17 45;
set Last[140] := 18 46;
set Last[141] := 19 47;
set Last[142] := 20 48;
set Last[143] := 21 49;
set Last[144] := 22 50;
set Last[145] := 23 51;
set Last[146] := 24 52;
set Last[147] := 25 53;
set Last[148] := 26 54;
set Last[149] := 27 55;
set Last[150] := 28 56;
set Last[151] := 1 29;
set Last[152] := 2 30;
set Last[153] := 3 31;
set Last[154] := 4 32;
set Last[155] := 5 33;
set Last[156] := 6 34;
set Last[157] := 7 35;
set Last[158] := 9 37;
set Last[159] := 10 38;
set Last[160] := 11 39;
set Last[161] := 12 40;
set Last[162] := 13 41;
set Last[163] := 14 42;
set Last[164] := 15 43;
set Last[165] := 16 44;
set Last[166] := 17 45;
set Last[167] := 18 46;
set Last[168] := 19 47;
set Last[169] := 20 48;
set Last[170] := 21 49;
set Last[171] := 22 50;
set Last[172] := 23 51;
set Last[173] := 24 52;
set Last[174] := 25 53;
set Last[175] := 26 54;
set Last[176] := 27 55;
set Last[177] := 28 56;
set Last[178] := 1 29;
set Last[179] := 2 30;
set Last[180] := 3 31;
set Last[181] := 4 32;
set Last[182] := 5 33;
set Last[183] := 6 34;
set Last[184] := 7 35;
set Last[185] := 8 36;
set Last[186] := 10 38;
set Last[187] := 11 39;
set Last[188] := 12 40;
set Last[189] := 13 41;
set Last[190] := 14 42;
set Last[191] := 15 43;
set Last[192] := 16 44;
set Last[193] := 17 45;
set Last[194] := 18 46;
set Last[195] := 19 47;
set Last[196] := 20 48;
set Last[197] := 21 49;
set Last[198] := 22 50;
set Last[199] := 23 51;
set Last[200] := 24 52;
set Last[201] := 25 53;
set Last[202] := 26 54;
set Last[203] := 27 55;
set Last[204] := 28 56;
set Last[205] := 1 29;
set Last[206] := 2 30;
set Last[207] := 3 31;
set Last[208] := 4 32;
set Last[209] := 5 33;
set Last[210] := 6 34;
set Last[211] := 7 35;
set Last[212] := 8 36;
set Last[213] := 9 37;
set Last[214] := 11 39;
set Last[215] := 12 40;
set Last[216] := 13 41;
set Last[217] := 14 42;
set Last[218] := 15 43;
set Last[219] := 16 44;
set Last[220] := 17 45;
set Last[221] := 18 46;
set Last[222] := 19 47;
set Last[223] := 20 48;
set Last[224] := 21 49;
set Last[225] := 22 50;
set Last[226] := 23 51;
set Last[227] := 24 52;
set Last[228] := 25 53;
set Last[229] := 26 54;
set Last[230] := 27 55;
set Last[231] := 28 56;
set Last[232] := 1 29;
set Last[233] := 2 30;
set Last[234] := 3 31;
set Last[235] := 4 32;
set Last[236] := 5 33;
set Last[237] := 6 34;
set Last[238] := 7 35;
set Last[239] := 8 36;
set Last[240] := 9 37;
set Last[241] := 10 38;
set Last[242] := 12 40;
set Last[243] := 13 41;
set Last[244] := 14 42;
set Last[245] := 15 43;
set Last[246] := 16 44;
set Last[247] := 17 45;
set Last[248] := 18 46;
set Last[249] := 19 47;
set Last[250] := 20 48;
set Last[251] := 21 49;
set Last[252] := 22 50;
set Last[253] := 23 51;
set Last[254] := 24 52;
set Last[255] := 25 53;
set Last[256] := 26 54;
set Last[257] := 27 55;
set Last[258] := 28 56;
set Last[259] := 1 29;
set Last[260] := 2 30;
set Last[261] := 3 31;
set Last[262] := 4 32;
set Last[263] := 5 33;
set Last[264] := 6 34;
set Last[265] := 7 35;
set Last[266] := 8 36;
set Last[267] := 9 37;
set Last[268] := 10 38;
set Last[269] := 11 39;
set Last[270] := 13 41;
set Last[271] := 14 42;
set Last[272] := 15 43;
set Last[273] := 16 44;
set Last[274] := 17 45;
set Last[275] := 18 46;
set Last[276] := 19 47;
set Last[277] := 20 48;
set Last[278] := 21 49;
set Last[279] := 22 50;
set Last[280] := 23 51;
set Last[281] := 24 52;
set Last[282] := 26 54;
set Last[283] := 27 55;
set Last[284] := 28 56;
set Last[285] := 1 29;
set Last[286] := 2 30;
set Last[287] := 3 31;
set Last[288] := 4 32;
set Last[289] := 5 33;
set Last[290] := 6 34;
set Last[291] := 7 35;
set Last[292] := 8 36;
set Last[293] := 9 37;
set Last[294] := 10 38;
set Last[295] := 11 39;
set Last[296] := 12 40;
set Last[297] := 14 42;
set Last[298] := 15 43;
set Last[299] := 16 44;
set Last[300] := 17 45;
set Last[301] := 18 46;
set Last[302] := 19 47;
set Last[303] := 20 48;
set Last[304] := 21 49;
set Last[305] := 22 50;
set Last[306] := 23 51;
set Last[307] := 24 52;
set Last[308] := 25 53;
set Last[309] := 26 54;
set Last[310] := 27 55;
set Last[311] := 28 56;
set Last[312] := 1 29;
set Last[313] := 2 30;
set Last[314] := 3 31;
set Last[315] := 4 32;
set Last[316] := 5 33;
set Last[317] := 6 34;
set Last[318] := 7 35;
set Last[319] := 8 36;
set Last[320] := 9 37;
set Last[321] := 10 38;
set Last[322] := 11 39;
set Last[323] := 12 40;
set Last[324] := 13 41;
set Last[325] := 15 43;
set Last[326] := 16 44;
set Last[327] := 17 45;
set Last[328] := 18 46;
set Last[329] := 19 47;
set Last[330] := 20 48;
set Last[331] := 21 49;
set Last[332] := 22 50;
set Last[333] := 23 51;
set Last[334] := 24 52;
set Last[335] := 26 54;
set Last[336] := 27 55;
set Last[337] := 28 56;
set Last[338] := 1 29;
set Last[339] := 11 39;
set Last[340] := 17 45;
set Last[341] := 1 29;
set Last[342] := 2 30;
set Last[343] := 3 31;
set Last[344] := 4 32;
set Last[345] := 5 33;
set Last[346] := 6 34;
set Last[347] := 7 35;
set Last[348] := 8 36;
set Last[349] := 9 37;
set Last[350] := 10 38;
set Last[351] := 11 39;
set Last[352] := 12 40;
set Last[353] := 14 42;
set Last[354] := 15 43;
set Last[355] := 17 45;
set Last[356] := 18 46;
set Last[357] := 19 47;
set Last[358] := 20 48;
set Last[359] := 21 49;
set Last[360] := 22 50;
set Last[361] := 23 51;
set Last[362] := 24 52;
set Last[363] := 26 54;
set Last[364] := 27 55;
set Last[365] := 28 56;
set Last[366] := 1 29;
set Last[367] := 2 30;
set Last[368] := 3 31;
set Last[369] := 4 32;
set Last[370] := 6 34;
set Last[371] := 7 35;
set Last[372] := 8 36;
set Last[373] := 9 37;
set Last[374] := 10 38;
set Last[375] := 11 39;
set Last[376] := 12 40;
set Last[377] := 14 42;
set Last[378] := 15 43;
set Last[379] := 16 44;
set Last[380] := 18 46;
set Last[381] := 19 47;
set Last[382] := 20 48;
set Last[383] := 22 50;
set Last[384] := 23 51;
set Last[385] := 24 52;
set Last[386] := 27 55;
set Last[387] := 28 56;
set Last[388] := 1 29;
set Last[389] := 2 30;
set Last[390] := 3 31;
set Last[391] := 6 34;
set Last[392] := 9 37;
set Last[393] := 11 39;
set Last[394] := 14 42;
set Last[395] := 15 43;
set Last[396] := 16 44;
set Last[397] := 17 45;
set Last[398] := 23 51;
set Last[399] := 28 56;
set Last[400] := 1 29;
set Last[401] := 2 30;
set Last[402] := 3 31;
set Last[403] := 4 32;
set Last[404] := 5 33;
set Last[405] := 6 34;
set Last[406] := 7 35;
set Last[407] := 8 36;
set Last[408] := 9 37;
set Last[409] := 10 38;
set Last[410] := 11 39;
set Last[411] := 12 40;
set Last[412] := 13 41;
set Last[413] := 14 42;
set Last[414] := 15 43;
set Last[415] := 16 44;
set Last[416] := 17 45;
set Last[417] := 18 46;
set Last[418] := 19 47;
set Last[419] := 21 49;
set Last[420] := 22 50;
set Last[421] := 23 51;
set Last[422] := 24 52;
set Last[423] := 26 54;
set Last[424] := 27 55;
set Last[425] := 28 56;
set Last[426] := 1 29;
set Last[427] := 2 30;
set Last[428] := 3 31;
set Last[429] := 4 32;
set Last[430] := 5 33;
set Last[431] := 6 34;
set Last[432] := 7 35;
set Last[433] := 8 36;
set Last[434] := 9 37;
set Last[435] := 10 38;
set Last[436] := 11 39;
set Last[437] := 12 40;
set Last[438] := 13 41;
set Last[439] := 14 42;
set Last[440] := 15 43;
set Last[441] := 16 44;
set Last[442] := 17 45;
set Last[443] := 18 46;
set Last[444] := 19 47;
set Last[445] := 20 48;
set Last[446] := 22 50;
set Last[447] := 23 51;
set Last[448] := 24 52;
set Last[449] := 25 53;
set Last[450] := 26 54;
set Last[451] := 27 55;
set Last[452] := 28 56;
set Last[453] := 1 29;
set Last[454] := 2 30;
set Last[455] := 3 31;
set Last[456] := 4 32;
set Last[457] := 5 33;
set Last[458] := 6 34;
set Last[459] := 7 35;
set Last[460] := 8 36;
set Last[461] := 9 37;
set Last[462] := 10 38;
set Last[463] := 11 39;
set Last[464] := 12 40;
set Last[465] := 13 41;
set Last[466] := 14 42;
set Last[467] := 15 43;
set Last[468] := 16 44;
set Last[469] := 17 45;
set Last[470] := 18 46;
set Last[471] := 19 47;
set Last[472] := 20 48;
set Last[473] := 21 49;
set Last[474] := 23 51;
set Last[475] := 24 52;
set Last[476] := 25 53;
set Last[477] := 26 54;
set Last[478] := 27 55;
set Last[479] := 28 56;
set Last[480] := 1 29;
set Last[481] := 2 30;
set Last[482] := 3 31;
set Last[483] := 4 32;
set Last[484] := 5 33;
set Last[485] := 6 34;
set Last[486] := 7 35;
set Last[487] := 8 36;
set Last[488] := 9 37;
set Last[489] := 10 38;
set Last[490] := 11 39;
set Last[491] := 12 40;
set Last[492] := 14 42;
set Last[493] := 15 43;
set Last[494] := 16 44;
set Last[495] := 17 45;
set Last[496] := 18 46;
set Last[497] := 19 47;
set Last[498] := 20 48;
set Last[499] := 21 49;
set Last[500] := 22 50;
set Last[501] := 24 52;
set Last[502] := 26 54;
set Last[503] := 27 55;
set Last[504] := 28 56;
set Last[505] := 1 29;
set Last[506] := 11 39;
set Last[507] := 17 45;
set Last[508] := 1 29;
set Last[509] := 2 30;
set Last[510] := 3 31;
set Last[511] := 4 32;
set Last[512] := 6 34;
set Last[513] := 7 35;
set Last[514] := 8 36;
set Last[515] := 9 37;
set Last[516] := 10 38;
set Last[517] := 11 39;
set Last[518] := 12 40;
set Last[519] := 14 42;
set Last[520] := 15 43;
set Last[521] := 16 44;
set Last[522] := 17 45;
set Last[523] := 18 46;
set Last[524] := 19 47;
set Last[525] := 20 48;
set Last[526] := 22 50;
set Last[527] := 23 51;
set Last[528] := 24 52;
set Last[529] := 27 55;
set Last[530] := 28 56;
set Last[531] := 1 29;
set Last[532] := 2 30;
set Last[533] := 3 31;
set Last[534] := 4 32;
set Last[535] := 5 33;
set Last[536] := 6 34;
set Last[537] := 7 35;
set Last[538] := 8 36;
set Last[539] := 9 37;
set Last[540] := 10 38;
set Last[541] := 11 39;
set Last[542] := 12 40;
set Last[543] := 13 41;
set Last[544] := 14 42;
set Last[545] := 15 43;
set Last[546] := 16 44;
set Last[547] := 17 45;
set Last[548] := 18 46;
set Last[549] := 19 47;
set Last[550] := 20 48;
set Last[551] := 21 49;
set Last[552] := 22 50;
set Last[553] := 23 51;
set Last[554] := 24 52;
set Last[555] := 27 55;
set Last[556] := 28 56;
set Last[557] := 1 29;
set Last[558] := 2 30;
set Last[559] := 3 31;
set Last[560] := 4 32;
set Last[561] := 5 33;
set Last[562] := 6 34;
set Last[563] := 7 35;
set Last[564] := 8 36;
set Last[565] := 9 37;
set Last[566] := 10 38;
set Last[567] := 11 39;
set Last[568] := 12 40;
set Last[569] := 13 41;
set Last[570] := 14 42;
set Last[571] := 15 43;
set Last[572] := 16 44;
set Last[573] := 17 45;
set Last[574] := 18 46;
set Last[575] := 19 47;
set Last[576] := 20 48;
set Last[577] := 21 49;
set Last[578] := 22 50;
set Last[579] := 23 51;
set Last[580] := 24 52;
set Last[581] := 25 53;
set Last[582] := 26 54;
set Last[583] := 28 56;
set Last[584] := 1 29;
set Last[585] := 2 30;
set Last[586] := 3 31;
set Last[587] := 4 32;
set Last[588] := 6 34;
set Last[589] := 7 35;
set Last[590] := 8 36;
set Last[591] := 9 37;
set Last[592] := 10 38;
set Last[593] := 11 39;
set Last[594] := 12 40;
set Last[595] := 14 42;
set Last[596] := 15 43;
set Last[597] := 16 44;
set Last[598] := 17 45;
set Last[599] := 18 46;
set Last[600] := 19 47;
set Last[601] := 20 48;
set Last[602] := 22 50;
set Last[603] := 23 51;
set Last[604] := 24 52;
set Last[605] := 27 55;

param q := 5;

end;
