data;

set V := 1 2 3 4 5 6 7 8 9 10 11 12 13 14 15 16 17 18 19 20 21 22 23 24 25 26 27 28 29 30 31 32 33 34 35 36 37 38 39 41 42 44 46 47 48 49 50 51 52 53 54 56 57 58 60 61 62;

set A := 1 2
         1 4
         1 8
         1 32
         2 1
         2 24
         2 33
         3 4
         3 14
         3 23
         3 34
         4 1
         4 3
         4 35
         5 6
         5 16
         5 30
         5 36
         6 5
         6 17
         6 37
         7 8
         7 26
         7 38
         8 1
         8 7
         8 39
         9 10
         9 31
         10 9
         10 17
         10 41
         11 12
         11 20
         11 42
         12 11
         12 13
         13 12
         13 18
         13 44
         14 3
         14 20
         14 21
         15 16
         15 20
         15 46
         16 5
         16 15
         16 47
         17 6
         17 10
         17 48
         18 13
         18 19
         18 49
         19 18
         19 21
         19 50
         20 11
         20 14
         20 15
         20 51
         21 14
         21 19
         21 52
         22 23
         22 31
         22 53
         23 3
         23 22
         23 54
         24 2
         24 25
         25 24
         25 26
         25 56
         26 7
         26 25
         26 27
         26 30
         26 57
         27 26
         27 28
         27 58
         28 27
         28 29
         29 28
         29 30
         29 60
         30 5
         30 26
         30 29
         30 61
         31 9
         31 22
         31 62
         ;

set S := 1 2 3 4 5 6 7 8 9 10 11 12 13 14 15 16 17 18 19 20 21 22 23 24 25 26 27 28 29 30 31 32 33 34 35 36 37 38 39 40 41 42 43 44 45 46 47 48 49 50 51 52 53 54 55 56 57 58 59 60 61 62 63 64 65 66 67 68 69 70 71 72 73 74 75 76 77 78 79 80 81 82 83 84 85 86 87 88 89 90 91 92 93 94 95 96 97 98 99 100 101 102 103 104 105 106 107 108 109 110 111 112 113 114 115 116 117 118 119 120 121 122 123 124 125 126 127 128 129 130 131 132 133 134 135 136 137 138 139 140 141 142 143 144 145 146 147 148 149 150 151 152 153 154 155 156 157 158 159 160 161 162 163 164 165 166 167 168 169 170 171 172 173 174 175 176 177 178 179 180 181 182 183 184 185 186 187 188 189 190 191 192 193 194 195 196 197 198 199 200 201 202 203 204 205 206 207 208 209 210 211 212 213 214 215 216 217 218 219 220 221 222 223 224 225 226 227 228 229 230 231 232 233 234 235 236 237 238 239 240 241 242 243 244 245 246 247 248 249 250 251 252 253 254 255 256 257 258 259 260 261 262 263 264 265 266 267 268 269 270 271 272 273 274 275 276 277 278 279 280 281 282 283 284 285 286 287 288 289 290 291 292 293 294 295 296 297 298 299 300 301 302 303 304 305 306 307 308 309 310 311 312 313 314 315 316 317 318 319 320 321 322 323 324 325 326 327 328 329 330 331 332 333 334 335 336 337 338 339 340 341 342 343 344 345 346 347 348 349 350 351 352 353 354 355 356 357 358 359 360 361 362 363 364 365 366 367 368 369 370 371 372 373 374 375 376 377 378 379 380 381 382 383 384 385 386 387 388 389 390 391 392 393 394 395 396 397 398 399 400 401 402 403 404 405 406 407 408 409 410 411 412 413 414 415 416 417 418 419 420 421 422 423 424 425 426 427 428 429 430 431 432 433 434 435 436 437 438 439 440 441 442 443 444 445 446 447 448 449 450 451 452 453 454 455 456 457 458 459 460 461 462 463 464 465 466 467 468 469 470 471 472 473 474 475 476 477 478 479 480 481 482 483 484 485 486 487 488 489 490 491 492 493 494 495 496 497 498 499 500 501 502 503 504 505 506 507 508 509 510 511 512 513 514 515 516 517 518 519 520 521 522 523 524 525 526 527 528 529 530 531 532 533 534 535 536 537 538 539 540 541 542 543 544 545 546 547 548 549 550 551 552 553 554 555 556 557 558;

set F[1] := 1 4
            4 3
            3 34
            ;
set F[2] := 1 4
            4 35
            ;
set F[3] := 1 8
            8 7
            7 26
            26 30
            30 5
            5 36
            ;
set F[4] := 1 8
            8 7
            7 26
            26 30
            30 5
            5 6
            6 37
            ;
set F[5] := 1 8
            8 7
            7 38
            ;
set F[6] := 1 4
            4 3
            3 23
            23 22
            22 31
            31 9
            9 10
            10 41
            ;
set F[7] := 1 4
            4 3
            3 14
            14 20
            20 15
            15 16
            16 47
            ;
set F[8] := 1 8
            8 7
            7 26
            26 30
            30 5
            5 6
            6 17
            17 48
            ;
set F[9] := 1 4
            4 3
            3 23
            23 54
            ;
set F[10] := 1 2
             2 24
             24 25
             25 56
             ;
set F[11] := 1 8
             8 7
             7 26
             26 57
             ;
set F[12] := 1 8
             8 7
             7 26
             26 27
             27 58
             ;
set F[13] := 1 8
             8 7
             7 26
             26 30
             30 29
             29 60
             ;
set F[14] := 1 8
             8 7
             7 26
             26 30
             30 61
             ;
set F[15] := 2 1
             1 4
             4 3
             3 34
             ;
set F[16] := 2 24
             24 25
             25 26
             26 30
             30 5
             5 36
             ;
set F[17] := 2 24
             24 25
             25 26
             26 30
             30 5
             5 6
             6 37
             ;
set F[18] := 2 1
             1 8
             8 7
             7 38
             ;
set F[19] := 2 24
             24 25
             25 26
             26 30
             30 5
             5 16
             16 47
             ;
set F[20] := 2 24
             24 25
             25 26
             26 30
             30 5
             5 6
             6 17
             17 48
             ;
set F[21] := 2 24
             24 25
             25 26
             26 27
             27 58
             ;
set F[22] := 2 24
             24 25
             25 26
             26 30
             30 61
             ;
set F[23] := 3 4
             4 35
             ;
set F[24] := 3 14
             14 20
             20 15
             15 16
             16 5
             5 36
             ;
set F[25] := 3 14
             14 20
             20 15
             15 16
             16 5
             5 6
             6 37
             ;
set F[26] := 3 4
             4 1
             1 8
             8 7
             7 38
             ;
set F[27] := 3 23
             23 22
             22 31
             31 9
             9 10
             10 41
             ;
set F[28] := 3 14
             14 20
             20 15
             15 16
             16 47
             ;
set F[29] := 3 23
             23 22
             22 31
             31 9
             9 10
             10 17
             17 48
             ;
set F[30] := 3 4
             4 1
             1 2
             2 24
             24 25
             25 56
             ;
set F[31] := 3 4
             4 1
             1 8
             8 7
             7 26
             26 57
             ;
set F[32] := 3 4
             4 1
             1 8
             8 7
             7 26
             26 27
             27 58
             ;
set F[33] := 3 4
             4 1
             1 8
             8 7
             7 26
             26 30
             30 61
             ;
set F[34] := 4 1
             1 32
             ;
set F[35] := 4 1
             1 2
             2 33
             ;
set F[36] := 4 3
             3 34
             ;
set F[37] := 4 1
             1 8
             8 7
             7 26
             26 30
             30 5
             5 36
             ;
set F[38] := 4 1
             1 8
             8 7
             7 26
             26 30
             30 5
             5 6
             6 37
             ;
set F[39] := 4 1
             1 8
             8 7
             7 38
             ;
set F[40] := 4 1
             1 8
             8 39
             ;
set F[41] := 4 3
             3 23
             23 22
             22 31
             31 9
             9 10
             10 41
             ;
set F[42] := 4 3
             3 14
             14 20
             20 11
             11 42
             ;
set F[43] := 4 3
             3 14
             14 20
             20 11
             11 12
             12 13
             13 44
             ;
set F[44] := 4 3
             3 14
             14 20
             20 15
             15 46
             ;
set F[45] := 4 3
             3 14
             14 20
             20 15
             15 16
             16 47
             ;
set F[46] := 4 3
             3 23
             23 22
             22 31
             31 9
             9 10
             10 17
             17 48
             ;
set F[47] := 4 3
             3 14
             14 21
             21 19
             19 50
             ;
set F[48] := 4 3
             3 14
             14 21
             21 52
             ;
set F[49] := 4 3
             3 23
             23 22
             22 53
             ;
set F[50] := 4 3
             3 23
             23 54
             ;
set F[51] := 4 1
             1 2
             2 24
             24 25
             25 56
             ;
set F[52] := 4 1
             1 8
             8 7
             7 26
             26 57
             ;
set F[53] := 4 1
             1 8
             8 7
             7 26
             26 27
             27 58
             ;
set F[54] := 4 1
             1 8
             8 7
             7 26
             26 30
             30 29
             29 60
             ;
set F[55] := 4 1
             1 8
             8 7
             7 26
             26 30
             30 61
             ;
set F[56] := 4 3
             3 23
             23 22
             22 31
             31 62
             ;
set F[57] := 6 5
             5 30
             30 26
             26 7
             7 8
             8 1
             1 32
             ;
set F[58] := 6 5
             5 16
             16 15
             15 20
             20 14
             14 3
             3 34
             ;
set F[59] := 6 5
             5 16
             16 15
             15 20
             20 14
             14 3
             3 4
             4 35
             ;
set F[60] := 6 5
             5 36
             ;
set F[61] := 6 5
             5 30
             30 26
             26 7
             7 38
             ;
set F[62] := 6 17
             17 10
             10 41
             ;
set F[63] := 6 5
             5 16
             16 15
             15 20
             20 11
             11 12
             12 13
             13 44
             ;
set F[64] := 6 5
             5 16
             16 47
             ;
set F[65] := 6 17
             17 48
             ;
set F[66] := 6 5
             5 16
             16 15
             15 20
             20 14
             14 21
             21 52
             ;
set F[67] := 6 17
             17 10
             10 9
             9 31
             31 22
             22 23
             23 54
             ;
set F[68] := 6 5
             5 30
             30 26
             26 25
             25 56
             ;
set F[69] := 6 5
             5 30
             30 26
             26 57
             ;
set F[70] := 6 5
             5 30
             30 26
             26 27
             27 58
             ;
set F[71] := 6 5
             5 30
             30 29
             29 60
             ;
set F[72] := 6 5
             5 30
             30 61
             ;
set F[73] := 8 1
             1 32
             ;
set F[74] := 8 1
             1 2
             2 33
             ;
set F[75] := 8 1
             1 4
             4 3
             3 34
             ;
set F[76] := 8 1
             1 4
             4 35
             ;
set F[77] := 8 7
             7 26
             26 30
             30 5
             5 36
             ;
set F[78] := 8 7
             7 26
             26 30
             30 5
             5 6
             6 37
             ;
set F[79] := 8 7
             7 38
             ;
set F[80] := 8 7
             7 26
             26 30
             30 5
             5 6
             6 17
             17 10
             10 41
             ;
set F[81] := 8 1
             1 4
             4 3
             3 14
             14 20
             20 11
             11 42
             ;
set F[82] := 8 1
             1 4
             4 3
             3 14
             14 20
             20 11
             11 12
             12 13
             13 44
             ;
set F[83] := 8 1
             1 4
             4 3
             3 14
             14 20
             20 15
             15 46
             ;
set F[84] := 8 7
             7 26
             26 30
             30 5
             5 16
             16 47
             ;
set F[85] := 8 7
             7 26
             26 30
             30 5
             5 6
             6 17
             17 48
             ;
set F[86] := 8 1
             1 4
             4 3
             3 14
             14 21
             21 19
             19 18
             18 49
             ;
set F[87] := 8 1
             1 4
             4 3
             3 14
             14 21
             21 19
             19 50
             ;
set F[88] := 8 1
             1 4
             4 3
             3 14
             14 20
             20 51
             ;
set F[89] := 8 1
             1 4
             4 3
             3 14
             14 21
             21 52
             ;
set F[90] := 8 1
             1 4
             4 3
             3 23
             23 22
             22 53
             ;
set F[91] := 8 1
             1 4
             4 3
             3 23
             23 54
             ;
set F[92] := 8 7
             7 26
             26 25
             25 56
             ;
set F[93] := 8 7
             7 26
             26 57
             ;
set F[94] := 8 7
             7 26
             26 27
             27 58
             ;
set F[95] := 8 7
             7 26
             26 30
             30 29
             29 60
             ;
set F[96] := 8 7
             7 26
             26 30
             30 61
             ;
set F[97] := 8 1
             1 4
             4 3
             3 23
             23 22
             22 31
             31 62
             ;
set F[98] := 10 9
             9 31
             31 22
             22 23
             23 3
             3 4
             4 1
             1 32
             ;
set F[99] := 10 9
             9 31
             31 22
             22 23
             23 3
             3 4
             4 1
             1 2
             2 33
             ;
set F[100] := 10 9
              9 31
              31 22
              22 23
              23 3
              3 34
              ;
set F[101] := 10 9
              9 31
              31 22
              22 23
              23 3
              3 4
              4 35
              ;
set F[102] := 10 17
              17 6
              6 5
              5 36
              ;
set F[103] := 10 17
              17 6
              6 37
              ;
set F[104] := 10 17
              17 6
              6 5
              5 30
              30 26
              26 7
              7 38
              ;
set F[105] := 10 17
              17 6
              6 5
              5 30
              30 26
              26 7
              7 8
              8 39
              ;
set F[106] := 10 17
              17 6
              6 5
              5 16
              16 15
              15 20
              20 11
              11 42
              ;
set F[107] := 10 17
              17 6
              6 5
              5 16
              16 15
              15 20
              20 11
              11 12
              12 13
              13 44
              ;
set F[108] := 10 17
              17 6
              6 5
              5 16
              16 15
              15 46
              ;
set F[109] := 10 17
              17 6
              6 5
              5 16
              16 47
              ;
set F[110] := 10 17
              17 48
              ;
set F[111] := 10 9
              9 31
              31 22
              22 23
              23 3
              3 14
              14 21
              21 19
              19 50
              ;
set F[112] := 10 9
              9 31
              31 22
              22 23
              23 3
              3 14
              14 21
              21 52
              ;
set F[113] := 10 9
              9 31
              31 22
              22 53
              ;
set F[114] := 10 9
              9 31
              31 22
              22 23
              23 54
              ;
set F[115] := 10 17
              17 6
              6 5
              5 30
              30 26
              26 25
              25 56
              ;
set F[116] := 10 17
              17 6
              6 5
              5 30
              30 26
              26 57
              ;
set F[117] := 10 17
              17 6
              6 5
              5 30
              30 26
              26 27
              27 58
              ;
set F[118] := 10 17
              17 6
              6 5
              5 30
              30 29
              29 60
              ;
set F[119] := 10 17
              17 6
              6 5
              5 30
              30 61
              ;
set F[120] := 10 9
              9 31
              31 62
              ;
set F[121] := 11 20
              20 14
              14 3
              3 4
              4 1
              1 32
              ;
set F[122] := 11 20
              20 14
              14 3
              3 34
              ;
set F[123] := 11 20
              20 14
              14 3
              3 4
              4 35
              ;
set F[124] := 11 20
              20 15
              15 16
              16 5
              5 36
              ;
set F[125] := 11 20
              20 15
              15 16
              16 5
              5 6
              6 37
              ;
set F[126] := 11 20
              20 14
              14 3
              3 4
              4 1
              1 8
              8 7
              7 38
              ;
set F[127] := 11 20
              20 15
              15 16
              16 5
              5 6
              6 17
              17 10
              10 41
              ;
set F[128] := 11 20
              20 15
              15 16
              16 47
              ;
set F[129] := 11 20
              20 15
              15 16
              16 5
              5 6
              6 17
              17 48
              ;
set F[130] := 11 20
              20 14
              14 3
              3 23
              23 54
              ;
set F[131] := 11 20
              20 15
              15 16
              16 5
              5 30
              30 26
              26 25
              25 56
              ;
set F[132] := 11 20
              20 15
              15 16
              16 5
              5 30
              30 26
              26 57
              ;
set F[133] := 11 20
              20 15
              15 16
              16 5
              5 30
              30 26
              26 27
              27 58
              ;
set F[134] := 11 20
              20 15
              15 16
              16 5
              5 30
              30 29
              29 60
              ;
set F[135] := 11 20
              20 15
              15 16
              16 5
              5 30
              30 61
              ;
set F[136] := 12 11
              11 20
              20 14
              14 3
              3 4
              4 1
              1 32
              ;
set F[137] := 12 11
              11 20
              20 14
              14 3
              3 4
              4 1
              1 2
              2 33
              ;
set F[138] := 12 11
              11 20
              20 14
              14 3
              3 34
              ;
set F[139] := 12 11
              11 20
              20 14
              14 3
              3 4
              4 35
              ;
set F[140] := 12 11
              11 20
              20 15
              15 16
              16 5
              5 36
              ;
set F[141] := 12 11
              11 20
              20 15
              15 16
              16 5
              5 6
              6 37
              ;
set F[142] := 12 11
              11 20
              20 14
              14 3
              3 4
              4 1
              1 8
              8 7
              7 38
              ;
set F[143] := 12 11
              11 20
              20 14
              14 3
              3 4
              4 1
              1 8
              8 39
              ;
set F[144] := 12 11
              11 20
              20 15
              15 16
              16 5
              5 6
              6 17
              17 10
              10 41
              ;
set F[145] := 12 11
              11 42
              ;
set F[146] := 12 13
              13 44
              ;
set F[147] := 12 11
              11 20
              20 15
              15 46
              ;
set F[148] := 12 11
              11 20
              20 15
              15 16
              16 47
              ;
set F[149] := 12 11
              11 20
              20 15
              15 16
              16 5
              5 6
              6 17
              17 48
              ;
set F[150] := 12 13
              13 18
              18 49
              ;
set F[151] := 12 13
              13 18
              18 19
              19 50
              ;
set F[152] := 12 11
              11 20
              20 51
              ;
set F[153] := 12 11
              11 20
              20 14
              14 21
              21 52
              ;
set F[154] := 12 11
              11 20
              20 14
              14 3
              3 23
              23 22
              22 53
              ;
set F[155] := 12 11
              11 20
              20 14
              14 3
              3 23
              23 54
              ;
set F[156] := 12 11
              11 20
              20 15
              15 16
              16 5
              5 30
              30 26
              26 25
              25 56
              ;
set F[157] := 12 11
              11 20
              20 15
              15 16
              16 5
              5 30
              30 26
              26 57
              ;
set F[158] := 12 11
              11 20
              20 15
              15 16
              16 5
              5 30
              30 26
              26 27
              27 58
              ;
set F[159] := 12 11
              11 20
              20 15
              15 16
              16 5
              5 30
              30 29
              29 60
              ;
set F[160] := 12 11
              11 20
              20 15
              15 16
              16 5
              5 30
              30 61
              ;
set F[161] := 12 11
              11 20
              20 14
              14 3
              3 23
              23 22
              22 31
              31 62
              ;
set F[162] := 13 12
              12 11
              11 20
              20 14
              14 3
              3 4
              4 1
              1 32
              ;
set F[163] := 13 12
              12 11
              11 20
              20 14
              14 3
              3 34
              ;
set F[164] := 13 12
              12 11
              11 20
              20 14
              14 3
              3 4
              4 35
              ;
set F[165] := 13 12
              12 11
              11 20
              20 15
              15 16
              16 5
              5 36
              ;
set F[166] := 13 12
              12 11
              11 20
              20 15
              15 16
              16 5
              5 6
              6 37
              ;
set F[167] := 13 12
              12 11
              11 20
              20 14
              14 3
              3 4
              4 1
              1 8
              8 7
              7 38
              ;
set F[168] := 13 12
              12 11
              11 20
              20 15
              15 16
              16 5
              5 6
              6 17
              17 10
              10 41
              ;
set F[169] := 13 12
              12 11
              11 42
              ;
set F[170] := 13 12
              12 11
              11 20
              20 15
              15 46
              ;
set F[171] := 13 12
              12 11
              11 20
              20 15
              15 16
              16 47
              ;
set F[172] := 13 12
              12 11
              11 20
              20 15
              15 16
              16 5
              5 6
              6 17
              17 48
              ;
set F[173] := 13 18
              18 19
              19 21
              21 52
              ;
set F[174] := 13 12
              12 11
              11 20
              20 14
              14 3
              3 23
              23 22
              22 53
              ;
set F[175] := 13 12
              12 11
              11 20
              20 14
              14 3
              3 23
              23 54
              ;
set F[176] := 13 12
              12 11
              11 20
              20 15
              15 16
              16 5
              5 30
              30 26
              26 25
              25 56
              ;
set F[177] := 13 12
              12 11
              11 20
              20 15
              15 16
              16 5
              5 30
              30 26
              26 57
              ;
set F[178] := 13 12
              12 11
              11 20
              20 15
              15 16
              16 5
              5 30
              30 26
              26 27
              27 58
              ;
set F[179] := 13 12
              12 11
              11 20
              20 15
              15 16
              16 5
              5 30
              30 29
              29 60
              ;
set F[180] := 13 12
              12 11
              11 20
              20 15
              15 16
              16 5
              5 30
              30 61
              ;
set F[181] := 14 3
              3 4
              4 1
              1 32
              ;
set F[182] := 14 3
              3 4
              4 1
              1 2
              2 33
              ;
set F[183] := 14 3
              3 34
              ;
set F[184] := 14 3
              3 4
              4 35
              ;
set F[185] := 14 20
              20 15
              15 16
              16 5
              5 36
              ;
set F[186] := 14 20
              20 15
              15 16
              16 5
              5 6
              6 37
              ;
set F[187] := 14 3
              3 4
              4 1
              1 8
              8 7
              7 38
              ;
set F[188] := 14 3
              3 4
              4 1
              1 8
              8 39
              ;
set F[189] := 14 3
              3 23
              23 22
              22 31
              31 9
              9 10
              10 41
              ;
set F[190] := 14 20
              20 11
              11 42
              ;
set F[191] := 14 20
              20 11
              11 12
              12 13
              13 44
              ;
set F[192] := 14 20
              20 15
              15 46
              ;
set F[193] := 14 20
              20 15
              15 16
              16 47
              ;
set F[194] := 14 20
              20 15
              15 16
              16 5
              5 6
              6 17
              17 48
              ;
set F[195] := 14 21
              21 19
              19 18
              18 49
              ;
set F[196] := 14 21
              21 19
              19 50
              ;
set F[197] := 14 20
              20 51
              ;
set F[198] := 14 21
              21 52
              ;
set F[199] := 14 3
              3 23
              23 22
              22 53
              ;
set F[200] := 14 3
              3 23
              23 54
              ;
set F[201] := 14 3
              3 4
              4 1
              1 2
              2 24
              24 25
              25 56
              ;
set F[202] := 14 3
              3 4
              4 1
              1 8
              8 7
              7 26
              26 57
              ;
set F[203] := 14 3
              3 4
              4 1
              1 8
              8 7
              7 26
              26 27
              27 58
              ;
set F[204] := 14 20
              20 15
              15 16
              16 5
              5 30
              30 29
              29 60
              ;
set F[205] := 14 20
              20 15
              15 16
              16 5
              5 30
              30 61
              ;
set F[206] := 14 3
              3 23
              23 22
              22 31
              31 62
              ;
set F[207] := 15 20
              20 14
              14 3
              3 4
              4 1
              1 32
              ;
set F[208] := 15 20
              20 14
              14 3
              3 4
              4 1
              1 2
              2 33
              ;
set F[209] := 15 20
              20 14
              14 3
              3 34
              ;
set F[210] := 15 20
              20 14
              14 3
              3 4
              4 35
              ;
set F[211] := 15 16
              16 5
              5 36
              ;
set F[212] := 15 16
              16 5
              5 6
              6 37
              ;
set F[213] := 15 16
              16 5
              5 30
              30 26
              26 7
              7 38
              ;
set F[214] := 15 20
              20 14
              14 3
              3 4
              4 1
              1 8
              8 39
              ;
set F[215] := 15 16
              16 5
              5 6
              6 17
              17 10
              10 41
              ;
set F[216] := 15 20
              20 11
              11 42
              ;
set F[217] := 15 20
              20 11
              11 12
              12 13
              13 44
              ;
set F[218] := 15 16
              16 47
              ;
set F[219] := 15 16
              16 5
              5 6
              6 17
              17 48
              ;
set F[220] := 15 20
              20 14
              14 21
              21 52
              ;
set F[221] := 15 20
              20 14
              14 3
              3 23
              23 22
              22 53
              ;
set F[222] := 15 20
              20 14
              14 3
              3 23
              23 54
              ;
set F[223] := 15 16
              16 5
              5 30
              30 26
              26 25
              25 56
              ;
set F[224] := 15 16
              16 5
              5 30
              30 26
              26 57
              ;
set F[225] := 15 16
              16 5
              5 30
              30 26
              26 27
              27 58
              ;
set F[226] := 15 16
              16 5
              5 30
              30 29
              29 60
              ;
set F[227] := 15 16
              16 5
              5 30
              30 61
              ;
set F[228] := 16 5
              5 30
              30 26
              26 7
              7 8
              8 1
              1 32
              ;
set F[229] := 16 5
              5 30
              30 26
              26 25
              25 24
              24 2
              2 33
              ;
set F[230] := 16 15
              15 20
              20 14
              14 3
              3 34
              ;
set F[231] := 16 15
              15 20
              20 14
              14 3
              3 4
              4 35
              ;
set F[232] := 16 5
              5 36
              ;
set F[233] := 16 5
              5 6
              6 37
              ;
set F[234] := 16 5
              5 30
              30 26
              26 7
              7 38
              ;
set F[235] := 16 5
              5 30
              30 26
              26 7
              7 8
              8 39
              ;
set F[236] := 16 5
              5 6
              6 17
              17 10
              10 41
              ;
set F[237] := 16 15
              15 20
              20 11
              11 42
              ;
set F[238] := 16 15
              15 20
              20 11
              11 12
              12 13
              13 44
              ;
set F[239] := 16 15
              15 46
              ;
set F[240] := 16 5
              5 6
              6 17
              17 48
              ;
set F[241] := 16 15
              15 20
              20 11
              11 12
              12 13
              13 18
              18 49
              ;
set F[242] := 16 15
              15 20
              20 14
              14 21
              21 19
              19 50
              ;
set F[243] := 16 15
              15 20
              20 51
              ;
set F[244] := 16 15
              15 20
              20 14
              14 21
              21 52
              ;
set F[245] := 16 15
              15 20
              20 14
              14 3
              3 23
              23 22
              22 53
              ;
set F[246] := 16 15
              15 20
              20 14
              14 3
              3 23
              23 54
              ;
set F[247] := 16 5
              5 30
              30 26
              26 25
              25 56
              ;
set F[248] := 16 5
              5 30
              30 26
              26 57
              ;
set F[249] := 16 5
              5 30
              30 26
              26 27
              27 58
              ;
set F[250] := 16 5
              5 30
              30 29
              29 60
              ;
set F[251] := 16 5
              5 30
              30 61
              ;
set F[252] := 16 5
              5 6
              6 17
              17 10
              10 9
              9 31
              31 62
              ;
set F[253] := 17 6
              6 5
              5 30
              30 26
              26 7
              7 8
              8 1
              1 32
              ;
set F[254] := 17 6
              6 5
              5 30
              30 26
              26 25
              25 24
              24 2
              2 33
              ;
set F[255] := 17 10
              10 9
              9 31
              31 22
              22 23
              23 3
              3 34
              ;
set F[256] := 17 10
              10 9
              9 31
              31 22
              22 23
              23 3
              3 4
              4 35
              ;
set F[257] := 17 6
              6 5
              5 36
              ;
set F[258] := 17 6
              6 37
              ;
set F[259] := 17 6
              6 5
              5 30
              30 26
              26 7
              7 38
              ;
set F[260] := 17 6
              6 5
              5 30
              30 26
              26 7
              7 8
              8 39
              ;
set F[261] := 17 10
              10 41
              ;
set F[262] := 17 6
              6 5
              5 16
              16 15
              15 20
              20 11
              11 42
              ;
set F[263] := 17 6
              6 5
              5 16
              16 15
              15 20
              20 11
              11 12
              12 13
              13 44
              ;
set F[264] := 17 6
              6 5
              5 16
              16 15
              15 46
              ;
set F[265] := 17 6
              6 5
              5 16
              16 47
              ;
set F[266] := 17 6
              6 5
              5 16
              16 15
              15 20
              20 14
              14 21
              21 19
              19 50
              ;
set F[267] := 17 6
              6 5
              5 16
              16 15
              15 20
              20 14
              14 21
              21 52
              ;
set F[268] := 17 10
              10 9
              9 31
              31 22
              22 53
              ;
set F[269] := 17 10
              10 9
              9 31
              31 22
              22 23
              23 54
              ;
set F[270] := 17 6
              6 5
              5 30
              30 26
              26 25
              25 56
              ;
set F[271] := 17 6
              6 5
              5 30
              30 26
              26 57
              ;
set F[272] := 17 6
              6 5
              5 30
              30 26
              26 27
              27 58
              ;
set F[273] := 17 6
              6 5
              5 30
              30 29
              29 60
              ;
set F[274] := 17 6
              6 5
              5 30
              30 61
              ;
set F[275] := 17 10
              10 9
              9 31
              31 62
              ;
set F[276] := 18 19
              19 21
              21 14
              14 3
              3 4
              4 1
              1 32
              ;
set F[277] := 18 19
              19 21
              21 14
              14 3
              3 4
              4 1
              1 2
              2 33
              ;
set F[278] := 18 19
              19 21
              21 14
              14 3
              3 34
              ;
set F[279] := 18 19
              19 21
              21 14
              14 3
              3 4
              4 35
              ;
set F[280] := 18 13
              13 12
              12 11
              11 20
              20 15
              15 16
              16 5
              5 36
              ;
set F[281] := 18 13
              13 12
              12 11
              11 20
              20 15
              15 16
              16 5
              5 6
              6 37
              ;
set F[282] := 18 19
              19 21
              21 14
              14 3
              3 4
              4 1
              1 8
              8 7
              7 38
              ;
set F[283] := 18 19
              19 21
              21 14
              14 3
              3 4
              4 1
              1 8
              8 39
              ;
set F[284] := 18 19
              19 21
              21 14
              14 3
              3 23
              23 22
              22 31
              31 9
              9 10
              10 41
              ;
set F[285] := 18 13
              13 12
              12 11
              11 42
              ;
set F[286] := 18 13
              13 44
              ;
set F[287] := 18 13
              13 12
              12 11
              11 20
              20 15
              15 46
              ;
set F[288] := 18 13
              13 12
              12 11
              11 20
              20 15
              15 16
              16 47
              ;
set F[289] := 18 13
              13 12
              12 11
              11 20
              20 15
              15 16
              16 5
              5 6
              6 17
              17 48
              ;
set F[290] := 18 19
              19 50
              ;
set F[291] := 18 13
              13 12
              12 11
              11 20
              20 51
              ;
set F[292] := 18 19
              19 21
              21 52
              ;
set F[293] := 18 19
              19 21
              21 14
              14 3
              3 23
              23 22
              22 53
              ;
set F[294] := 18 19
              19 21
              21 14
              14 3
              3 23
              23 54
              ;
set F[295] := 18 19
              19 21
              21 14
              14 3
              3 4
              4 1
              1 2
              2 24
              24 25
              25 56
              ;
set F[296] := 18 13
              13 12
              12 11
              11 20
              20 15
              15 16
              16 5
              5 30
              30 26
              26 57
              ;
set F[297] := 18 13
              13 12
              12 11
              11 20
              20 15
              15 16
              16 5
              5 30
              30 26
              26 27
              27 58
              ;
set F[298] := 18 13
              13 12
              12 11
              11 20
              20 15
              15 16
              16 5
              5 30
              30 29
              29 60
              ;
set F[299] := 18 13
              13 12
              12 11
              11 20
              20 15
              15 16
              16 5
              5 30
              30 61
              ;
set F[300] := 18 19
              19 21
              21 14
              14 3
              3 23
              23 22
              22 31
              31 62
              ;
set F[301] := 19 21
              21 14
              14 3
              3 4
              4 1
              1 32
              ;
set F[302] := 19 21
              21 14
              14 3
              3 4
              4 1
              1 2
              2 33
              ;
set F[303] := 19 21
              21 14
              14 3
              3 34
              ;
set F[304] := 19 21
              21 14
              14 3
              3 4
              4 35
              ;
set F[305] := 19 21
              21 14
              14 20
              20 15
              15 16
              16 5
              5 36
              ;
set F[306] := 19 21
              21 14
              14 20
              20 15
              15 16
              16 5
              5 6
              6 37
              ;
set F[307] := 19 21
              21 14
              14 3
              3 4
              4 1
              1 8
              8 7
              7 38
              ;
set F[308] := 19 21
              21 14
              14 3
              3 4
              4 1
              1 8
              8 39
              ;
set F[309] := 19 21
              21 14
              14 3
              3 23
              23 22
              22 31
              31 9
              9 10
              10 41
              ;
set F[310] := 19 18
              18 13
              13 12
              12 11
              11 42
              ;
set F[311] := 19 18
              18 13
              13 44
              ;
set F[312] := 19 21
              21 14
              14 20
              20 15
              15 46
              ;
set F[313] := 19 21
              21 14
              14 20
              20 15
              15 16
              16 47
              ;
set F[314] := 19 21
              21 14
              14 20
              20 15
              15 16
              16 5
              5 6
              6 17
              17 48
              ;
set F[315] := 19 18
              18 49
              ;
set F[316] := 19 21
              21 14
              14 20
              20 51
              ;
set F[317] := 19 21
              21 52
              ;
set F[318] := 19 21
              21 14
              14 3
              3 23
              23 22
              22 53
              ;
set F[319] := 19 21
              21 14
              14 3
              3 23
              23 54
              ;
set F[320] := 19 21
              21 14
              14 3
              3 4
              4 1
              1 2
              2 24
              24 25
              25 56
              ;
set F[321] := 19 21
              21 14
              14 3
              3 4
              4 1
              1 8
              8 7
              7 26
              26 57
              ;
set F[322] := 19 21
              21 14
              14 3
              3 4
              4 1
              1 8
              8 7
              7 26
              26 27
              27 58
              ;
set F[323] := 19 21
              21 14
              14 20
              20 15
              15 16
              16 5
              5 30
              30 29
              29 60
              ;
set F[324] := 19 21
              21 14
              14 20
              20 15
              15 16
              16 5
              5 30
              30 61
              ;
set F[325] := 19 21
              21 14
              14 3
              3 23
              23 22
              22 31
              31 62
              ;
set F[326] := 20 14
              14 3
              3 4
              4 1
              1 32
              ;
set F[327] := 20 14
              14 3
              3 4
              4 1
              1 2
              2 33
              ;
set F[328] := 20 14
              14 3
              3 34
              ;
set F[329] := 20 14
              14 3
              3 4
              4 35
              ;
set F[330] := 20 15
              15 16
              16 5
              5 36
              ;
set F[331] := 20 15
              15 16
              16 5
              5 6
              6 37
              ;
set F[332] := 20 14
              14 3
              3 4
              4 1
              1 8
              8 7
              7 38
              ;
set F[333] := 20 14
              14 3
              3 4
              4 1
              1 8
              8 39
              ;
set F[334] := 20 15
              15 16
              16 5
              5 6
              6 17
              17 10
              10 41
              ;
set F[335] := 20 11
              11 42
              ;
set F[336] := 20 11
              11 12
              12 13
              13 44
              ;
set F[337] := 20 15
              15 46
              ;
set F[338] := 20 15
              15 16
              16 47
              ;
set F[339] := 20 15
              15 16
              16 5
              5 6
              6 17
              17 48
              ;
set F[340] := 20 14
              14 21
              21 19
              19 50
              ;
set F[341] := 20 14
              14 21
              21 52
              ;
set F[342] := 20 14
              14 3
              3 23
              23 22
              22 53
              ;
set F[343] := 20 14
              14 3
              3 23
              23 54
              ;
set F[344] := 20 15
              15 16
              16 5
              5 30
              30 26
              26 25
              25 56
              ;
set F[345] := 20 15
              15 16
              16 5
              5 30
              30 26
              26 57
              ;
set F[346] := 20 15
              15 16
              16 5
              5 30
              30 26
              26 27
              27 58
              ;
set F[347] := 20 15
              15 16
              16 5
              5 30
              30 29
              29 60
              ;
set F[348] := 20 15
              15 16
              16 5
              5 30
              30 61
              ;
set F[349] := 20 14
              14 3
              3 23
              23 22
              22 31
              31 62
              ;
set F[350] := 21 14
              14 3
              3 4
              4 1
              1 32
              ;
set F[351] := 21 14
              14 3
              3 34
              ;
set F[352] := 21 14
              14 3
              3 4
              4 35
              ;
set F[353] := 21 14
              14 20
              20 15
              15 16
              16 5
              5 36
              ;
set F[354] := 21 14
              14 20
              20 15
              15 16
              16 5
              5 6
              6 37
              ;
set F[355] := 21 14
              14 3
              3 4
              4 1
              1 8
              8 7
              7 38
              ;
set F[356] := 21 14
              14 3
              3 23
              23 22
              22 31
              31 9
              9 10
              10 41
              ;
set F[357] := 21 19
              19 18
              18 13
              13 44
              ;
set F[358] := 21 14
              14 20
              20 15
              15 46
              ;
set F[359] := 21 14
              14 20
              20 15
              15 16
              16 47
              ;
set F[360] := 21 14
              14 20
              20 15
              15 16
              16 5
              5 6
              6 17
              17 48
              ;
set F[361] := 21 14
              14 3
              3 23
              23 22
              22 53
              ;
set F[362] := 21 14
              14 3
              3 23
              23 54
              ;
set F[363] := 21 14
              14 3
              3 4
              4 1
              1 2
              2 24
              24 25
              25 56
              ;
set F[364] := 21 14
              14 3
              3 4
              4 1
              1 8
              8 7
              7 26
              26 57
              ;
set F[365] := 21 14
              14 3
              3 4
              4 1
              1 8
              8 7
              7 26
              26 27
              27 58
              ;
set F[366] := 21 14
              14 20
              20 15
              15 16
              16 5
              5 30
              30 29
              29 60
              ;
set F[367] := 21 14
              14 20
              20 15
              15 16
              16 5
              5 30
              30 61
              ;
set F[368] := 22 23
              23 3
              3 4
              4 1
              1 32
              ;
set F[369] := 22 23
              23 3
              3 34
              ;
set F[370] := 22 23
              23 3
              3 4
              4 35
              ;
set F[371] := 22 31
              31 9
              9 10
              10 17
              17 6
              6 5
              5 36
              ;
set F[372] := 22 31
              31 9
              9 10
              10 17
              17 6
              6 37
              ;
set F[373] := 22 23
              23 3
              3 4
              4 1
              1 8
              8 7
              7 38
              ;
set F[374] := 22 31
              31 9
              9 10
              10 41
              ;
set F[375] := 22 23
              23 3
              3 14
              14 20
              20 11
              11 12
              12 13
              13 44
              ;
set F[376] := 22 23
              23 3
              3 14
              14 20
              20 15
              15 16
              16 47
              ;
set F[377] := 22 31
              31 9
              9 10
              10 17
              17 48
              ;
set F[378] := 22 23
              23 3
              3 14
              14 21
              21 52
              ;
set F[379] := 22 23
              23 54
              ;
set F[380] := 22 23
              23 3
              3 4
              4 1
              1 2
              2 24
              24 25
              25 56
              ;
set F[381] := 22 23
              23 3
              3 4
              4 1
              1 8
              8 7
              7 26
              26 57
              ;
set F[382] := 22 23
              23 3
              3 4
              4 1
              1 8
              8 7
              7 26
              26 27
              27 58
              ;
set F[383] := 22 31
              31 9
              9 10
              10 17
              17 6
              6 5
              5 30
              30 29
              29 60
              ;
set F[384] := 22 31
              31 9
              9 10
              10 17
              17 6
              6 5
              5 30
              30 61
              ;
set F[385] := 23 3
              3 4
              4 1
              1 32
              ;
set F[386] := 23 3
              3 4
              4 1
              1 2
              2 33
              ;
set F[387] := 23 3
              3 34
              ;
set F[388] := 23 3
              3 4
              4 35
              ;
set F[389] := 23 3
              3 14
              14 20
              20 15
              15 16
              16 5
              5 36
              ;
set F[390] := 23 22
              22 31
              31 9
              9 10
              10 17
              17 6
              6 37
              ;
set F[391] := 23 3
              3 4
              4 1
              1 8
              8 7
              7 38
              ;
set F[392] := 23 3
              3 4
              4 1
              1 8
              8 39
              ;
set F[393] := 23 22
              22 31
              31 9
              9 10
              10 41
              ;
set F[394] := 23 3
              3 14
              14 20
              20 11
              11 42
              ;
set F[395] := 23 3
              3 14
              14 20
              20 11
              11 12
              12 13
              13 44
              ;
set F[396] := 23 3
              3 14
              14 20
              20 15
              15 46
              ;
set F[397] := 23 3
              3 14
              14 20
              20 15
              15 16
              16 47
              ;
set F[398] := 23 22
              22 31
              31 9
              9 10
              10 17
              17 48
              ;
set F[399] := 23 3
              3 14
              14 21
              21 19
              19 18
              18 49
              ;
set F[400] := 23 3
              3 14
              14 21
              21 19
              19 50
              ;
set F[401] := 23 3
              3 14
              14 20
              20 51
              ;
set F[402] := 23 3
              3 14
              14 21
              21 52
              ;
set F[403] := 23 22
              22 53
              ;
set F[404] := 23 3
              3 4
              4 1
              1 2
              2 24
              24 25
              25 56
              ;
set F[405] := 23 3
              3 4
              4 1
              1 8
              8 7
              7 26
              26 57
              ;
set F[406] := 23 3
              3 4
              4 1
              1 8
              8 7
              7 26
              26 27
              27 58
              ;
set F[407] := 23 3
              3 4
              4 1
              1 8
              8 7
              7 26
              26 30
              30 29
              29 60
              ;
set F[408] := 23 3
              3 4
              4 1
              1 8
              8 7
              7 26
              26 30
              30 61
              ;
set F[409] := 23 22
              22 31
              31 62
              ;
set F[410] := 24 2
              2 1
              1 32
              ;
set F[411] := 24 2
              2 33
              ;
set F[412] := 24 2
              2 1
              1 4
              4 3
              3 34
              ;
set F[413] := 24 2
              2 1
              1 4
              4 35
              ;
set F[414] := 24 25
              25 26
              26 30
              30 5
              5 36
              ;
set F[415] := 24 25
              25 26
              26 30
              30 5
              5 6
              6 37
              ;
set F[416] := 24 25
              25 26
              26 7
              7 38
              ;
set F[417] := 24 2
              2 1
              1 8
              8 39
              ;
set F[418] := 24 25
              25 26
              26 30
              30 5
              5 6
              6 17
              17 10
              10 41
              ;
set F[419] := 24 2
              2 1
              1 4
              4 3
              3 14
              14 20
              20 11
              11 42
              ;
set F[420] := 24 2
              2 1
              1 4
              4 3
              3 14
              14 20
              20 11
              11 12
              12 13
              13 44
              ;
set F[421] := 24 25
              25 26
              26 30
              30 5
              5 16
              16 15
              15 46
              ;
set F[422] := 24 25
              25 26
              26 30
              30 5
              5 16
              16 47
              ;
set F[423] := 24 25
              25 26
              26 30
              30 5
              5 6
              6 17
              17 48
              ;
set F[424] := 24 2
              2 1
              1 4
              4 3
              3 14
              14 21
              21 19
              19 18
              18 49
              ;
set F[425] := 24 2
              2 1
              1 4
              4 3
              3 14
              14 21
              21 19
              19 50
              ;
set F[426] := 24 2
              2 1
              1 4
              4 3
              3 14
              14 20
              20 51
              ;
set F[427] := 24 2
              2 1
              1 4
              4 3
              3 14
              14 21
              21 52
              ;
set F[428] := 24 2
              2 1
              1 4
              4 3
              3 23
              23 22
              22 53
              ;
set F[429] := 24 2
              2 1
              1 4
              4 3
              3 23
              23 54
              ;
set F[430] := 24 25
              25 56
              ;
set F[431] := 24 25
              25 26
              26 57
              ;
set F[432] := 24 25
              25 26
              26 27
              27 58
              ;
set F[433] := 24 25
              25 26
              26 30
              30 29
              29 60
              ;
set F[434] := 24 25
              25 26
              26 30
              30 61
              ;
set F[435] := 24 2
              2 1
              1 4
              4 3
              3 23
              23 22
              22 31
              31 62
              ;
set F[436] := 25 24
              24 2
              2 1
              1 32
              ;
set F[437] := 25 24
              24 2
              2 33
              ;
set F[438] := 25 24
              24 2
              2 1
              1 4
              4 3
              3 34
              ;
set F[439] := 25 24
              24 2
              2 1
              1 4
              4 35
              ;
set F[440] := 25 26
              26 30
              30 5
              5 36
              ;
set F[441] := 25 26
              26 30
              30 5
              5 6
              6 37
              ;
set F[442] := 25 26
              26 7
              7 38
              ;
set F[443] := 25 26
              26 30
              30 5
              5 6
              6 17
              17 10
              10 41
              ;
set F[444] := 25 26
              26 30
              30 5
              5 16
              16 15
              15 20
              20 11
              11 42
              ;
set F[445] := 25 26
              26 30
              30 5
              5 16
              16 15
              15 20
              20 11
              11 12
              12 13
              13 44
              ;
set F[446] := 25 26
              26 30
              30 5
              5 16
              16 15
              15 46
              ;
set F[447] := 25 26
              26 30
              30 5
              5 16
              16 47
              ;
set F[448] := 25 26
              26 30
              30 5
              5 6
              6 17
              17 48
              ;
set F[449] := 25 24
              24 2
              2 1
              1 4
              4 3
              3 14
              14 21
              21 52
              ;
set F[450] := 25 24
              24 2
              2 1
              1 4
              4 3
              3 23
              23 22
              22 53
              ;
set F[451] := 25 24
              24 2
              2 1
              1 4
              4 3
              3 23
              23 54
              ;
set F[452] := 25 26
              26 57
              ;
set F[453] := 25 26
              26 27
              27 58
              ;
set F[454] := 25 26
              26 30
              30 29
              29 60
              ;
set F[455] := 25 26
              26 30
              30 61
              ;
set F[456] := 26 7
              7 8
              8 1
              1 4
              4 3
              3 34
              ;
set F[457] := 26 30
              30 5
              5 36
              ;
set F[458] := 26 30
              30 61
              ;
set F[459] := 27 26
              26 7
              7 8
              8 1
              1 32
              ;
set F[460] := 27 26
              26 25
              25 24
              24 2
              2 33
              ;
set F[461] := 27 26
              26 7
              7 8
              8 1
              1 4
              4 3
              3 34
              ;
set F[462] := 27 26
              26 7
              7 8
              8 1
              1 4
              4 35
              ;
set F[463] := 27 26
              26 30
              30 5
              5 36
              ;
set F[464] := 27 26
              26 30
              30 5
              5 6
              6 37
              ;
set F[465] := 27 26
              26 7
              7 38
              ;
set F[466] := 27 26
              26 7
              7 8
              8 39
              ;
set F[467] := 27 26
              26 30
              30 5
              5 6
              6 17
              17 10
              10 41
              ;
set F[468] := 27 26
              26 30
              30 5
              5 16
              16 15
              15 20
              20 11
              11 42
              ;
set F[469] := 27 26
              26 30
              30 5
              5 16
              16 15
              15 20
              20 11
              11 12
              12 13
              13 44
              ;
set F[470] := 27 26
              26 30
              30 5
              5 16
              16 15
              15 46
              ;
set F[471] := 27 26
              26 30
              30 5
              5 16
              16 47
              ;
set F[472] := 27 26
              26 30
              30 5
              5 6
              6 17
              17 48
              ;
set F[473] := 27 26
              26 7
              7 8
              8 1
              1 4
              4 3
              3 14
              14 21
              21 19
              19 18
              18 49
              ;
set F[474] := 27 26
              26 7
              7 8
              8 1
              1 4
              4 3
              3 14
              14 21
              21 19
              19 50
              ;
set F[475] := 27 26
              26 30
              30 5
              5 16
              16 15
              15 20
              20 51
              ;
set F[476] := 27 26
              26 7
              7 8
              8 1
              1 4
              4 3
              3 14
              14 21
              21 52
              ;
set F[477] := 27 26
              26 7
              7 8
              8 1
              1 4
              4 3
              3 23
              23 22
              22 53
              ;
set F[478] := 27 26
              26 7
              7 8
              8 1
              1 4
              4 3
              3 23
              23 54
              ;
set F[479] := 27 26
              26 25
              25 56
              ;
set F[480] := 27 26
              26 57
              ;
set F[481] := 27 28
              28 29
              29 60
              ;
set F[482] := 27 26
              26 30
              30 61
              ;
set F[483] := 27 26
              26 30
              30 5
              5 6
              6 17
              17 10
              10 9
              9 31
              31 62
              ;
set F[484] := 29 30
              30 26
              26 7
              7 8
              8 1
              1 32
              ;
set F[485] := 29 30
              30 26
              26 25
              25 24
              24 2
              2 33
              ;
set F[486] := 29 30
              30 5
              5 16
              16 15
              15 20
              20 14
              14 3
              3 34
              ;
set F[487] := 29 30
              30 26
              26 7
              7 8
              8 1
              1 4
              4 35
              ;
set F[488] := 29 30
              30 5
              5 36
              ;
set F[489] := 29 30
              30 5
              5 6
              6 37
              ;
set F[490] := 29 30
              30 26
              26 7
              7 38
              ;
set F[491] := 29 30
              30 26
              26 7
              7 8
              8 39
              ;
set F[492] := 29 30
              30 5
              5 6
              6 17
              17 10
              10 41
              ;
set F[493] := 29 30
              30 5
              5 16
              16 15
              15 20
              20 11
              11 42
              ;
set F[494] := 29 30
              30 5
              5 16
              16 15
              15 20
              20 11
              11 12
              12 13
              13 44
              ;
set F[495] := 29 30
              30 5
              5 16
              16 15
              15 46
              ;
set F[496] := 29 30
              30 5
              5 16
              16 47
              ;
set F[497] := 29 30
              30 5
              5 6
              6 17
              17 48
              ;
set F[498] := 29 30
              30 5
              5 16
              16 15
              15 20
              20 11
              11 12
              12 13
              13 18
              18 49
              ;
set F[499] := 29 30
              30 5
              5 16
              16 15
              15 20
              20 14
              14 21
              21 19
              19 50
              ;
set F[500] := 29 30
              30 5
              5 16
              16 15
              15 20
              20 51
              ;
set F[501] := 29 30
              30 5
              5 16
              16 15
              15 20
              20 14
              14 21
              21 52
              ;
set F[502] := 29 30
              30 5
              5 6
              6 17
              17 10
              10 9
              9 31
              31 22
              22 53
              ;
set F[503] := 29 30
              30 5
              5 16
              16 15
              15 20
              20 14
              14 3
              3 23
              23 54
              ;
set F[504] := 29 30
              30 26
              26 25
              25 56
              ;
set F[505] := 29 30
              30 26
              26 57
              ;
set F[506] := 29 28
              28 27
              27 58
              ;
set F[507] := 29 30
              30 61
              ;
set F[508] := 29 30
              30 5
              5 6
              6 17
              17 10
              10 9
              9 31
              31 62
              ;
set F[509] := 30 26
              26 7
              7 8
              8 1
              1 32
              ;
set F[510] := 30 26
              26 25
              25 24
              24 2
              2 33
              ;
set F[511] := 30 5
              5 16
              16 15
              15 20
              20 14
              14 3
              3 34
              ;
set F[512] := 30 26
              26 7
              7 8
              8 1
              1 4
              4 35
              ;
set F[513] := 30 5
              5 36
              ;
set F[514] := 30 5
              5 6
              6 37
              ;
set F[515] := 30 26
              26 7
              7 38
              ;
set F[516] := 30 26
              26 7
              7 8
              8 39
              ;
set F[517] := 30 5
              5 6
              6 17
              17 10
              10 41
              ;
set F[518] := 30 5
              5 16
              16 15
              15 20
              20 11
              11 42
              ;
set F[519] := 30 5
              5 16
              16 15
              15 20
              20 11
              11 12
              12 13
              13 44
              ;
set F[520] := 30 5
              5 16
              16 15
              15 46
              ;
set F[521] := 30 5
              5 16
              16 47
              ;
set F[522] := 30 5
              5 6
              6 17
              17 48
              ;
set F[523] := 30 5
              5 16
              16 15
              15 20
              20 11
              11 12
              12 13
              13 18
              18 49
              ;
set F[524] := 30 5
              5 16
              16 15
              15 20
              20 14
              14 21
              21 19
              19 50
              ;
set F[525] := 30 5
              5 16
              16 15
              15 20
              20 51
              ;
set F[526] := 30 5
              5 16
              16 15
              15 20
              20 14
              14 21
              21 52
              ;
set F[527] := 30 5
              5 6
              6 17
              17 10
              10 9
              9 31
              31 22
              22 53
              ;
set F[528] := 30 5
              5 16
              16 15
              15 20
              20 14
              14 3
              3 23
              23 54
              ;
set F[529] := 30 26
              26 25
              25 56
              ;
set F[530] := 30 26
              26 57
              ;
set F[531] := 30 26
              26 27
              27 58
              ;
set F[532] := 30 29
              29 60
              ;
set F[533] := 30 5
              5 6
              6 17
              17 10
              10 9
              9 31
              31 62
              ;
set F[534] := 31 22
              22 23
              23 3
              3 4
              4 1
              1 32
              ;
set F[535] := 31 22
              22 23
              23 3
              3 4
              4 1
              1 2
              2 33
              ;
set F[536] := 31 22
              22 23
              23 3
              3 34
              ;
set F[537] := 31 22
              22 23
              23 3
              3 4
              4 35
              ;
set F[538] := 31 9
              9 10
              10 17
              17 6
              6 5
              5 36
              ;
set F[539] := 31 9
              9 10
              10 17
              17 6
              6 37
              ;
set F[540] := 31 22
              22 23
              23 3
              3 4
              4 1
              1 8
              8 7
              7 38
              ;
set F[541] := 31 22
              22 23
              23 3
              3 4
              4 1
              1 8
              8 39
              ;
set F[542] := 31 9
              9 10
              10 41
              ;
set F[543] := 31 22
              22 23
              23 3
              3 14
              14 20
              20 11
              11 42
              ;
set F[544] := 31 22
              22 23
              23 3
              3 14
              14 20
              20 11
              11 12
              12 13
              13 44
              ;
set F[545] := 31 22
              22 23
              23 3
              3 14
              14 20
              20 15
              15 46
              ;
set F[546] := 31 9
              9 10
              10 17
              17 6
              6 5
              5 16
              16 47
              ;
set F[547] := 31 9
              9 10
              10 17
              17 48
              ;
set F[548] := 31 22
              22 23
              23 3
              3 14
              14 21
              21 19
              19 18
              18 49
              ;
set F[549] := 31 22
              22 23
              23 3
              3 14
              14 21
              21 19
              19 50
              ;
set F[550] := 31 22
              22 23
              23 3
              3 14
              14 20
              20 51
              ;
set F[551] := 31 22
              22 23
              23 3
              3 14
              14 21
              21 52
              ;
set F[552] := 31 22
              22 53
              ;
set F[553] := 31 22
              22 23
              23 54
              ;
set F[554] := 31 9
              9 10
              10 17
              17 6
              6 5
              5 30
              30 26
              26 25
              25 56
              ;
set F[555] := 31 9
              9 10
              10 17
              17 6
              6 5
              5 30
              30 26
              26 57
              ;
set F[556] := 31 9
              9 10
              10 17
              17 6
              6 5
              5 30
              30 26
              26 27
              27 58
              ;
set F[557] := 31 9
              9 10
              10 17
              17 6
              6 5
              5 30
              30 29
              29 60
              ;
set F[558] := 31 9
              9 10
              10 17
              17 6
              6 5
              5 30
              30 61
              ;
set Last[1] := 3 34;
set Last[2] := 4 35;
set Last[3] := 5 36;
set Last[4] := 6 37;
set Last[5] := 7 38;
set Last[6] := 10 41;
set Last[7] := 16 47;
set Last[8] := 17 48;
set Last[9] := 23 54;
set Last[10] := 25 56;
set Last[11] := 26 57;
set Last[12] := 27 58;
set Last[13] := 29 60;
set Last[14] := 30 61;
set Last[15] := 3 34;
set Last[16] := 5 36;
set Last[17] := 6 37;
set Last[18] := 7 38;
set Last[19] := 16 47;
set Last[20] := 17 48;
set Last[21] := 27 58;
set Last[22] := 30 61;
set Last[23] := 4 35;
set Last[24] := 5 36;
set Last[25] := 6 37;
set Last[26] := 7 38;
set Last[27] := 10 41;
set Last[28] := 16 47;
set Last[29] := 17 48;
set Last[30] := 25 56;
set Last[31] := 26 57;
set Last[32] := 27 58;
set Last[33] := 30 61;
set Last[34] := 1 32;
set Last[35] := 2 33;
set Last[36] := 3 34;
set Last[37] := 5 36;
set Last[38] := 6 37;
set Last[39] := 7 38;
set Last[40] := 8 39;
set Last[41] := 10 41;
set Last[42] := 11 42;
set Last[43] := 13 44;
set Last[44] := 15 46;
set Last[45] := 16 47;
set Last[46] := 17 48;
set Last[47] := 19 50;
set Last[48] := 21 52;
set Last[49] := 22 53;
set Last[50] := 23 54;
set Last[51] := 25 56;
set Last[52] := 26 57;
set Last[53] := 27 58;
set Last[54] := 29 60;
set Last[55] := 30 61;
set Last[56] := 31 62;
set Last[57] := 1 32;
set Last[58] := 3 34;
set Last[59] := 4 35;
set Last[60] := 5 36;
set Last[61] := 7 38;
set Last[62] := 10 41;
set Last[63] := 13 44;
set Last[64] := 16 47;
set Last[65] := 17 48;
set Last[66] := 21 52;
set Last[67] := 23 54;
set Last[68] := 25 56;
set Last[69] := 26 57;
set Last[70] := 27 58;
set Last[71] := 29 60;
set Last[72] := 30 61;
set Last[73] := 1 32;
set Last[74] := 2 33;
set Last[75] := 3 34;
set Last[76] := 4 35;
set Last[77] := 5 36;
set Last[78] := 6 37;
set Last[79] := 7 38;
set Last[80] := 10 41;
set Last[81] := 11 42;
set Last[82] := 13 44;
set Last[83] := 15 46;
set Last[84] := 16 47;
set Last[85] := 17 48;
set Last[86] := 18 49;
set Last[87] := 19 50;
set Last[88] := 20 51;
set Last[89] := 21 52;
set Last[90] := 22 53;
set Last[91] := 23 54;
set Last[92] := 25 56;
set Last[93] := 26 57;
set Last[94] := 27 58;
set Last[95] := 29 60;
set Last[96] := 30 61;
set Last[97] := 31 62;
set Last[98] := 1 32;
set Last[99] := 2 33;
set Last[100] := 3 34;
set Last[101] := 4 35;
set Last[102] := 5 36;
set Last[103] := 6 37;
set Last[104] := 7 38;
set Last[105] := 8 39;
set Last[106] := 11 42;
set Last[107] := 13 44;
set Last[108] := 15 46;
set Last[109] := 16 47;
set Last[110] := 17 48;
set Last[111] := 19 50;
set Last[112] := 21 52;
set Last[113] := 22 53;
set Last[114] := 23 54;
set Last[115] := 25 56;
set Last[116] := 26 57;
set Last[117] := 27 58;
set Last[118] := 29 60;
set Last[119] := 30 61;
set Last[120] := 31 62;
set Last[121] := 1 32;
set Last[122] := 3 34;
set Last[123] := 4 35;
set Last[124] := 5 36;
set Last[125] := 6 37;
set Last[126] := 7 38;
set Last[127] := 10 41;
set Last[128] := 16 47;
set Last[129] := 17 48;
set Last[130] := 23 54;
set Last[131] := 25 56;
set Last[132] := 26 57;
set Last[133] := 27 58;
set Last[134] := 29 60;
set Last[135] := 30 61;
set Last[136] := 1 32;
set Last[137] := 2 33;
set Last[138] := 3 34;
set Last[139] := 4 35;
set Last[140] := 5 36;
set Last[141] := 6 37;
set Last[142] := 7 38;
set Last[143] := 8 39;
set Last[144] := 10 41;
set Last[145] := 11 42;
set Last[146] := 13 44;
set Last[147] := 15 46;
set Last[148] := 16 47;
set Last[149] := 17 48;
set Last[150] := 18 49;
set Last[151] := 19 50;
set Last[152] := 20 51;
set Last[153] := 21 52;
set Last[154] := 22 53;
set Last[155] := 23 54;
set Last[156] := 25 56;
set Last[157] := 26 57;
set Last[158] := 27 58;
set Last[159] := 29 60;
set Last[160] := 30 61;
set Last[161] := 31 62;
set Last[162] := 1 32;
set Last[163] := 3 34;
set Last[164] := 4 35;
set Last[165] := 5 36;
set Last[166] := 6 37;
set Last[167] := 7 38;
set Last[168] := 10 41;
set Last[169] := 11 42;
set Last[170] := 15 46;
set Last[171] := 16 47;
set Last[172] := 17 48;
set Last[173] := 21 52;
set Last[174] := 22 53;
set Last[175] := 23 54;
set Last[176] := 25 56;
set Last[177] := 26 57;
set Last[178] := 27 58;
set Last[179] := 29 60;
set Last[180] := 30 61;
set Last[181] := 1 32;
set Last[182] := 2 33;
set Last[183] := 3 34;
set Last[184] := 4 35;
set Last[185] := 5 36;
set Last[186] := 6 37;
set Last[187] := 7 38;
set Last[188] := 8 39;
set Last[189] := 10 41;
set Last[190] := 11 42;
set Last[191] := 13 44;
set Last[192] := 15 46;
set Last[193] := 16 47;
set Last[194] := 17 48;
set Last[195] := 18 49;
set Last[196] := 19 50;
set Last[197] := 20 51;
set Last[198] := 21 52;
set Last[199] := 22 53;
set Last[200] := 23 54;
set Last[201] := 25 56;
set Last[202] := 26 57;
set Last[203] := 27 58;
set Last[204] := 29 60;
set Last[205] := 30 61;
set Last[206] := 31 62;
set Last[207] := 1 32;
set Last[208] := 2 33;
set Last[209] := 3 34;
set Last[210] := 4 35;
set Last[211] := 5 36;
set Last[212] := 6 37;
set Last[213] := 7 38;
set Last[214] := 8 39;
set Last[215] := 10 41;
set Last[216] := 11 42;
set Last[217] := 13 44;
set Last[218] := 16 47;
set Last[219] := 17 48;
set Last[220] := 21 52;
set Last[221] := 22 53;
set Last[222] := 23 54;
set Last[223] := 25 56;
set Last[224] := 26 57;
set Last[225] := 27 58;
set Last[226] := 29 60;
set Last[227] := 30 61;
set Last[228] := 1 32;
set Last[229] := 2 33;
set Last[230] := 3 34;
set Last[231] := 4 35;
set Last[232] := 5 36;
set Last[233] := 6 37;
set Last[234] := 7 38;
set Last[235] := 8 39;
set Last[236] := 10 41;
set Last[237] := 11 42;
set Last[238] := 13 44;
set Last[239] := 15 46;
set Last[240] := 17 48;
set Last[241] := 18 49;
set Last[242] := 19 50;
set Last[243] := 20 51;
set Last[244] := 21 52;
set Last[245] := 22 53;
set Last[246] := 23 54;
set Last[247] := 25 56;
set Last[248] := 26 57;
set Last[249] := 27 58;
set Last[250] := 29 60;
set Last[251] := 30 61;
set Last[252] := 31 62;
set Last[253] := 1 32;
set Last[254] := 2 33;
set Last[255] := 3 34;
set Last[256] := 4 35;
set Last[257] := 5 36;
set Last[258] := 6 37;
set Last[259] := 7 38;
set Last[260] := 8 39;
set Last[261] := 10 41;
set Last[262] := 11 42;
set Last[263] := 13 44;
set Last[264] := 15 46;
set Last[265] := 16 47;
set Last[266] := 19 50;
set Last[267] := 21 52;
set Last[268] := 22 53;
set Last[269] := 23 54;
set Last[270] := 25 56;
set Last[271] := 26 57;
set Last[272] := 27 58;
set Last[273] := 29 60;
set Last[274] := 30 61;
set Last[275] := 31 62;
set Last[276] := 1 32;
set Last[277] := 2 33;
set Last[278] := 3 34;
set Last[279] := 4 35;
set Last[280] := 5 36;
set Last[281] := 6 37;
set Last[282] := 7 38;
set Last[283] := 8 39;
set Last[284] := 10 41;
set Last[285] := 11 42;
set Last[286] := 13 44;
set Last[287] := 15 46;
set Last[288] := 16 47;
set Last[289] := 17 48;
set Last[290] := 19 50;
set Last[291] := 20 51;
set Last[292] := 21 52;
set Last[293] := 22 53;
set Last[294] := 23 54;
set Last[295] := 25 56;
set Last[296] := 26 57;
set Last[297] := 27 58;
set Last[298] := 29 60;
set Last[299] := 30 61;
set Last[300] := 31 62;
set Last[301] := 1 32;
set Last[302] := 2 33;
set Last[303] := 3 34;
set Last[304] := 4 35;
set Last[305] := 5 36;
set Last[306] := 6 37;
set Last[307] := 7 38;
set Last[308] := 8 39;
set Last[309] := 10 41;
set Last[310] := 11 42;
set Last[311] := 13 44;
set Last[312] := 15 46;
set Last[313] := 16 47;
set Last[314] := 17 48;
set Last[315] := 18 49;
set Last[316] := 20 51;
set Last[317] := 21 52;
set Last[318] := 22 53;
set Last[319] := 23 54;
set Last[320] := 25 56;
set Last[321] := 26 57;
set Last[322] := 27 58;
set Last[323] := 29 60;
set Last[324] := 30 61;
set Last[325] := 31 62;
set Last[326] := 1 32;
set Last[327] := 2 33;
set Last[328] := 3 34;
set Last[329] := 4 35;
set Last[330] := 5 36;
set Last[331] := 6 37;
set Last[332] := 7 38;
set Last[333] := 8 39;
set Last[334] := 10 41;
set Last[335] := 11 42;
set Last[336] := 13 44;
set Last[337] := 15 46;
set Last[338] := 16 47;
set Last[339] := 17 48;
set Last[340] := 19 50;
set Last[341] := 21 52;
set Last[342] := 22 53;
set Last[343] := 23 54;
set Last[344] := 25 56;
set Last[345] := 26 57;
set Last[346] := 27 58;
set Last[347] := 29 60;
set Last[348] := 30 61;
set Last[349] := 31 62;
set Last[350] := 1 32;
set Last[351] := 3 34;
set Last[352] := 4 35;
set Last[353] := 5 36;
set Last[354] := 6 37;
set Last[355] := 7 38;
set Last[356] := 10 41;
set Last[357] := 13 44;
set Last[358] := 15 46;
set Last[359] := 16 47;
set Last[360] := 17 48;
set Last[361] := 22 53;
set Last[362] := 23 54;
set Last[363] := 25 56;
set Last[364] := 26 57;
set Last[365] := 27 58;
set Last[366] := 29 60;
set Last[367] := 30 61;
set Last[368] := 1 32;
set Last[369] := 3 34;
set Last[370] := 4 35;
set Last[371] := 5 36;
set Last[372] := 6 37;
set Last[373] := 7 38;
set Last[374] := 10 41;
set Last[375] := 13 44;
set Last[376] := 16 47;
set Last[377] := 17 48;
set Last[378] := 21 52;
set Last[379] := 23 54;
set Last[380] := 25 56;
set Last[381] := 26 57;
set Last[382] := 27 58;
set Last[383] := 29 60;
set Last[384] := 30 61;
set Last[385] := 1 32;
set Last[386] := 2 33;
set Last[387] := 3 34;
set Last[388] := 4 35;
set Last[389] := 5 36;
set Last[390] := 6 37;
set Last[391] := 7 38;
set Last[392] := 8 39;
set Last[393] := 10 41;
set Last[394] := 11 42;
set Last[395] := 13 44;
set Last[396] := 15 46;
set Last[397] := 16 47;
set Last[398] := 17 48;
set Last[399] := 18 49;
set Last[400] := 19 50;
set Last[401] := 20 51;
set Last[402] := 21 52;
set Last[403] := 22 53;
set Last[404] := 25 56;
set Last[405] := 26 57;
set Last[406] := 27 58;
set Last[407] := 29 60;
set Last[408] := 30 61;
set Last[409] := 31 62;
set Last[410] := 1 32;
set Last[411] := 2 33;
set Last[412] := 3 34;
set Last[413] := 4 35;
set Last[414] := 5 36;
set Last[415] := 6 37;
set Last[416] := 7 38;
set Last[417] := 8 39;
set Last[418] := 10 41;
set Last[419] := 11 42;
set Last[420] := 13 44;
set Last[421] := 15 46;
set Last[422] := 16 47;
set Last[423] := 17 48;
set Last[424] := 18 49;
set Last[425] := 19 50;
set Last[426] := 20 51;
set Last[427] := 21 52;
set Last[428] := 22 53;
set Last[429] := 23 54;
set Last[430] := 25 56;
set Last[431] := 26 57;
set Last[432] := 27 58;
set Last[433] := 29 60;
set Last[434] := 30 61;
set Last[435] := 31 62;
set Last[436] := 1 32;
set Last[437] := 2 33;
set Last[438] := 3 34;
set Last[439] := 4 35;
set Last[440] := 5 36;
set Last[441] := 6 37;
set Last[442] := 7 38;
set Last[443] := 10 41;
set Last[444] := 11 42;
set Last[445] := 13 44;
set Last[446] := 15 46;
set Last[447] := 16 47;
set Last[448] := 17 48;
set Last[449] := 21 52;
set Last[450] := 22 53;
set Last[451] := 23 54;
set Last[452] := 26 57;
set Last[453] := 27 58;
set Last[454] := 29 60;
set Last[455] := 30 61;
set Last[456] := 3 34;
set Last[457] := 5 36;
set Last[458] := 30 61;
set Last[459] := 1 32;
set Last[460] := 2 33;
set Last[461] := 3 34;
set Last[462] := 4 35;
set Last[463] := 5 36;
set Last[464] := 6 37;
set Last[465] := 7 38;
set Last[466] := 8 39;
set Last[467] := 10 41;
set Last[468] := 11 42;
set Last[469] := 13 44;
set Last[470] := 15 46;
set Last[471] := 16 47;
set Last[472] := 17 48;
set Last[473] := 18 49;
set Last[474] := 19 50;
set Last[475] := 20 51;
set Last[476] := 21 52;
set Last[477] := 22 53;
set Last[478] := 23 54;
set Last[479] := 25 56;
set Last[480] := 26 57;
set Last[481] := 29 60;
set Last[482] := 30 61;
set Last[483] := 31 62;
set Last[484] := 1 32;
set Last[485] := 2 33;
set Last[486] := 3 34;
set Last[487] := 4 35;
set Last[488] := 5 36;
set Last[489] := 6 37;
set Last[490] := 7 38;
set Last[491] := 8 39;
set Last[492] := 10 41;
set Last[493] := 11 42;
set Last[494] := 13 44;
set Last[495] := 15 46;
set Last[496] := 16 47;
set Last[497] := 17 48;
set Last[498] := 18 49;
set Last[499] := 19 50;
set Last[500] := 20 51;
set Last[501] := 21 52;
set Last[502] := 22 53;
set Last[503] := 23 54;
set Last[504] := 25 56;
set Last[505] := 26 57;
set Last[506] := 27 58;
set Last[507] := 30 61;
set Last[508] := 31 62;
set Last[509] := 1 32;
set Last[510] := 2 33;
set Last[511] := 3 34;
set Last[512] := 4 35;
set Last[513] := 5 36;
set Last[514] := 6 37;
set Last[515] := 7 38;
set Last[516] := 8 39;
set Last[517] := 10 41;
set Last[518] := 11 42;
set Last[519] := 13 44;
set Last[520] := 15 46;
set Last[521] := 16 47;
set Last[522] := 17 48;
set Last[523] := 18 49;
set Last[524] := 19 50;
set Last[525] := 20 51;
set Last[526] := 21 52;
set Last[527] := 22 53;
set Last[528] := 23 54;
set Last[529] := 25 56;
set Last[530] := 26 57;
set Last[531] := 27 58;
set Last[532] := 29 60;
set Last[533] := 31 62;
set Last[534] := 1 32;
set Last[535] := 2 33;
set Last[536] := 3 34;
set Last[537] := 4 35;
set Last[538] := 5 36;
set Last[539] := 6 37;
set Last[540] := 7 38;
set Last[541] := 8 39;
set Last[542] := 10 41;
set Last[543] := 11 42;
set Last[544] := 13 44;
set Last[545] := 15 46;
set Last[546] := 16 47;
set Last[547] := 17 48;
set Last[548] := 18 49;
set Last[549] := 19 50;
set Last[550] := 20 51;
set Last[551] := 21 52;
set Last[552] := 22 53;
set Last[553] := 23 54;
set Last[554] := 25 56;
set Last[555] := 26 57;
set Last[556] := 27 58;
set Last[557] := 29 60;
set Last[558] := 30 61;

param q := 5;

end;
