data;

set V := 1 3 4 5 6 7 8 9 11 12 13 14 15 16 17 18 19 20 21 23 24 25 26 27 28 29 30 31 32 33 34 35 36 37 38 40 41 42 43 44 45 46 48 49 50 51 52 53 54 55 56 58 61 62 63 64 65 66 67 68 69 70 71 72 73 74;

set A := 1 4
         1 7
         1 38
         3 4
         3 29
         3 40
         4 1
         4 3
         4 41
         5 6
         5 8
         5 42
         6 5
         6 9
         6 43
         7 1
         7 12
         7 44
         8 5
         8 12
         8 15
         8 45
         9 6
         9 13
         9 15
         9 18
         9 46
         11 48
         12 7
         12 8
         12 15
         12 28
         12 49
         13 9
         13 15
         13 17
         13 18
         13 24
         13 25
         13 50
         14 15
         14 28
         14 30
         14 51
         15 8
         15 9
         15 12
         15 13
         15 14
         15 19
         15 21
         15 24
         15 27
         15 28
         15 30
         15 34
         15 37
         15 52
         16 17
         16 53
         17 13
         17 16
         17 54
         18 9
         18 11
         18 13
         18 55
         19 15
         19 56
         20 15
         21 58
         23 29
         23 36
         24 61
         25 62
         26 63
         27 15
         27 26
         27 64
         28 12
         28 14
         28 65
         29 3
         29 23
         29 66
         30 14
         30 15
         30 67
         31 68
         32 69
         33 31
         33 32
         33 34
         33 35
         33 70
         34 15
         34 33
         34 71
         35 33
         35 36
         35 72
         36 23
         36 35
         36 73
         37 74
         ;

set S := 1 2 3 4 5 6 7 8 9 10 11 12 13 14 15 16 17 18 19 20 21 22 23 24 25 26 27 28 29 30 31 32 33 34 35 36 37 38 39 40 41 42 43 44 45 46 47 48 49 50 51 52 53 54 55 56 57 58 59 60 61 62 63 64 65 66 67 68 69 70 71 72 73 74 75 76 77 78 79 80 81 82 83 84 85 86 87 88 89 90 91 92 93 94 95 96 97 98 99 100 101 102 103 104 105 106 107 108 109 110 111 112 113 114 115 116 117 118 119 120 121 122 123 124 125 126 127 128 129 130 131 132 133 134 135 136 137 138 139 140 141 142 143 144 145 146 147 148 149 150 151 152 153 154 155 156 157 158 159 160 161 162 163 164 165 166 167 168 169 170 171 172 173 174 175 176 177 178 179 180 181 182 183 184 185 186 187 188 189 190 191 192 193 194 195 196 197 198 199 200 201 202 203 204 205 206 207 208 209 210 211 212 213 214 215 216 217 218 219 220 221 222 223 224 225 226 227 228 229 230 231 232 233 234 235 236 237 238 239 240 241 242 243 244 245 246 247 248 249 250 251 252 253 254 255 256 257 258 259 260 261 262 263 264 265 266 267;

set F[1] := 3 4
            4 1
            1 7
            7 12
            12 15
            15 9
            9 46
            ;
set F[2] := 3 4
            4 1
            1 7
            7 12
            12 49
            ;
set F[3] := 3 4
            4 1
            1 7
            7 12
            12 15
            15 13
            13 50
            ;
set F[4] := 3 4
            4 1
            1 7
            7 12
            12 15
            15 52
            ;
set F[5] := 3 4
            4 1
            1 7
            7 12
            12 28
            28 65
            ;
set F[6] := 4 3
            3 40
            ;
set F[7] := 4 1
            1 7
            7 12
            12 8
            8 5
            5 42
            ;
set F[8] := 4 1
            1 7
            7 12
            12 8
            8 5
            5 6
            6 43
            ;
set F[9] := 4 1
            1 7
            7 44
            ;
set F[10] := 4 1
             1 7
             7 12
             12 15
             15 9
             9 46
             ;
set F[11] := 4 1
             1 7
             7 12
             12 49
             ;
set F[12] := 4 1
             1 7
             7 12
             12 15
             15 13
             13 50
             ;
set F[13] := 4 1
             1 7
             7 12
             12 28
             28 14
             14 51
             ;
set F[14] := 4 1
             1 7
             7 12
             12 15
             15 52
             ;
set F[15] := 4 1
             1 7
             7 12
             12 15
             15 13
             13 17
             17 54
             ;
set F[16] := 4 1
             1 7
             7 12
             12 28
             28 65
             ;
set F[17] := 4 3
             3 29
             29 66
             ;
set F[18] := 4 1
             1 7
             7 12
             12 15
             15 34
             34 33
             33 70
             ;
set F[19] := 4 1
             1 7
             7 12
             12 15
             15 34
             34 71
             ;
set F[20] := 4 3
             3 29
             29 23
             23 36
             36 73
             ;
set F[21] := 5 6
             6 9
             9 46
             ;
set F[22] := 5 8
             8 12
             12 49
             ;
set F[23] := 5 6
             6 9
             9 13
             13 50
             ;
set F[24] := 5 8
             8 15
             15 14
             14 51
             ;
set F[25] := 5 8
             8 15
             15 52
             ;
set F[26] := 5 8
             8 12
             12 28
             28 65
             ;
set F[27] := 6 9
             9 13
             13 50
             ;
set F[28] := 6 9
             9 15
             15 28
             28 65
             ;
set F[29] := 8 15
             15 9
             9 46
             ;
set F[30] := 8 12
             12 49
             ;
set F[31] := 8 15
             15 13
             13 50
             ;
set F[32] := 8 15
             15 14
             14 51
             ;
set F[33] := 8 15
             15 52
             ;
set F[34] := 8 12
             12 28
             28 65
             ;
set F[35] := 8 15
             15 34
             34 33
             33 70
             ;
set F[36] := 9 15
             15 12
             12 7
             7 1
             1 38
             ;
set F[37] := 9 15
             15 12
             12 7
             7 1
             1 4
             4 3
             3 40
             ;
set F[38] := 9 15
             15 12
             12 7
             7 1
             1 4
             4 41
             ;
set F[39] := 9 6
             6 5
             5 42
             ;
set F[40] := 9 6
             6 43
             ;
set F[41] := 9 15
             15 12
             12 7
             7 44
             ;
set F[42] := 9 15
             15 8
             8 45
             ;
set F[43] := 9 18
             18 11
             11 48
             ;
set F[44] := 9 15
             15 12
             12 49
             ;
set F[45] := 9 13
             13 50
             ;
set F[46] := 9 15
             15 14
             14 51
             ;
set F[47] := 9 15
             15 52
             ;
set F[48] := 9 13
             13 17
             17 54
             ;
set F[49] := 9 15
             15 19
             19 56
             ;
set F[50] := 9 15
             15 21
             21 58
             ;
set F[51] := 9 13
             13 24
             24 61
             ;
set F[52] := 9 15
             15 27
             27 26
             26 63
             ;
set F[53] := 9 15
             15 27
             27 64
             ;
set F[54] := 9 15
             15 28
             28 65
             ;
set F[55] := 9 15
             15 12
             12 7
             7 1
             1 4
             4 3
             3 29
             29 66
             ;
set F[56] := 9 15
             15 30
             30 67
             ;
set F[57] := 9 15
             15 34
             34 33
             33 31
             31 68
             ;
set F[58] := 9 15
             15 34
             34 33
             33 32
             32 69
             ;
set F[59] := 9 15
             15 34
             34 33
             33 70
             ;
set F[60] := 9 15
             15 34
             34 71
             ;
set F[61] := 9 15
             15 34
             34 33
             33 35
             35 72
             ;
set F[62] := 9 15
             15 34
             34 33
             33 35
             35 36
             36 73
             ;
set F[63] := 9 15
             15 37
             37 74
             ;
set F[64] := 12 7
             7 1
             1 38
             ;
set F[65] := 12 7
             7 1
             1 4
             4 3
             3 40
             ;
set F[66] := 12 7
             7 1
             1 4
             4 41
             ;
set F[67] := 12 8
             8 5
             5 42
             ;
set F[68] := 12 8
             8 5
             5 6
             6 43
             ;
set F[69] := 12 7
             7 44
             ;
set F[70] := 12 8
             8 45
             ;
set F[71] := 12 15
             15 9
             9 46
             ;
set F[72] := 12 15
             15 9
             9 18
             18 11
             11 48
             ;
set F[73] := 12 15
             15 13
             13 50
             ;
set F[74] := 12 28
             28 14
             14 51
             ;
set F[75] := 12 15
             15 52
             ;
set F[76] := 12 15
             15 13
             13 17
             17 54
             ;
set F[77] := 12 15
             15 19
             19 56
             ;
set F[78] := 12 15
             15 21
             21 58
             ;
set F[79] := 12 15
             15 24
             24 61
             ;
set F[80] := 12 15
             15 13
             13 25
             25 62
             ;
set F[81] := 12 15
             15 27
             27 26
             26 63
             ;
set F[82] := 12 15
             15 27
             27 64
             ;
set F[83] := 12 28
             28 65
             ;
set F[84] := 12 7
             7 1
             1 4
             4 3
             3 29
             29 66
             ;
set F[85] := 12 15
             15 30
             30 67
             ;
set F[86] := 12 15
             15 34
             34 33
             33 31
             31 68
             ;
set F[87] := 12 15
             15 34
             34 33
             33 32
             32 69
             ;
set F[88] := 12 15
             15 34
             34 33
             33 70
             ;
set F[89] := 12 15
             15 34
             34 71
             ;
set F[90] := 12 15
             15 34
             34 33
             33 35
             35 72
             ;
set F[91] := 12 15
             15 34
             34 33
             33 35
             35 36
             36 73
             ;
set F[92] := 12 15
             15 37
             37 74
             ;
set F[93] := 13 15
             15 12
             12 7
             7 1
             1 38
             ;
set F[94] := 13 15
             15 12
             12 7
             7 1
             1 4
             4 3
             3 40
             ;
set F[95] := 13 15
             15 12
             12 7
             7 1
             1 4
             4 41
             ;
set F[96] := 13 9
             9 6
             6 5
             5 42
             ;
set F[97] := 13 9
             9 6
             6 43
             ;
set F[98] := 13 15
             15 12
             12 7
             7 44
             ;
set F[99] := 13 15
             15 8
             8 45
             ;
set F[100] := 13 9
              9 46
              ;
set F[101] := 13 18
              18 11
              11 48
              ;
set F[102] := 13 15
              15 12
              12 49
              ;
set F[103] := 13 15
              15 14
              14 51
              ;
set F[104] := 13 15
              15 52
              ;
set F[105] := 13 17
              17 16
              16 53
              ;
set F[106] := 13 17
              17 54
              ;
set F[107] := 13 18
              18 55
              ;
set F[108] := 13 15
              15 19
              19 56
              ;
set F[109] := 13 15
              15 21
              21 58
              ;
set F[110] := 13 24
              24 61
              ;
set F[111] := 13 25
              25 62
              ;
set F[112] := 13 15
              15 27
              27 26
              26 63
              ;
set F[113] := 13 15
              15 27
              27 64
              ;
set F[114] := 13 15
              15 28
              28 65
              ;
set F[115] := 13 15
              15 12
              12 7
              7 1
              1 4
              4 3
              3 29
              29 66
              ;
set F[116] := 13 15
              15 30
              30 67
              ;
set F[117] := 13 15
              15 34
              34 33
              33 31
              31 68
              ;
set F[118] := 13 15
              15 34
              34 33
              33 32
              32 69
              ;
set F[119] := 13 15
              15 34
              34 33
              33 70
              ;
set F[120] := 13 15
              15 34
              34 71
              ;
set F[121] := 13 15
              15 34
              34 33
              33 35
              35 72
              ;
set F[122] := 13 15
              15 34
              34 33
              33 35
              35 36
              36 73
              ;
set F[123] := 13 15
              15 37
              37 74
              ;
set F[124] := 14 28
              28 12
              12 7
              7 1
              1 38
              ;
set F[125] := 14 28
              28 12
              12 7
              7 1
              1 4
              4 3
              3 40
              ;
set F[126] := 14 28
              28 12
              12 7
              7 1
              1 4
              4 41
              ;
set F[127] := 14 15
              15 8
              8 5
              5 42
              ;
set F[128] := 14 15
              15 9
              9 6
              6 43
              ;
set F[129] := 14 28
              28 12
              12 7
              7 44
              ;
set F[130] := 14 15
              15 8
              8 45
              ;
set F[131] := 14 15
              15 9
              9 46
              ;
set F[132] := 14 15
              15 9
              9 18
              18 11
              11 48
              ;
set F[133] := 14 28
              28 12
              12 49
              ;
set F[134] := 14 15
              15 13
              13 50
              ;
set F[135] := 14 15
              15 52
              ;
set F[136] := 14 15
              15 13
              13 17
              17 54
              ;
set F[137] := 14 15
              15 19
              19 56
              ;
set F[138] := 14 15
              15 21
              21 58
              ;
set F[139] := 14 15
              15 24
              24 61
              ;
set F[140] := 14 15
              15 27
              27 26
              26 63
              ;
set F[141] := 14 15
              15 27
              27 64
              ;
set F[142] := 14 28
              28 65
              ;
set F[143] := 14 28
              28 12
              12 7
              7 1
              1 4
              4 3
              3 29
              29 66
              ;
set F[144] := 14 30
              30 67
              ;
set F[145] := 14 15
              15 34
              34 33
              33 31
              31 68
              ;
set F[146] := 14 15
              15 34
              34 33
              33 70
              ;
set F[147] := 14 15
              15 34
              34 71
              ;
set F[148] := 14 15
              15 34
              34 33
              33 35
              35 72
              ;
set F[149] := 14 15
              15 34
              34 33
              33 35
              35 36
              36 73
              ;
set F[150] := 16 17
              17 13
              13 9
              9 46
              ;
set F[151] := 16 17
              17 13
              13 15
              15 12
              12 49
              ;
set F[152] := 16 17
              17 13
              13 50
              ;
set F[153] := 16 17
              17 13
              13 15
              15 52
              ;
set F[154] := 16 17
              17 13
              13 15
              15 28
              28 65
              ;
set F[155] := 17 13
              13 15
              15 12
              12 7
              7 1
              1 4
              4 3
              3 40
              ;
set F[156] := 17 13
              13 15
              15 12
              12 7
              7 1
              1 4
              4 41
              ;
set F[157] := 17 13
              13 9
              9 6
              6 5
              5 42
              ;
set F[158] := 17 13
              13 9
              9 6
              6 43
              ;
set F[159] := 17 13
              13 15
              15 12
              12 7
              7 44
              ;
set F[160] := 17 13
              13 15
              15 8
              8 45
              ;
set F[161] := 17 13
              13 9
              9 46
              ;
set F[162] := 17 13
              13 15
              15 12
              12 49
              ;
set F[163] := 17 13
              13 50
              ;
set F[164] := 17 13
              13 15
              15 14
              14 51
              ;
set F[165] := 17 13
              13 15
              15 52
              ;
set F[166] := 17 13
              13 15
              15 28
              28 65
              ;
set F[167] := 17 13
              13 15
              15 12
              12 7
              7 1
              1 4
              4 3
              3 29
              29 66
              ;
set F[168] := 17 13
              13 15
              15 34
              34 33
              33 70
              ;
set F[169] := 17 13
              13 15
              15 34
              34 71
              ;
set F[170] := 17 13
              13 15
              15 34
              34 33
              33 35
              35 36
              36 73
              ;
set F[171] := 18 9
              9 15
              15 12
              12 7
              7 1
              1 4
              4 3
              3 40
              ;
set F[172] := 18 9
              9 15
              15 12
              12 7
              7 1
              1 4
              4 41
              ;
set F[173] := 18 9
              9 6
              6 5
              5 42
              ;
set F[174] := 18 9
              9 6
              6 43
              ;
set F[175] := 18 9
              9 15
              15 12
              12 7
              7 44
              ;
set F[176] := 18 9
              9 15
              15 8
              8 45
              ;
set F[177] := 18 9
              9 46
              ;
set F[178] := 18 9
              9 15
              15 12
              12 49
              ;
set F[179] := 18 13
              13 50
              ;
set F[180] := 18 9
              9 15
              15 14
              14 51
              ;
set F[181] := 18 9
              9 15
              15 52
              ;
set F[182] := 18 13
              13 17
              17 54
              ;
set F[183] := 18 9
              9 15
              15 27
              27 64
              ;
set F[184] := 18 9
              9 15
              15 28
              28 65
              ;
set F[185] := 18 9
              9 15
              15 12
              12 7
              7 1
              1 4
              4 3
              3 29
              29 66
              ;
set F[186] := 18 9
              9 15
              15 34
              34 33
              33 70
              ;
set F[187] := 18 9
              9 15
              15 34
              34 71
              ;
set F[188] := 18 9
              9 15
              15 34
              34 33
              33 35
              35 36
              36 73
              ;
set F[189] := 19 15
              15 9
              9 46
              ;
set F[190] := 19 15
              15 13
              13 50
              ;
set F[191] := 19 15
              15 52
              ;
set F[192] := 19 15
              15 28
              28 65
              ;
set F[193] := 20 15
              15 9
              9 46
              ;
set F[194] := 20 15
              15 13
              13 50
              ;
set F[195] := 20 15
              15 52
              ;
set F[196] := 20 15
              15 28
              28 65
              ;
set F[197] := 23 29
              29 3
              3 4
              4 1
              1 38
              ;
set F[198] := 23 29
              29 3
              3 40
              ;
set F[199] := 23 29
              29 3
              3 4
              4 41
              ;
set F[200] := 23 36
              36 35
              35 33
              33 34
              34 15
              15 8
              8 5
              5 42
              ;
set F[201] := 23 36
              36 35
              35 33
              33 34
              34 15
              15 9
              9 6
              6 43
              ;
set F[202] := 23 29
              29 3
              3 4
              4 1
              1 7
              7 44
              ;
set F[203] := 23 36
              36 35
              35 33
              33 34
              34 15
              15 8
              8 45
              ;
set F[204] := 23 36
              36 35
              35 33
              33 34
              34 15
              15 9
              9 46
              ;
set F[205] := 23 36
              36 35
              35 33
              33 34
              34 15
              15 12
              12 49
              ;
set F[206] := 23 36
              36 35
              35 33
              33 34
              34 15
              15 13
              13 50
              ;
set F[207] := 23 36
              36 35
              35 33
              33 34
              34 15
              15 14
              14 51
              ;
set F[208] := 23 36
              36 35
              35 33
              33 34
              34 15
              15 52
              ;
set F[209] := 23 36
              36 35
              35 33
              33 34
              34 15
              15 13
              13 17
              17 54
              ;
set F[210] := 23 36
              36 35
              35 33
              33 34
              34 15
              15 21
              21 58
              ;
set F[211] := 23 36
              36 35
              35 33
              33 34
              34 15
              15 24
              24 61
              ;
set F[212] := 23 36
              36 35
              35 33
              33 34
              34 15
              15 27
              27 64
              ;
set F[213] := 23 36
              36 35
              35 33
              33 34
              34 15
              15 28
              28 65
              ;
set F[214] := 23 29
              29 66
              ;
set F[215] := 23 36
              36 35
              35 33
              33 34
              34 15
              15 30
              30 67
              ;
set F[216] := 23 36
              36 35
              35 33
              33 70
              ;
set F[217] := 23 36
              36 35
              35 33
              33 34
              34 71
              ;
set F[218] := 23 36
              36 35
              35 72
              ;
set F[219] := 23 36
              36 73
              ;
set F[220] := 27 15
              15 28
              28 65
              ;
set F[221] := 29 3
              3 40
              ;
set F[222] := 29 3
              3 4
              4 41
              ;
set F[223] := 29 3
              3 4
              4 1
              1 7
              7 12
              12 8
              8 5
              5 42
              ;
set F[224] := 29 3
              3 4
              4 1
              1 7
              7 12
              12 8
              8 5
              5 6
              6 43
              ;
set F[225] := 29 3
              3 4
              4 1
              1 7
              7 44
              ;
set F[226] := 29 3
              3 4
              4 1
              1 7
              7 12
              12 15
              15 9
              9 46
              ;
set F[227] := 29 3
              3 4
              4 1
              1 7
              7 12
              12 49
              ;
set F[228] := 29 3
              3 4
              4 1
              1 7
              7 12
              12 15
              15 13
              13 50
              ;
set F[229] := 29 3
              3 4
              4 1
              1 7
              7 12
              12 28
              28 14
              14 51
              ;
set F[230] := 29 3
              3 4
              4 1
              1 7
              7 12
              12 15
              15 52
              ;
set F[231] := 29 3
              3 4
              4 1
              1 7
              7 12
              12 28
              28 65
              ;
set F[232] := 29 23
              23 36
              36 35
              35 33
              33 70
              ;
set F[233] := 29 23
              23 36
              36 73
              ;
set F[234] := 30 15
              15 9
              9 46
              ;
set F[235] := 30 15
              15 13
              13 50
              ;
set F[236] := 30 15
              15 52
              ;
set F[237] := 30 14
              14 28
              28 65
              ;
set F[238] := 33 34
              34 15
              15 12
              12 7
              7 1
              1 38
              ;
set F[239] := 33 35
              35 36
              36 23
              23 29
              29 3
              3 40
              ;
set F[240] := 33 34
              34 15
              15 12
              12 7
              7 1
              1 4
              4 41
              ;
set F[241] := 33 34
              34 15
              15 8
              8 5
              5 42
              ;
set F[242] := 33 34
              34 15
              15 9
              9 6
              6 43
              ;
set F[243] := 33 34
              34 15
              15 12
              12 7
              7 44
              ;
set F[244] := 33 34
              34 15
              15 8
              8 45
              ;
set F[245] := 33 34
              34 15
              15 9
              9 46
              ;
set F[246] := 33 34
              34 15
              15 9
              9 18
              18 11
              11 48
              ;
set F[247] := 33 34
              34 15
              15 12
              12 49
              ;
set F[248] := 33 34
              34 15
              15 13
              13 50
              ;
set F[249] := 33 34
              34 15
              15 14
              14 51
              ;
set F[250] := 33 34
              34 15
              15 52
              ;
set F[251] := 33 34
              34 15
              15 13
              13 17
              17 54
              ;
set F[252] := 33 34
              34 15
              15 19
              19 56
              ;
set F[253] := 33 34
              34 15
              15 21
              21 58
              ;
set F[254] := 33 34
              34 15
              15 24
              24 61
              ;
set F[255] := 33 34
              34 15
              15 27
              27 26
              26 63
              ;
set F[256] := 33 34
              34 15
              15 27
              27 64
              ;
set F[257] := 33 34
              34 15
              15 28
              28 65
              ;
set F[258] := 33 35
              35 36
              36 23
              23 29
              29 66
              ;
set F[259] := 33 34
              34 15
              15 30
              30 67
              ;
set F[260] := 33 31
              31 68
              ;
set F[261] := 33 32
              32 69
              ;
set F[262] := 33 34
              34 71
              ;
set F[263] := 33 35
              35 72
              ;
set F[264] := 33 35
              35 36
              36 73
              ;
set F[265] := 33 34
              34 15
              15 37
              37 74
              ;
set F[266] := 35 33
              33 34
              34 15
              15 13
              13 50
              ;
set F[267] := 35 33
              33 34
              34 15
              15 28
              28 65
              ;
set Last[1] := 9 46;
set Last[2] := 12 49;
set Last[3] := 13 50;
set Last[4] := 15 52;
set Last[5] := 28 65;
set Last[6] := 3 40;
set Last[7] := 5 42;
set Last[8] := 6 43;
set Last[9] := 7 44;
set Last[10] := 9 46;
set Last[11] := 12 49;
set Last[12] := 13 50;
set Last[13] := 14 51;
set Last[14] := 15 52;
set Last[15] := 17 54;
set Last[16] := 28 65;
set Last[17] := 29 66;
set Last[18] := 33 70;
set Last[19] := 34 71;
set Last[20] := 36 73;
set Last[21] := 9 46;
set Last[22] := 12 49;
set Last[23] := 13 50;
set Last[24] := 14 51;
set Last[25] := 15 52;
set Last[26] := 28 65;
set Last[27] := 13 50;
set Last[28] := 28 65;
set Last[29] := 9 46;
set Last[30] := 12 49;
set Last[31] := 13 50;
set Last[32] := 14 51;
set Last[33] := 15 52;
set Last[34] := 28 65;
set Last[35] := 33 70;
set Last[36] := 1 38;
set Last[37] := 3 40;
set Last[38] := 4 41;
set Last[39] := 5 42;
set Last[40] := 6 43;
set Last[41] := 7 44;
set Last[42] := 8 45;
set Last[43] := 11 48;
set Last[44] := 12 49;
set Last[45] := 13 50;
set Last[46] := 14 51;
set Last[47] := 15 52;
set Last[48] := 17 54;
set Last[49] := 19 56;
set Last[50] := 21 58;
set Last[51] := 24 61;
set Last[52] := 26 63;
set Last[53] := 27 64;
set Last[54] := 28 65;
set Last[55] := 29 66;
set Last[56] := 30 67;
set Last[57] := 31 68;
set Last[58] := 32 69;
set Last[59] := 33 70;
set Last[60] := 34 71;
set Last[61] := 35 72;
set Last[62] := 36 73;
set Last[63] := 37 74;
set Last[64] := 1 38;
set Last[65] := 3 40;
set Last[66] := 4 41;
set Last[67] := 5 42;
set Last[68] := 6 43;
set Last[69] := 7 44;
set Last[70] := 8 45;
set Last[71] := 9 46;
set Last[72] := 11 48;
set Last[73] := 13 50;
set Last[74] := 14 51;
set Last[75] := 15 52;
set Last[76] := 17 54;
set Last[77] := 19 56;
set Last[78] := 21 58;
set Last[79] := 24 61;
set Last[80] := 25 62;
set Last[81] := 26 63;
set Last[82] := 27 64;
set Last[83] := 28 65;
set Last[84] := 29 66;
set Last[85] := 30 67;
set Last[86] := 31 68;
set Last[87] := 32 69;
set Last[88] := 33 70;
set Last[89] := 34 71;
set Last[90] := 35 72;
set Last[91] := 36 73;
set Last[92] := 37 74;
set Last[93] := 1 38;
set Last[94] := 3 40;
set Last[95] := 4 41;
set Last[96] := 5 42;
set Last[97] := 6 43;
set Last[98] := 7 44;
set Last[99] := 8 45;
set Last[100] := 9 46;
set Last[101] := 11 48;
set Last[102] := 12 49;
set Last[103] := 14 51;
set Last[104] := 15 52;
set Last[105] := 16 53;
set Last[106] := 17 54;
set Last[107] := 18 55;
set Last[108] := 19 56;
set Last[109] := 21 58;
set Last[110] := 24 61;
set Last[111] := 25 62;
set Last[112] := 26 63;
set Last[113] := 27 64;
set Last[114] := 28 65;
set Last[115] := 29 66;
set Last[116] := 30 67;
set Last[117] := 31 68;
set Last[118] := 32 69;
set Last[119] := 33 70;
set Last[120] := 34 71;
set Last[121] := 35 72;
set Last[122] := 36 73;
set Last[123] := 37 74;
set Last[124] := 1 38;
set Last[125] := 3 40;
set Last[126] := 4 41;
set Last[127] := 5 42;
set Last[128] := 6 43;
set Last[129] := 7 44;
set Last[130] := 8 45;
set Last[131] := 9 46;
set Last[132] := 11 48;
set Last[133] := 12 49;
set Last[134] := 13 50;
set Last[135] := 15 52;
set Last[136] := 17 54;
set Last[137] := 19 56;
set Last[138] := 21 58;
set Last[139] := 24 61;
set Last[140] := 26 63;
set Last[141] := 27 64;
set Last[142] := 28 65;
set Last[143] := 29 66;
set Last[144] := 30 67;
set Last[145] := 31 68;
set Last[146] := 33 70;
set Last[147] := 34 71;
set Last[148] := 35 72;
set Last[149] := 36 73;
set Last[150] := 9 46;
set Last[151] := 12 49;
set Last[152] := 13 50;
set Last[153] := 15 52;
set Last[154] := 28 65;
set Last[155] := 3 40;
set Last[156] := 4 41;
set Last[157] := 5 42;
set Last[158] := 6 43;
set Last[159] := 7 44;
set Last[160] := 8 45;
set Last[161] := 9 46;
set Last[162] := 12 49;
set Last[163] := 13 50;
set Last[164] := 14 51;
set Last[165] := 15 52;
set Last[166] := 28 65;
set Last[167] := 29 66;
set Last[168] := 33 70;
set Last[169] := 34 71;
set Last[170] := 36 73;
set Last[171] := 3 40;
set Last[172] := 4 41;
set Last[173] := 5 42;
set Last[174] := 6 43;
set Last[175] := 7 44;
set Last[176] := 8 45;
set Last[177] := 9 46;
set Last[178] := 12 49;
set Last[179] := 13 50;
set Last[180] := 14 51;
set Last[181] := 15 52;
set Last[182] := 17 54;
set Last[183] := 27 64;
set Last[184] := 28 65;
set Last[185] := 29 66;
set Last[186] := 33 70;
set Last[187] := 34 71;
set Last[188] := 36 73;
set Last[189] := 9 46;
set Last[190] := 13 50;
set Last[191] := 15 52;
set Last[192] := 28 65;
set Last[193] := 9 46;
set Last[194] := 13 50;
set Last[195] := 15 52;
set Last[196] := 28 65;
set Last[197] := 1 38;
set Last[198] := 3 40;
set Last[199] := 4 41;
set Last[200] := 5 42;
set Last[201] := 6 43;
set Last[202] := 7 44;
set Last[203] := 8 45;
set Last[204] := 9 46;
set Last[205] := 12 49;
set Last[206] := 13 50;
set Last[207] := 14 51;
set Last[208] := 15 52;
set Last[209] := 17 54;
set Last[210] := 21 58;
set Last[211] := 24 61;
set Last[212] := 27 64;
set Last[213] := 28 65;
set Last[214] := 29 66;
set Last[215] := 30 67;
set Last[216] := 33 70;
set Last[217] := 34 71;
set Last[218] := 35 72;
set Last[219] := 36 73;
set Last[220] := 28 65;
set Last[221] := 3 40;
set Last[222] := 4 41;
set Last[223] := 5 42;
set Last[224] := 6 43;
set Last[225] := 7 44;
set Last[226] := 9 46;
set Last[227] := 12 49;
set Last[228] := 13 50;
set Last[229] := 14 51;
set Last[230] := 15 52;
set Last[231] := 28 65;
set Last[232] := 33 70;
set Last[233] := 36 73;
set Last[234] := 9 46;
set Last[235] := 13 50;
set Last[236] := 15 52;
set Last[237] := 28 65;
set Last[238] := 1 38;
set Last[239] := 3 40;
set Last[240] := 4 41;
set Last[241] := 5 42;
set Last[242] := 6 43;
set Last[243] := 7 44;
set Last[244] := 8 45;
set Last[245] := 9 46;
set Last[246] := 11 48;
set Last[247] := 12 49;
set Last[248] := 13 50;
set Last[249] := 14 51;
set Last[250] := 15 52;
set Last[251] := 17 54;
set Last[252] := 19 56;
set Last[253] := 21 58;
set Last[254] := 24 61;
set Last[255] := 26 63;
set Last[256] := 27 64;
set Last[257] := 28 65;
set Last[258] := 29 66;
set Last[259] := 30 67;
set Last[260] := 31 68;
set Last[261] := 32 69;
set Last[262] := 34 71;
set Last[263] := 35 72;
set Last[264] := 36 73;
set Last[265] := 37 74;
set Last[266] := 13 50;
set Last[267] := 28 65;

param q := 5;

end;
