data;

set V := 1 2 3 4 5 6 7 8 9 10 12 13 14 16 17 18 19 20 21 22 23 24 25 26 27 28 29 30 31 32 33 34 35 36 38 39 40 42 43 44 45 46 47 48 49 50 51 52;

set A := 1 2
         1 3
         1 18
         1 27
         2 1
         2 12
         2 28
         3 1
         3 4
         3 26
         3 29
         4 3
         4 7
         4 30
         5 6
         5 25
         5 31
         6 5
         6 9
         6 32
         7 4
         7 8
         7 33
         8 7
         8 13
         8 34
         9 6
         9 10
         9 35
         10 9
         10 14
         10 36
         12 2
         12 13
         12 16
         12 38
         13 8
         13 12
         13 14
         13 16
         13 39
         14 10
         14 13
         14 40
         16 12
         16 13
         16 42
         17 18
         17 43
         18 17
         18 44
         19 20
         19 23
         19 24
         19 45
         20 19
         20 21
         20 46
         21 20
         21 22
         21 23
         21 47
         22 48
         23 19
         23 21
         23 26
         23 49
         24 19
         24 25
         24 50
         25 5
         25 24
         25 51
         26 3
         26 17
         26 23
         26 52
         ;

set S := 1 2 3 4 5 6 7 8 9 10 11 12 13 14 15 16 17 18 19 20 21 22 23 24 25 26 27 28 29 30 31 32 33 34 35 36 37 38 39 40 41 42 43 44 45 46 47 48 49 50 51 52 53 54 55 56 57 58 59 60 61 62 63 64 65 66 67 68 69 70 71 72 73 74 75 76 77 78 79 80 81 82 83 84 85 86 87 88 89 90 91 92 93 94 95 96 97 98 99 100 101 102 103 104 105 106 107 108 109 110 111 112 113 114 115 116 117 118 119 120 121 122 123 124 125 126 127 128 129 130 131 132 133 134 135 136 137 138 139 140 141 142 143 144 145 146 147 148 149 150 151 152 153 154 155 156 157 158 159 160 161 162 163 164 165 166 167 168 169 170 171 172 173 174 175 176 177 178 179 180 181 182 183 184 185 186 187 188 189 190 191 192 193 194 195 196 197 198 199 200 201 202 203 204 205 206 207 208 209 210 211 212 213 214 215 216 217 218 219 220 221 222 223 224 225 226 227 228 229 230 231 232 233 234 235 236 237 238 239 240 241 242 243 244 245 246 247 248 249 250 251 252 253 254 255 256 257 258 259 260;

set F[1] := 1 2
            2 28
            ;
set F[2] := 1 3
            3 4
            4 30
            ;
set F[3] := 1 3
            3 26
            26 23
            23 19
            19 24
            24 25
            25 5
            5 31
            ;
set F[4] := 1 2
            2 12
            12 13
            13 14
            14 10
            10 9
            9 6
            6 32
            ;
set F[5] := 1 3
            3 4
            4 7
            7 33
            ;
set F[6] := 1 2
            2 12
            12 13
            13 8
            8 34
            ;
set F[7] := 1 2
            2 12
            12 13
            13 14
            14 10
            10 9
            9 35
            ;
set F[8] := 1 2
            2 12
            12 13
            13 14
            14 10
            10 36
            ;
set F[9] := 1 2
            2 12
            12 38
            ;
set F[10] := 1 2
             2 12
             12 13
             13 39
             ;
set F[11] := 1 2
             2 12
             12 13
             13 14
             14 40
             ;
set F[12] := 1 2
             2 12
             12 16
             16 42
             ;
set F[13] := 1 18
             18 17
             17 43
             ;
set F[14] := 1 18
             18 44
             ;
set F[15] := 1 3
             3 26
             26 23
             23 19
             19 45
             ;
set F[16] := 1 3
             3 26
             26 23
             23 21
             21 47
             ;
set F[17] := 1 3
             3 26
             26 23
             23 21
             21 22
             22 48
             ;
set F[18] := 1 3
             3 26
             26 23
             23 49
             ;
set F[19] := 1 3
             3 26
             26 23
             23 19
             19 24
             24 50
             ;
set F[20] := 1 3
             3 26
             26 23
             23 19
             19 24
             24 25
             25 51
             ;
set F[21] := 1 3
             3 26
             26 52
             ;
set F[22] := 2 1
             1 3
             3 4
             4 30
             ;
set F[23] := 2 12
             12 13
             13 14
             14 10
             10 9
             9 6
             6 5
             5 31
             ;
set F[24] := 2 1
             1 3
             3 4
             4 7
             7 33
             ;
set F[25] := 2 12
             12 13
             13 8
             8 34
             ;
set F[26] := 2 12
             12 13
             13 14
             14 10
             10 9
             9 35
             ;
set F[27] := 2 12
             12 13
             13 14
             14 10
             10 36
             ;
set F[28] := 2 12
             12 38
             ;
set F[29] := 2 12
             12 13
             13 39
             ;
set F[30] := 2 12
             12 13
             13 14
             14 40
             ;
set F[31] := 2 12
             12 16
             16 42
             ;
set F[32] := 2 1
             1 18
             18 17
             17 43
             ;
set F[33] := 2 1
             1 3
             3 26
             26 23
             23 21
             21 47
             ;
set F[34] := 2 1
             1 3
             3 26
             26 23
             23 49
             ;
set F[35] := 2 1
             1 3
             3 26
             26 23
             23 19
             19 24
             24 25
             25 51
             ;
set F[36] := 2 1
             1 3
             3 26
             26 52
             ;
set F[37] := 3 1
             1 2
             2 28
             ;
set F[38] := 3 4
             4 30
             ;
set F[39] := 3 26
             26 23
             23 19
             19 24
             24 25
             25 5
             5 31
             ;
set F[40] := 3 26
             26 23
             23 19
             19 24
             24 25
             25 5
             5 6
             6 32
             ;
set F[41] := 3 4
             4 7
             7 33
             ;
set F[42] := 3 4
             4 7
             7 8
             8 34
             ;
set F[43] := 3 1
             1 2
             2 12
             12 13
             13 14
             14 10
             10 9
             9 35
             ;
set F[44] := 3 1
             1 2
             2 12
             12 13
             13 14
             14 10
             10 36
             ;
set F[45] := 3 1
             1 2
             2 12
             12 38
             ;
set F[46] := 3 1
             1 2
             2 12
             12 13
             13 39
             ;
set F[47] := 3 1
             1 2
             2 12
             12 13
             13 14
             14 40
             ;
set F[48] := 3 1
             1 2
             2 12
             12 16
             16 42
             ;
set F[49] := 3 26
             26 17
             17 43
             ;
set F[50] := 3 1
             1 18
             18 44
             ;
set F[51] := 3 26
             26 23
             23 19
             19 45
             ;
set F[52] := 3 26
             26 23
             23 21
             21 47
             ;
set F[53] := 3 26
             26 23
             23 49
             ;
set F[54] := 3 26
             26 23
             23 19
             19 24
             24 50
             ;
set F[55] := 3 26
             26 23
             23 19
             19 24
             24 25
             25 51
             ;
set F[56] := 3 26
             26 52
             ;
set F[57] := 4 3
             3 26
             26 23
             23 19
             19 24
             24 25
             25 5
             5 31
             ;
set F[58] := 4 7
             7 8
             8 13
             13 14
             14 10
             10 9
             9 6
             6 32
             ;
set F[59] := 4 7
             7 33
             ;
set F[60] := 4 7
             7 8
             8 34
             ;
set F[61] := 4 7
             7 8
             8 13
             13 14
             14 10
             10 9
             9 35
             ;
set F[62] := 4 7
             7 8
             8 13
             13 14
             14 10
             10 36
             ;
set F[63] := 4 3
             3 1
             1 2
             2 12
             12 38
             ;
set F[64] := 4 7
             7 8
             8 13
             13 39
             ;
set F[65] := 4 7
             7 8
             8 13
             13 14
             14 40
             ;
set F[66] := 4 7
             7 8
             8 13
             13 16
             16 42
             ;
set F[67] := 4 3
             3 26
             26 17
             17 43
             ;
set F[68] := 4 3
             3 26
             26 23
             23 21
             21 47
             ;
set F[69] := 4 3
             3 26
             26 23
             23 49
             ;
set F[70] := 4 3
             3 26
             26 23
             23 19
             19 24
             24 25
             25 51
             ;
set F[71] := 4 3
             3 26
             26 52
             ;
set F[72] := 5 6
             6 9
             9 10
             10 14
             14 13
             13 12
             12 38
             ;
set F[73] := 5 6
             6 9
             9 10
             10 14
             14 13
             13 39
             ;
set F[74] := 5 25
             25 24
             24 19
             19 23
             23 26
             26 17
             17 43
             ;
set F[75] := 5 25
             25 24
             24 19
             19 23
             23 49
             ;
set F[76] := 5 25
             25 24
             24 19
             19 23
             23 26
             26 52
             ;
set F[77] := 6 9
             9 10
             10 14
             14 13
             13 8
             8 7
             7 4
             4 30
             ;
set F[78] := 6 5
             5 31
             ;
set F[79] := 6 9
             9 10
             10 14
             14 13
             13 8
             8 7
             7 33
             ;
set F[80] := 6 9
             9 10
             10 14
             14 13
             13 8
             8 34
             ;
set F[81] := 6 9
             9 35
             ;
set F[82] := 6 9
             9 10
             10 14
             14 13
             13 12
             12 38
             ;
set F[83] := 6 9
             9 10
             10 14
             14 13
             13 39
             ;
set F[84] := 6 9
             9 10
             10 14
             14 40
             ;
set F[85] := 6 9
             9 10
             10 14
             14 13
             13 16
             16 42
             ;
set F[86] := 6 5
             5 25
             25 24
             24 19
             19 23
             23 26
             26 17
             17 43
             ;
set F[87] := 6 5
             5 25
             25 24
             24 19
             19 20
             20 21
             21 47
             ;
set F[88] := 6 5
             5 25
             25 24
             24 19
             19 23
             23 49
             ;
set F[89] := 6 5
             5 25
             25 51
             ;
set F[90] := 6 5
             5 25
             25 24
             24 19
             19 23
             23 26
             26 52
             ;
set F[91] := 7 4
             4 30
             ;
set F[92] := 7 8
             8 13
             13 14
             14 10
             10 9
             9 6
             6 5
             5 31
             ;
set F[93] := 7 8
             8 34
             ;
set F[94] := 7 8
             8 13
             13 14
             14 10
             10 9
             9 35
             ;
set F[95] := 7 8
             8 13
             13 14
             14 10
             10 36
             ;
set F[96] := 7 8
             8 13
             13 12
             12 38
             ;
set F[97] := 7 8
             8 13
             13 39
             ;
set F[98] := 7 8
             8 13
             13 14
             14 40
             ;
set F[99] := 7 8
             8 13
             13 16
             16 42
             ;
set F[100] := 7 4
              4 3
              3 26
              26 17
              17 43
              ;
set F[101] := 7 4
              4 3
              3 26
              26 23
              23 21
              21 47
              ;
set F[102] := 7 4
              4 3
              3 26
              26 23
              23 49
              ;
set F[103] := 7 4
              4 3
              3 26
              26 23
              23 19
              19 24
              24 25
              25 51
              ;
set F[104] := 7 4
              4 3
              3 26
              26 52
              ;
set F[105] := 8 7
              7 4
              4 30
              ;
set F[106] := 8 13
              13 14
              14 10
              10 9
              9 6
              6 5
              5 31
              ;
set F[107] := 8 13
              13 14
              14 10
              10 9
              9 6
              6 32
              ;
set F[108] := 8 7
              7 33
              ;
set F[109] := 8 13
              13 14
              14 10
              10 9
              9 35
              ;
set F[110] := 8 13
              13 14
              14 10
              10 36
              ;
set F[111] := 8 13
              13 12
              12 38
              ;
set F[112] := 8 13
              13 39
              ;
set F[113] := 8 13
              13 14
              14 40
              ;
set F[114] := 8 13
              13 16
              16 42
              ;
set F[115] := 8 7
              7 4
              4 3
              3 26
              26 17
              17 43
              ;
set F[116] := 8 7
              7 4
              4 3
              3 26
              26 23
              23 21
              21 47
              ;
set F[117] := 8 7
              7 4
              4 3
              3 26
              26 23
              23 49
              ;
set F[118] := 8 13
              13 14
              14 10
              10 9
              9 6
              6 5
              5 25
              25 51
              ;
set F[119] := 8 7
              7 4
              4 3
              3 26
              26 52
              ;
set F[120] := 9 10
              10 14
              14 13
              13 8
              8 7
              7 4
              4 30
              ;
set F[121] := 9 6
              6 5
              5 31
              ;
set F[122] := 9 6
              6 32
              ;
set F[123] := 9 10
              10 14
              14 13
              13 8
              8 7
              7 33
              ;
set F[124] := 9 10
              10 14
              14 13
              13 8
              8 34
              ;
set F[125] := 9 10
              10 36
              ;
set F[126] := 9 10
              10 14
              14 13
              13 12
              12 38
              ;
set F[127] := 9 10
              10 14
              14 13
              13 39
              ;
set F[128] := 9 10
              10 14
              14 40
              ;
set F[129] := 9 10
              10 14
              14 13
              13 16
              16 42
              ;
set F[130] := 9 6
              6 5
              5 25
              25 24
              24 19
              19 23
              23 26
              26 17
              17 43
              ;
set F[131] := 9 6
              6 5
              5 25
              25 24
              24 19
              19 20
              20 21
              21 47
              ;
set F[132] := 9 6
              6 5
              5 25
              25 24
              24 19
              19 23
              23 49
              ;
set F[133] := 9 6
              6 5
              5 25
              25 51
              ;
set F[134] := 9 6
              6 5
              5 25
              25 24
              24 19
              19 23
              23 26
              26 52
              ;
set F[135] := 10 9
              9 6
              6 5
              5 31
              ;
set F[136] := 10 14
              14 13
              13 8
              8 7
              7 33
              ;
set F[137] := 10 14
              14 13
              13 8
              8 34
              ;
set F[138] := 10 9
              9 35
              ;
set F[139] := 10 14
              14 13
              13 12
              12 38
              ;
set F[140] := 10 14
              14 13
              13 39
              ;
set F[141] := 10 14
              14 13
              13 16
              16 42
              ;
set F[142] := 10 14
              14 13
              13 12
              12 2
              2 1
              1 18
              18 17
              17 43
              ;
set F[143] := 10 9
              9 6
              6 5
              5 25
              25 24
              24 19
              19 20
              20 21
              21 47
              ;
set F[144] := 10 9
              9 6
              6 5
              5 25
              25 24
              24 19
              19 23
              23 49
              ;
set F[145] := 10 14
              14 13
              13 8
              8 7
              7 4
              4 3
              3 26
              26 52
              ;
set F[146] := 13 12
              12 2
              2 1
              1 27
              ;
set F[147] := 13 12
              12 2
              2 28
              ;
set F[148] := 13 8
              8 7
              7 4
              4 3
              3 29
              ;
set F[149] := 13 8
              8 7
              7 4
              4 30
              ;
set F[150] := 13 14
              14 10
              10 9
              9 6
              6 5
              5 31
              ;
set F[151] := 13 14
              14 10
              10 9
              9 6
              6 32
              ;
set F[152] := 13 8
              8 7
              7 33
              ;
set F[153] := 13 8
              8 34
              ;
set F[154] := 13 14
              14 10
              10 9
              9 35
              ;
set F[155] := 13 14
              14 10
              10 36
              ;
set F[156] := 13 12
              12 38
              ;
set F[157] := 13 14
              14 40
              ;
set F[158] := 13 16
              16 42
              ;
set F[159] := 13 12
              12 2
              2 1
              1 18
              18 17
              17 43
              ;
set F[160] := 13 12
              12 2
              2 1
              1 18
              18 44
              ;
set F[161] := 13 8
              8 7
              7 4
              4 3
              3 26
              26 23
              23 19
              19 45
              ;
set F[162] := 13 8
              8 7
              7 4
              4 3
              3 26
              26 23
              23 19
              19 20
              20 46
              ;
set F[163] := 13 8
              8 7
              7 4
              4 3
              3 26
              26 23
              23 21
              21 47
              ;
set F[164] := 13 8
              8 7
              7 4
              4 3
              3 26
              26 23
              23 21
              21 22
              22 48
              ;
set F[165] := 13 8
              8 7
              7 4
              4 3
              3 26
              26 23
              23 49
              ;
set F[166] := 13 14
              14 10
              10 9
              9 6
              6 5
              5 25
              25 24
              24 50
              ;
set F[167] := 13 14
              14 10
              10 9
              9 6
              6 5
              5 25
              25 51
              ;
set F[168] := 13 8
              8 7
              7 4
              4 3
              3 26
              26 52
              ;
set F[169] := 16 13
              13 8
              8 7
              7 4
              4 30
              ;
set F[170] := 16 13
              13 14
              14 10
              10 9
              9 6
              6 5
              5 31
              ;
set F[171] := 16 13
              13 14
              14 10
              10 9
              9 6
              6 32
              ;
set F[172] := 16 13
              13 8
              8 7
              7 33
              ;
set F[173] := 16 13
              13 8
              8 34
              ;
set F[174] := 16 13
              13 14
              14 10
              10 9
              9 35
              ;
set F[175] := 16 13
              13 14
              14 10
              10 36
              ;
set F[176] := 16 12
              12 38
              ;
set F[177] := 16 13
              13 39
              ;
set F[178] := 16 13
              13 14
              14 40
              ;
set F[179] := 16 12
              12 2
              2 1
              1 18
              18 17
              17 43
              ;
set F[180] := 16 12
              12 2
              2 1
              1 3
              3 26
              26 23
              23 21
              21 47
              ;
set F[181] := 16 12
              12 2
              2 1
              1 3
              3 26
              26 23
              23 49
              ;
set F[182] := 16 13
              13 14
              14 10
              10 9
              9 6
              6 5
              5 25
              25 51
              ;
set F[183] := 16 12
              12 2
              2 1
              1 3
              3 26
              26 52
              ;
set F[184] := 19 24
              24 25
              25 5
              5 31
              ;
set F[185] := 19 23
              23 26
              26 3
              3 1
              1 2
              2 12
              12 38
              ;
set F[186] := 19 23
              23 26
              26 3
              3 1
              1 2
              2 12
              12 13
              13 39
              ;
set F[187] := 19 23
              23 26
              26 17
              17 43
              ;
set F[188] := 19 23
              23 49
              ;
set F[189] := 19 23
              23 26
              26 52
              ;
set F[190] := 20 19
              19 23
              23 26
              26 3
              3 4
              4 30
              ;
set F[191] := 20 19
              19 24
              24 25
              25 5
              5 31
              ;
set F[192] := 20 19
              19 24
              24 25
              25 5
              5 6
              6 32
              ;
set F[193] := 20 19
              19 23
              23 26
              26 3
              3 4
              4 7
              7 33
              ;
set F[194] := 20 19
              19 23
              23 26
              26 3
              3 4
              4 7
              7 8
              8 34
              ;
set F[195] := 20 19
              19 24
              24 25
              25 5
              5 6
              6 9
              9 35
              ;
set F[196] := 20 19
              19 24
              24 25
              25 5
              5 6
              6 9
              9 10
              10 36
              ;
set F[197] := 20 19
              19 23
              23 26
              26 3
              3 1
              1 2
              2 12
              12 38
              ;
set F[198] := 20 19
              19 23
              23 26
              26 3
              3 1
              1 2
              2 12
              12 13
              13 39
              ;
set F[199] := 20 19
              19 24
              24 25
              25 5
              5 6
              6 9
              9 10
              10 14
              14 40
              ;
set F[200] := 20 19
              19 23
              23 26
              26 3
              3 1
              1 2
              2 12
              12 16
              16 42
              ;
set F[201] := 20 19
              19 23
              23 26
              26 17
              17 43
              ;
set F[202] := 20 21
              21 47
              ;
set F[203] := 20 19
              19 23
              23 49
              ;
set F[204] := 20 19
              19 24
              24 25
              25 51
              ;
set F[205] := 20 19
              19 23
              23 26
              26 52
              ;
set F[206] := 21 23
              23 26
              26 3
              3 1
              1 2
              2 28
              ;
set F[207] := 21 23
              23 26
              26 3
              3 4
              4 30
              ;
set F[208] := 21 20
              20 19
              19 24
              24 25
              25 5
              5 31
              ;
set F[209] := 21 20
              20 19
              19 24
              24 25
              25 5
              5 6
              6 32
              ;
set F[210] := 21 23
              23 26
              26 3
              3 4
              4 7
              7 33
              ;
set F[211] := 21 23
              23 26
              26 3
              3 4
              4 7
              7 8
              8 34
              ;
set F[212] := 21 20
              20 19
              19 24
              24 25
              25 5
              5 6
              6 9
              9 35
              ;
set F[213] := 21 20
              20 19
              19 24
              24 25
              25 5
              5 6
              6 9
              9 10
              10 36
              ;
set F[214] := 21 23
              23 26
              26 3
              3 1
              1 2
              2 12
              12 38
              ;
set F[215] := 21 23
              23 26
              26 3
              3 1
              1 2
              2 12
              12 13
              13 39
              ;
set F[216] := 21 23
              23 26
              26 3
              3 1
              1 2
              2 12
              12 13
              13 14
              14 40
              ;
set F[217] := 21 23
              23 26
              26 3
              3 1
              1 2
              2 12
              12 16
              16 42
              ;
set F[218] := 21 23
              23 26
              26 17
              17 43
              ;
set F[219] := 21 23
              23 26
              26 17
              17 18
              18 44
              ;
set F[220] := 21 20
              20 19
              19 45
              ;
set F[221] := 21 22
              22 48
              ;
set F[222] := 21 23
              23 49
              ;
set F[223] := 21 20
              20 19
              19 24
              24 50
              ;
set F[224] := 21 20
              20 19
              19 24
              24 25
              25 51
              ;
set F[225] := 21 23
              23 26
              26 52
              ;
set F[226] := 23 19
              19 24
              24 25
              25 5
              5 31
              ;
set F[227] := 23 26
              26 3
              3 4
              4 7
              7 33
              ;
set F[228] := 23 26
              26 3
              3 1
              1 2
              2 12
              12 38
              ;
set F[229] := 23 26
              26 3
              3 1
              1 2
              2 12
              12 13
              13 39
              ;
set F[230] := 23 26
              26 3
              3 1
              1 2
              2 12
              12 16
              16 42
              ;
set F[231] := 23 26
              26 17
              17 43
              ;
set F[232] := 23 21
              21 47
              ;
set F[233] := 23 26
              26 52
              ;
set F[234] := 24 19
              19 23
              23 26
              26 3
              3 4
              4 30
              ;
set F[235] := 24 25
              25 5
              5 31
              ;
set F[236] := 24 19
              19 23
              23 26
              26 3
              3 4
              4 7
              7 33
              ;
set F[237] := 24 19
              19 23
              23 26
              26 3
              3 4
              4 7
              7 8
              8 34
              ;
set F[238] := 24 25
              25 5
              5 6
              6 9
              9 35
              ;
set F[239] := 24 19
              19 23
              23 26
              26 3
              3 1
              1 2
              2 12
              12 38
              ;
set F[240] := 24 25
              25 5
              5 6
              6 9
              9 10
              10 14
              14 13
              13 39
              ;
set F[241] := 24 25
              25 5
              5 6
              6 9
              9 10
              10 14
              14 40
              ;
set F[242] := 24 19
              19 23
              23 26
              26 3
              3 1
              1 2
              2 12
              12 16
              16 42
              ;
set F[243] := 24 19
              19 23
              23 26
              26 17
              17 43
              ;
set F[244] := 24 19
              19 20
              20 21
              21 47
              ;
set F[245] := 24 19
              19 23
              23 49
              ;
set F[246] := 24 19
              19 23
              23 26
              26 52
              ;
set F[247] := 25 5
              5 31
              ;
set F[248] := 25 24
              24 19
              19 23
              23 26
              26 3
              3 4
              4 7
              7 33
              ;
set F[249] := 25 5
              5 6
              6 9
              9 10
              10 14
              14 13
              13 8
              8 34
              ;
set F[250] := 25 5
              5 6
              6 9
              9 35
              ;
set F[251] := 25 5
              5 6
              6 9
              9 10
              10 14
              14 13
              13 12
              12 38
              ;
set F[252] := 25 5
              5 6
              6 9
              9 10
              10 14
              14 13
              13 39
              ;
set F[253] := 25 5
              5 6
              6 9
              9 10
              10 14
              14 13
              13 16
              16 42
              ;
set F[254] := 25 24
              24 19
              19 23
              23 26
              26 17
              17 43
              ;
set F[255] := 25 24
              24 19
              19 20
              20 21
              21 47
              ;
set F[256] := 25 24
              24 19
              19 23
              23 49
              ;
set F[257] := 25 24
              24 19
              19 23
              23 26
              26 52
              ;
set F[258] := 26 3
              3 1
              1 2
              2 12
              12 38
              ;
set F[259] := 26 3
              3 1
              1 2
              2 12
              12 13
              13 39
              ;
set F[260] := 26 23
              23 49
              ;
set Last[1] := 2 28;
set Last[2] := 4 30;
set Last[3] := 5 31;
set Last[4] := 6 32;
set Last[5] := 7 33;
set Last[6] := 8 34;
set Last[7] := 9 35;
set Last[8] := 10 36;
set Last[9] := 12 38;
set Last[10] := 13 39;
set Last[11] := 14 40;
set Last[12] := 16 42;
set Last[13] := 17 43;
set Last[14] := 18 44;
set Last[15] := 19 45;
set Last[16] := 21 47;
set Last[17] := 22 48;
set Last[18] := 23 49;
set Last[19] := 24 50;
set Last[20] := 25 51;
set Last[21] := 26 52;
set Last[22] := 4 30;
set Last[23] := 5 31;
set Last[24] := 7 33;
set Last[25] := 8 34;
set Last[26] := 9 35;
set Last[27] := 10 36;
set Last[28] := 12 38;
set Last[29] := 13 39;
set Last[30] := 14 40;
set Last[31] := 16 42;
set Last[32] := 17 43;
set Last[33] := 21 47;
set Last[34] := 23 49;
set Last[35] := 25 51;
set Last[36] := 26 52;
set Last[37] := 2 28;
set Last[38] := 4 30;
set Last[39] := 5 31;
set Last[40] := 6 32;
set Last[41] := 7 33;
set Last[42] := 8 34;
set Last[43] := 9 35;
set Last[44] := 10 36;
set Last[45] := 12 38;
set Last[46] := 13 39;
set Last[47] := 14 40;
set Last[48] := 16 42;
set Last[49] := 17 43;
set Last[50] := 18 44;
set Last[51] := 19 45;
set Last[52] := 21 47;
set Last[53] := 23 49;
set Last[54] := 24 50;
set Last[55] := 25 51;
set Last[56] := 26 52;
set Last[57] := 5 31;
set Last[58] := 6 32;
set Last[59] := 7 33;
set Last[60] := 8 34;
set Last[61] := 9 35;
set Last[62] := 10 36;
set Last[63] := 12 38;
set Last[64] := 13 39;
set Last[65] := 14 40;
set Last[66] := 16 42;
set Last[67] := 17 43;
set Last[68] := 21 47;
set Last[69] := 23 49;
set Last[70] := 25 51;
set Last[71] := 26 52;
set Last[72] := 12 38;
set Last[73] := 13 39;
set Last[74] := 17 43;
set Last[75] := 23 49;
set Last[76] := 26 52;
set Last[77] := 4 30;
set Last[78] := 5 31;
set Last[79] := 7 33;
set Last[80] := 8 34;
set Last[81] := 9 35;
set Last[82] := 12 38;
set Last[83] := 13 39;
set Last[84] := 14 40;
set Last[85] := 16 42;
set Last[86] := 17 43;
set Last[87] := 21 47;
set Last[88] := 23 49;
set Last[89] := 25 51;
set Last[90] := 26 52;
set Last[91] := 4 30;
set Last[92] := 5 31;
set Last[93] := 8 34;
set Last[94] := 9 35;
set Last[95] := 10 36;
set Last[96] := 12 38;
set Last[97] := 13 39;
set Last[98] := 14 40;
set Last[99] := 16 42;
set Last[100] := 17 43;
set Last[101] := 21 47;
set Last[102] := 23 49;
set Last[103] := 25 51;
set Last[104] := 26 52;
set Last[105] := 4 30;
set Last[106] := 5 31;
set Last[107] := 6 32;
set Last[108] := 7 33;
set Last[109] := 9 35;
set Last[110] := 10 36;
set Last[111] := 12 38;
set Last[112] := 13 39;
set Last[113] := 14 40;
set Last[114] := 16 42;
set Last[115] := 17 43;
set Last[116] := 21 47;
set Last[117] := 23 49;
set Last[118] := 25 51;
set Last[119] := 26 52;
set Last[120] := 4 30;
set Last[121] := 5 31;
set Last[122] := 6 32;
set Last[123] := 7 33;
set Last[124] := 8 34;
set Last[125] := 10 36;
set Last[126] := 12 38;
set Last[127] := 13 39;
set Last[128] := 14 40;
set Last[129] := 16 42;
set Last[130] := 17 43;
set Last[131] := 21 47;
set Last[132] := 23 49;
set Last[133] := 25 51;
set Last[134] := 26 52;
set Last[135] := 5 31;
set Last[136] := 7 33;
set Last[137] := 8 34;
set Last[138] := 9 35;
set Last[139] := 12 38;
set Last[140] := 13 39;
set Last[141] := 16 42;
set Last[142] := 17 43;
set Last[143] := 21 47;
set Last[144] := 23 49;
set Last[145] := 26 52;
set Last[146] := 1 27;
set Last[147] := 2 28;
set Last[148] := 3 29;
set Last[149] := 4 30;
set Last[150] := 5 31;
set Last[151] := 6 32;
set Last[152] := 7 33;
set Last[153] := 8 34;
set Last[154] := 9 35;
set Last[155] := 10 36;
set Last[156] := 12 38;
set Last[157] := 14 40;
set Last[158] := 16 42;
set Last[159] := 17 43;
set Last[160] := 18 44;
set Last[161] := 19 45;
set Last[162] := 20 46;
set Last[163] := 21 47;
set Last[164] := 22 48;
set Last[165] := 23 49;
set Last[166] := 24 50;
set Last[167] := 25 51;
set Last[168] := 26 52;
set Last[169] := 4 30;
set Last[170] := 5 31;
set Last[171] := 6 32;
set Last[172] := 7 33;
set Last[173] := 8 34;
set Last[174] := 9 35;
set Last[175] := 10 36;
set Last[176] := 12 38;
set Last[177] := 13 39;
set Last[178] := 14 40;
set Last[179] := 17 43;
set Last[180] := 21 47;
set Last[181] := 23 49;
set Last[182] := 25 51;
set Last[183] := 26 52;
set Last[184] := 5 31;
set Last[185] := 12 38;
set Last[186] := 13 39;
set Last[187] := 17 43;
set Last[188] := 23 49;
set Last[189] := 26 52;
set Last[190] := 4 30;
set Last[191] := 5 31;
set Last[192] := 6 32;
set Last[193] := 7 33;
set Last[194] := 8 34;
set Last[195] := 9 35;
set Last[196] := 10 36;
set Last[197] := 12 38;
set Last[198] := 13 39;
set Last[199] := 14 40;
set Last[200] := 16 42;
set Last[201] := 17 43;
set Last[202] := 21 47;
set Last[203] := 23 49;
set Last[204] := 25 51;
set Last[205] := 26 52;
set Last[206] := 2 28;
set Last[207] := 4 30;
set Last[208] := 5 31;
set Last[209] := 6 32;
set Last[210] := 7 33;
set Last[211] := 8 34;
set Last[212] := 9 35;
set Last[213] := 10 36;
set Last[214] := 12 38;
set Last[215] := 13 39;
set Last[216] := 14 40;
set Last[217] := 16 42;
set Last[218] := 17 43;
set Last[219] := 18 44;
set Last[220] := 19 45;
set Last[221] := 22 48;
set Last[222] := 23 49;
set Last[223] := 24 50;
set Last[224] := 25 51;
set Last[225] := 26 52;
set Last[226] := 5 31;
set Last[227] := 7 33;
set Last[228] := 12 38;
set Last[229] := 13 39;
set Last[230] := 16 42;
set Last[231] := 17 43;
set Last[232] := 21 47;
set Last[233] := 26 52;
set Last[234] := 4 30;
set Last[235] := 5 31;
set Last[236] := 7 33;
set Last[237] := 8 34;
set Last[238] := 9 35;
set Last[239] := 12 38;
set Last[240] := 13 39;
set Last[241] := 14 40;
set Last[242] := 16 42;
set Last[243] := 17 43;
set Last[244] := 21 47;
set Last[245] := 23 49;
set Last[246] := 26 52;
set Last[247] := 5 31;
set Last[248] := 7 33;
set Last[249] := 8 34;
set Last[250] := 9 35;
set Last[251] := 12 38;
set Last[252] := 13 39;
set Last[253] := 16 42;
set Last[254] := 17 43;
set Last[255] := 21 47;
set Last[256] := 23 49;
set Last[257] := 26 52;
set Last[258] := 12 38;
set Last[259] := 13 39;
set Last[260] := 23 49;

param q := 5;

end;
