data;

set V := 1 2 3 4 5 6 7 8 9 10 11 12 13 14 15 16 17 18 19 20 21 22 23 24 25 26 27 28 30 36 37 39 40 41 42 43 44 47 48 49 50 51 52;

set A := 1 2
         1 3
         1 11
         1 18
         1 27
         2 1
         2 12
         2 28
         3 1
         3 4
         3 26
         4 3
         4 30
         5 6
         5 25
         6 5
         6 9
         7 4
         8 7
         8 13
         9 6
         9 10
         10 9
         10 14
         10 36
         11 1
         11 37
         12 2
         12 13
         12 16
         13 8
         13 12
         13 14
         13 15
         13 16
         13 39
         14 10
         14 13
         14 40
         15 41
         16 42
         17 18
         17 26
         17 43
         18 1
         18 17
         18 44
         19 20
         19 23
         19 24
         20 21
         21 22
         21 23
         21 47
         22 21
         22 48
         23 19
         23 26
         23 49
         24 19
         24 25
         24 50
         25 5
         25 24
         25 51
         26 3
         26 17
         26 23
         26 52
         ;

set S := 1 2 3 4 5 6 7 8 9 10 11 12 13 14 15 16 17 18 19 20 21 22 23 24 25 26 27 28 29 30 31 32 33 34 35 36 37 38 39 40 41 42 43 44 45 46 47 48 49 50 51 52 53 54 55 56 57 58 59 60 61 62 63 64 65 66 67 68 69 70 71 72 73 74 75 76 77 78 79 80 81 82 83 84 85 86 87 88 89 90 91 92 93 94 95 96 97 98 99 100 101 102 103 104 105 106 107 108 109 110 111 112 113 114 115 116 117 118 119 120 121 122 123 124 125 126 127 128 129 130;

set F[1] := 1 2
            2 28
            ;
set F[2] := 1 3
            3 4
            4 30
            ;
set F[3] := 1 2
            2 12
            12 13
            13 14
            14 10
            10 36
            ;
set F[4] := 1 2
            2 12
            12 13
            13 39
            ;
set F[5] := 1 2
            2 12
            12 13
            13 14
            14 40
            ;
set F[6] := 1 2
            2 12
            12 13
            13 15
            15 41
            ;
set F[7] := 1 2
            2 12
            12 16
            16 42
            ;
set F[8] := 1 18
            18 17
            17 43
            ;
set F[9] := 1 18
            18 44
            ;
set F[10] := 1 3
             3 26
             26 23
             23 19
             19 24
             24 50
             ;
set F[11] := 1 3
             3 26
             26 23
             23 19
             19 24
             24 25
             25 51
             ;
set F[12] := 1 3
             3 26
             26 52
             ;
set F[13] := 2 1
             1 27
             ;
set F[14] := 2 1
             1 3
             3 4
             4 30
             ;
set F[15] := 2 12
             12 13
             13 14
             14 10
             10 36
             ;
set F[16] := 2 12
             12 13
             13 39
             ;
set F[17] := 2 12
             12 13
             13 14
             14 40
             ;
set F[18] := 2 12
             12 16
             16 42
             ;
set F[19] := 2 1
             1 18
             18 17
             17 43
             ;
set F[20] := 2 1
             1 18
             18 44
             ;
set F[21] := 2 1
             1 3
             3 26
             26 23
             23 19
             19 24
             24 50
             ;
set F[22] := 2 1
             1 3
             3 26
             26 23
             23 19
             19 24
             24 25
             25 51
             ;
set F[23] := 2 1
             1 3
             3 26
             26 52
             ;
set F[24] := 3 1
             1 27
             ;
set F[25] := 3 1
             1 2
             2 28
             ;
set F[26] := 3 26
             26 23
             23 19
             19 24
             24 50
             ;
set F[27] := 3 26
             26 52
             ;
set F[28] := 4 3
             3 1
             1 27
             ;
set F[29] := 4 3
             3 26
             26 52
             ;
set F[30] := 8 7
             7 4
             4 3
             3 1
             1 27
             ;
set F[31] := 8 13
             13 12
             12 2
             2 28
             ;
set F[32] := 8 7
             7 4
             4 30
             ;
set F[33] := 8 13
             13 14
             14 40
             ;
set F[34] := 8 13
             13 16
             16 42
             ;
set F[35] := 8 7
             7 4
             4 3
             3 26
             26 17
             17 43
             ;
set F[36] := 8 7
             7 4
             4 3
             3 26
             26 23
             23 19
             19 24
             24 50
             ;
set F[37] := 8 13
             13 14
             14 10
             10 9
             9 6
             6 5
             5 25
             25 51
             ;
set F[38] := 8 7
             7 4
             4 3
             3 26
             26 52
             ;
set F[39] := 10 14
             14 13
             13 12
             12 2
             2 1
             1 27
             ;
set F[40] := 10 14
             14 13
             13 12
             12 2
             2 28
             ;
set F[41] := 10 14
             14 13
             13 8
             8 7
             7 4
             4 30
             ;
set F[42] := 10 14
             14 40
             ;
set F[43] := 10 14
             14 13
             13 16
             16 42
             ;
set F[44] := 10 14
             14 13
             13 12
             12 2
             2 1
             1 18
             18 17
             17 43
             ;
set F[45] := 10 9
             9 6
             6 5
             5 25
             25 24
             24 50
             ;
set F[46] := 10 9
             9 6
             6 5
             5 25
             25 51
             ;
set F[47] := 10 14
             14 13
             13 8
             8 7
             7 4
             4 3
             3 26
             26 52
             ;
set F[48] := 11 1
             1 27
             ;
set F[49] := 11 1
             1 3
             3 26
             26 52
             ;
set F[50] := 12 2
             2 1
             1 27
             ;
set F[51] := 17 18
             18 1
             1 27
             ;
set F[52] := 17 18
             18 1
             1 2
             2 28
             ;
set F[53] := 17 26
             26 3
             3 4
             4 30
             ;
set F[54] := 17 18
             18 1
             1 2
             2 12
             12 13
             13 39
             ;
set F[55] := 17 18
             18 1
             1 2
             2 12
             12 13
             13 14
             14 40
             ;
set F[56] := 17 18
             18 1
             1 2
             2 12
             12 16
             16 42
             ;
set F[57] := 17 18
             18 44
             ;
set F[58] := 17 26
             26 23
             23 19
             19 24
             24 50
             ;
set F[59] := 17 26
             26 23
             23 19
             19 24
             24 25
             25 51
             ;
set F[60] := 17 26
             26 52
             ;
set F[61] := 18 1
             1 27
             ;
set F[62] := 18 1
             1 2
             2 28
             ;
set F[63] := 18 1
             1 3
             3 4
             4 30
             ;
set F[64] := 18 1
             1 2
             2 12
             12 13
             13 14
             14 10
             10 36
             ;
set F[65] := 18 1
             1 2
             2 12
             12 13
             13 39
             ;
set F[66] := 18 1
             1 2
             2 12
             12 13
             13 14
             14 40
             ;
set F[67] := 18 1
             1 2
             2 12
             12 16
             16 42
             ;
set F[68] := 18 17
             17 43
             ;
set F[69] := 18 17
             17 26
             26 23
             23 19
             19 24
             24 50
             ;
set F[70] := 18 17
             17 26
             26 23
             23 19
             19 24
             24 25
             25 51
             ;
set F[71] := 18 17
             17 26
             26 52
             ;
set F[72] := 19 23
             23 26
             26 3
             3 1
             1 27
             ;
set F[73] := 19 23
             23 26
             26 3
             3 1
             1 2
             2 28
             ;
set F[74] := 19 23
             23 26
             26 3
             3 4
             4 30
             ;
set F[75] := 19 24
             24 25
             25 5
             5 6
             6 9
             9 10
             10 36
             ;
set F[76] := 19 23
             23 26
             26 3
             3 1
             1 11
             11 37
             ;
set F[77] := 19 23
             23 26
             26 3
             3 1
             1 2
             2 12
             12 13
             13 39
             ;
set F[78] := 19 24
             24 25
             25 5
             5 6
             6 9
             9 10
             10 14
             14 40
             ;
set F[79] := 19 23
             23 26
             26 3
             3 1
             1 2
             2 12
             12 13
             13 15
             15 41
             ;
set F[80] := 19 23
             23 26
             26 3
             3 1
             1 2
             2 12
             12 16
             16 42
             ;
set F[81] := 19 23
             23 26
             26 17
             17 43
             ;
set F[82] := 19 23
             23 26
             26 17
             17 18
             18 44
             ;
set F[83] := 19 20
             20 21
             21 47
             ;
set F[84] := 19 20
             20 21
             21 22
             22 48
             ;
set F[85] := 19 23
             23 49
             ;
set F[86] := 19 24
             24 50
             ;
set F[87] := 19 24
             24 25
             25 51
             ;
set F[88] := 19 23
             23 26
             26 52
             ;
set F[89] := 21 23
             23 26
             26 3
             3 1
             1 27
             ;
set F[90] := 22 21
             21 23
             23 26
             26 3
             3 1
             1 27
             ;
set F[91] := 22 21
             21 23
             23 26
             26 52
             ;
set F[92] := 23 26
             26 3
             3 1
             1 27
             ;
set F[93] := 23 26
             26 3
             3 1
             1 2
             2 28
             ;
set F[94] := 23 26
             26 3
             3 4
             4 30
             ;
set F[95] := 23 26
             26 3
             3 1
             1 2
             2 12
             12 13
             13 39
             ;
set F[96] := 23 26
             26 3
             3 1
             1 2
             2 12
             12 13
             13 14
             14 40
             ;
set F[97] := 23 26
             26 3
             3 1
             1 2
             2 12
             12 16
             16 42
             ;
set F[98] := 23 26
             26 17
             17 43
             ;
set F[99] := 23 26
             26 17
             17 18
             18 44
             ;
set F[100] := 23 19
              19 24
              24 50
              ;
set F[101] := 23 19
              19 24
              24 25
              25 51
              ;
set F[102] := 23 26
              26 52
              ;
set F[103] := 24 19
              19 23
              23 26
              26 3
              3 1
              1 27
              ;
set F[104] := 24 19
              19 23
              23 26
              26 3
              3 1
              1 2
              2 28
              ;
set F[105] := 24 19
              19 23
              23 26
              26 3
              3 4
              4 30
              ;
set F[106] := 24 25
              25 5
              5 6
              6 9
              9 10
              10 14
              14 40
              ;
set F[107] := 24 25
              25 51
              ;
set F[108] := 24 19
              19 23
              23 26
              26 52
              ;
set F[109] := 25 24
              24 19
              19 23
              23 26
              26 3
              3 1
              1 27
              ;
set F[110] := 25 24
              24 19
              19 23
              23 26
              26 3
              3 1
              1 2
              2 28
              ;
set F[111] := 25 24
              24 19
              19 23
              23 26
              26 3
              3 4
              4 30
              ;
set F[112] := 25 5
              5 6
              6 9
              9 10
              10 14
              14 40
              ;
set F[113] := 25 5
              5 6
              6 9
              9 10
              10 14
              14 13
              13 16
              16 42
              ;
set F[114] := 25 24
              24 19
              19 23
              23 26
              26 17
              17 43
              ;
set F[115] := 25 24
              24 50
              ;
set F[116] := 25 24
              24 19
              19 23
              23 26
              26 52
              ;
set F[117] := 26 3
              3 1
              1 27
              ;
set F[118] := 26 3
              3 1
              1 2
              2 28
              ;
set F[119] := 26 3
              3 4
              4 30
              ;
set F[120] := 26 3
              3 1
              1 2
              2 12
              12 13
              13 14
              14 10
              10 36
              ;
set F[121] := 26 3
              3 1
              1 11
              11 37
              ;
set F[122] := 26 3
              3 1
              1 2
              2 12
              12 13
              13 39
              ;
set F[123] := 26 3
              3 1
              1 2
              2 12
              12 13
              13 14
              14 40
              ;
set F[124] := 26 3
              3 1
              1 2
              2 12
              12 13
              13 15
              15 41
              ;
set F[125] := 26 3
              3 1
              1 2
              2 12
              12 16
              16 42
              ;
set F[126] := 26 17
              17 43
              ;
set F[127] := 26 17
              17 18
              18 44
              ;
set F[128] := 26 23
              23 49
              ;
set F[129] := 26 23
              23 19
              19 24
              24 50
              ;
set F[130] := 26 23
              23 19
              19 24
              24 25
              25 51
              ;
set Last[1] := 2 28;
set Last[2] := 4 30;
set Last[3] := 10 36;
set Last[4] := 13 39;
set Last[5] := 14 40;
set Last[6] := 15 41;
set Last[7] := 16 42;
set Last[8] := 17 43;
set Last[9] := 18 44;
set Last[10] := 24 50;
set Last[11] := 25 51;
set Last[12] := 26 52;
set Last[13] := 1 27;
set Last[14] := 4 30;
set Last[15] := 10 36;
set Last[16] := 13 39;
set Last[17] := 14 40;
set Last[18] := 16 42;
set Last[19] := 17 43;
set Last[20] := 18 44;
set Last[21] := 24 50;
set Last[22] := 25 51;
set Last[23] := 26 52;
set Last[24] := 1 27;
set Last[25] := 2 28;
set Last[26] := 24 50;
set Last[27] := 26 52;
set Last[28] := 1 27;
set Last[29] := 26 52;
set Last[30] := 1 27;
set Last[31] := 2 28;
set Last[32] := 4 30;
set Last[33] := 14 40;
set Last[34] := 16 42;
set Last[35] := 17 43;
set Last[36] := 24 50;
set Last[37] := 25 51;
set Last[38] := 26 52;
set Last[39] := 1 27;
set Last[40] := 2 28;
set Last[41] := 4 30;
set Last[42] := 14 40;
set Last[43] := 16 42;
set Last[44] := 17 43;
set Last[45] := 24 50;
set Last[46] := 25 51;
set Last[47] := 26 52;
set Last[48] := 1 27;
set Last[49] := 26 52;
set Last[50] := 1 27;
set Last[51] := 1 27;
set Last[52] := 2 28;
set Last[53] := 4 30;
set Last[54] := 13 39;
set Last[55] := 14 40;
set Last[56] := 16 42;
set Last[57] := 18 44;
set Last[58] := 24 50;
set Last[59] := 25 51;
set Last[60] := 26 52;
set Last[61] := 1 27;
set Last[62] := 2 28;
set Last[63] := 4 30;
set Last[64] := 10 36;
set Last[65] := 13 39;
set Last[66] := 14 40;
set Last[67] := 16 42;
set Last[68] := 17 43;
set Last[69] := 24 50;
set Last[70] := 25 51;
set Last[71] := 26 52;
set Last[72] := 1 27;
set Last[73] := 2 28;
set Last[74] := 4 30;
set Last[75] := 10 36;
set Last[76] := 11 37;
set Last[77] := 13 39;
set Last[78] := 14 40;
set Last[79] := 15 41;
set Last[80] := 16 42;
set Last[81] := 17 43;
set Last[82] := 18 44;
set Last[83] := 21 47;
set Last[84] := 22 48;
set Last[85] := 23 49;
set Last[86] := 24 50;
set Last[87] := 25 51;
set Last[88] := 26 52;
set Last[89] := 1 27;
set Last[90] := 1 27;
set Last[91] := 26 52;
set Last[92] := 1 27;
set Last[93] := 2 28;
set Last[94] := 4 30;
set Last[95] := 13 39;
set Last[96] := 14 40;
set Last[97] := 16 42;
set Last[98] := 17 43;
set Last[99] := 18 44;
set Last[100] := 24 50;
set Last[101] := 25 51;
set Last[102] := 26 52;
set Last[103] := 1 27;
set Last[104] := 2 28;
set Last[105] := 4 30;
set Last[106] := 14 40;
set Last[107] := 25 51;
set Last[108] := 26 52;
set Last[109] := 1 27;
set Last[110] := 2 28;
set Last[111] := 4 30;
set Last[112] := 14 40;
set Last[113] := 16 42;
set Last[114] := 17 43;
set Last[115] := 24 50;
set Last[116] := 26 52;
set Last[117] := 1 27;
set Last[118] := 2 28;
set Last[119] := 4 30;
set Last[120] := 10 36;
set Last[121] := 11 37;
set Last[122] := 13 39;
set Last[123] := 14 40;
set Last[124] := 15 41;
set Last[125] := 16 42;
set Last[126] := 17 43;
set Last[127] := 18 44;
set Last[128] := 23 49;
set Last[129] := 24 50;
set Last[130] := 25 51;

param q := 5;

end;
