data;

set V := 1 2 3 4 5 6 7 8 9 10 11 12 13 14 15 16 17 18 19 20 21 22 23 24 25 26 27 28 29 30 31 32 33 34 35 36 37 38 40 42 43 44 45 46 47 48 49 50 51 52 53 54 55 56;

set A := 1 21
         1 29
         2 21
         2 30
         3 4
         3 28
         3 31
         4 3
         4 7
         4 12
         4 22
         4 32
         5 22
         5 33
         6 22
         6 34
         7 4
         7 35
         8 24
         8 36
         9 22
         9 37
         10 22
         10 38
         11 4
         12 4
         12 40
         13 22
         14 24
         14 42
         15 16
         15 43
         16 15
         16 17
         16 44
         17 16
         17 21
         17 45
         18 25
         18 46
         19 20
         19 27
         19 47
         20 19
         20 48
         21 1
         21 2
         21 17
         21 22
         21 49
         22 4
         22 5
         22 6
         22 9
         22 10
         22 21
         22 23
         22 24
         22 25
         22 26
         22 50
         23 22
         23 51
         24 8
         24 14
         24 22
         24 52
         25 18
         25 22
         25 53
         26 22
         26 27
         26 54
         27 19
         27 26
         27 28
         27 55
         28 3
         28 27
         28 56
         ;

set S := 1 2 3 4 5 6 7 8 9 10 11 12 13 14 15 16 17 18 19 20 21 22 23 24 25 26 27 28 29 30 31 32 33 34 35 36 37 38 39 40 41 42 43 44 45 46 47 48 49 50 51 52 53 54 55 56 57 58 59 60 61 62 63 64 65 66 67 68 69 70 71 72 73 74 75 76 77 78 79 80 81 82 83 84 85 86 87 88 89 90 91 92 93 94 95 96 97 98 99 100 101 102 103 104 105 106 107 108 109 110 111 112 113 114 115 116 117 118 119 120 121 122 123 124 125 126 127 128 129 130 131 132 133 134 135 136 137 138 139 140 141 142 143 144 145 146 147 148 149 150 151 152 153 154 155 156 157 158 159 160 161 162 163 164 165 166 167 168 169 170 171 172 173 174 175 176 177 178 179 180 181 182 183 184 185 186 187 188 189 190 191 192 193 194 195 196 197 198 199 200 201 202 203 204 205 206 207 208 209 210 211 212 213 214 215 216 217 218 219 220 221 222 223 224 225 226 227 228 229 230 231 232 233 234 235 236 237 238 239 240 241 242 243 244 245 246 247 248 249 250 251 252 253 254 255 256 257 258 259 260 261 262 263 264 265 266 267 268 269 270 271 272 273 274 275 276 277 278 279 280 281 282 283 284 285 286 287 288 289 290 291 292 293 294 295 296 297 298 299 300 301 302 303 304 305 306 307 308 309 310 311 312 313 314 315 316 317 318 319 320 321 322 323 324 325 326 327 328 329 330 331 332 333 334 335 336 337 338 339 340 341 342 343 344 345 346 347 348 349 350 351 352 353 354 355 356 357 358 359 360 361 362 363 364 365 366 367 368 369 370 371 372 373 374 375 376 377 378 379 380 381 382 383 384 385 386 387 388 389 390 391 392 393 394 395 396 397 398 399 400 401 402 403 404 405 406 407 408 409 410 411 412 413 414 415 416 417 418 419 420 421 422 423 424 425 426 427 428 429 430 431 432 433 434 435 436 437 438 439 440 441 442 443 444 445 446 447 448 449 450 451 452 453 454;

set F[1] := 1 21
            21 2
            2 30
            ;
set F[2] := 1 21
            21 22
            22 4
            4 3
            3 31
            ;
set F[3] := 1 21
            21 22
            22 4
            4 32
            ;
set F[4] := 1 21
            21 22
            22 6
            6 34
            ;
set F[5] := 1 21
            21 22
            22 4
            4 7
            7 35
            ;
set F[6] := 1 21
            21 22
            22 24
            24 8
            8 36
            ;
set F[7] := 1 21
            21 22
            22 9
            9 37
            ;
set F[8] := 1 21
            21 22
            22 10
            10 38
            ;
set F[9] := 1 21
            21 22
            22 4
            4 12
            12 40
            ;
set F[10] := 1 21
             21 22
             22 24
             24 14
             14 42
             ;
set F[11] := 1 21
             21 17
             17 16
             16 15
             15 43
             ;
set F[12] := 1 21
             21 17
             17 16
             16 44
             ;
set F[13] := 1 21
             21 17
             17 45
             ;
set F[14] := 1 21
             21 22
             22 25
             25 18
             18 46
             ;
set F[15] := 1 21
             21 22
             22 26
             26 27
             27 19
             19 47
             ;
set F[16] := 1 21
             21 22
             22 26
             26 27
             27 19
             19 20
             20 48
             ;
set F[17] := 1 21
             21 49
             ;
set F[18] := 1 21
             21 22
             22 50
             ;
set F[19] := 1 21
             21 22
             22 23
             23 51
             ;
set F[20] := 1 21
             21 22
             22 24
             24 52
             ;
set F[21] := 1 21
             21 22
             22 25
             25 53
             ;
set F[22] := 1 21
             21 22
             22 26
             26 54
             ;
set F[23] := 1 21
             21 22
             22 26
             26 27
             27 55
             ;
set F[24] := 2 21
             21 1
             1 29
             ;
set F[25] := 2 21
             21 22
             22 4
             4 3
             3 31
             ;
set F[26] := 2 21
             21 22
             22 4
             4 32
             ;
set F[27] := 2 21
             21 22
             22 6
             6 34
             ;
set F[28] := 2 21
             21 22
             22 4
             4 7
             7 35
             ;
set F[29] := 2 21
             21 22
             22 24
             24 8
             8 36
             ;
set F[30] := 2 21
             21 22
             22 9
             9 37
             ;
set F[31] := 2 21
             21 22
             22 10
             10 38
             ;
set F[32] := 2 21
             21 22
             22 4
             4 12
             12 40
             ;
set F[33] := 2 21
             21 22
             22 24
             24 14
             14 42
             ;
set F[34] := 2 21
             21 17
             17 16
             16 15
             15 43
             ;
set F[35] := 2 21
             21 17
             17 16
             16 44
             ;
set F[36] := 2 21
             21 17
             17 45
             ;
set F[37] := 2 21
             21 22
             22 25
             25 18
             18 46
             ;
set F[38] := 2 21
             21 22
             22 26
             26 27
             27 19
             19 47
             ;
set F[39] := 2 21
             21 22
             22 26
             26 27
             27 19
             19 20
             20 48
             ;
set F[40] := 2 21
             21 49
             ;
set F[41] := 2 21
             21 22
             22 50
             ;
set F[42] := 2 21
             21 22
             22 23
             23 51
             ;
set F[43] := 2 21
             21 22
             22 24
             24 52
             ;
set F[44] := 2 21
             21 22
             22 25
             25 53
             ;
set F[45] := 2 21
             21 22
             22 26
             26 54
             ;
set F[46] := 2 21
             21 22
             22 26
             26 27
             27 55
             ;
set F[47] := 3 4
             4 22
             22 21
             21 1
             1 29
             ;
set F[48] := 3 4
             4 22
             22 21
             21 2
             2 30
             ;
set F[49] := 3 4
             4 32
             ;
set F[50] := 3 4
             4 12
             12 40
             ;
set F[51] := 3 4
             4 22
             22 21
             21 17
             17 16
             16 15
             15 43
             ;
set F[52] := 3 4
             4 22
             22 21
             21 17
             17 16
             16 44
             ;
set F[53] := 3 4
             4 22
             22 21
             21 17
             17 45
             ;
set F[54] := 3 4
             4 22
             22 25
             25 18
             18 46
             ;
set F[55] := 3 4
             4 22
             22 21
             21 49
             ;
set F[56] := 3 4
             4 22
             22 50
             ;
set F[57] := 3 4
             4 22
             22 25
             25 53
             ;
set F[58] := 3 28
             28 27
             27 26
             26 54
             ;
set F[59] := 3 28
             28 27
             27 55
             ;
set F[60] := 4 22
             22 21
             21 1
             1 29
             ;
set F[61] := 4 22
             22 21
             21 2
             2 30
             ;
set F[62] := 4 3
             3 31
             ;
set F[63] := 4 22
             22 5
             5 33
             ;
set F[64] := 4 22
             22 6
             6 34
             ;
set F[65] := 4 7
             7 35
             ;
set F[66] := 4 22
             22 24
             24 8
             8 36
             ;
set F[67] := 4 22
             22 9
             9 37
             ;
set F[68] := 4 22
             22 10
             10 38
             ;
set F[69] := 4 12
             12 40
             ;
set F[70] := 4 22
             22 24
             24 14
             14 42
             ;
set F[71] := 4 22
             22 21
             21 17
             17 16
             16 15
             15 43
             ;
set F[72] := 4 22
             22 21
             21 17
             17 16
             16 44
             ;
set F[73] := 4 22
             22 21
             21 17
             17 45
             ;
set F[74] := 4 22
             22 25
             25 18
             18 46
             ;
set F[75] := 4 3
             3 28
             28 27
             27 19
             19 47
             ;
set F[76] := 4 3
             3 28
             28 27
             27 19
             19 20
             20 48
             ;
set F[77] := 4 22
             22 21
             21 49
             ;
set F[78] := 4 22
             22 50
             ;
set F[79] := 4 22
             22 23
             23 51
             ;
set F[80] := 4 22
             22 24
             24 52
             ;
set F[81] := 4 22
             22 25
             25 53
             ;
set F[82] := 4 22
             22 26
             26 54
             ;
set F[83] := 4 3
             3 28
             28 27
             27 55
             ;
set F[84] := 4 3
             3 28
             28 56
             ;
set F[85] := 5 22
             22 21
             21 49
             ;
set F[86] := 5 22
             22 50
             ;
set F[87] := 6 22
             22 21
             21 1
             1 29
             ;
set F[88] := 6 22
             22 21
             21 2
             2 30
             ;
set F[89] := 6 22
             22 4
             4 32
             ;
set F[90] := 6 22
             22 4
             4 12
             12 40
             ;
set F[91] := 6 22
             22 21
             21 17
             17 16
             16 15
             15 43
             ;
set F[92] := 6 22
             22 21
             21 17
             17 16
             16 44
             ;
set F[93] := 6 22
             22 21
             21 17
             17 45
             ;
set F[94] := 6 22
             22 25
             25 18
             18 46
             ;
set F[95] := 6 22
             22 21
             21 49
             ;
set F[96] := 6 22
             22 50
             ;
set F[97] := 6 22
             22 25
             25 53
             ;
set F[98] := 6 22
             22 26
             26 54
             ;
set F[99] := 7 4
             4 22
             22 21
             21 49
             ;
set F[100] := 8 24
              24 22
              22 21
              21 2
              2 30
              ;
set F[101] := 8 24
              24 22
              22 4
              4 32
              ;
set F[102] := 8 24
              24 22
              22 4
              4 12
              12 40
              ;
set F[103] := 8 24
              24 22
              22 21
              21 17
              17 16
              16 44
              ;
set F[104] := 8 24
              24 22
              22 21
              21 17
              17 45
              ;
set F[105] := 8 24
              24 22
              22 25
              25 18
              18 46
              ;
set F[106] := 8 24
              24 22
              22 21
              21 49
              ;
set F[107] := 8 24
              24 22
              22 50
              ;
set F[108] := 8 24
              24 22
              22 25
              25 53
              ;
set F[109] := 9 22
              22 21
              21 1
              1 29
              ;
set F[110] := 9 22
              22 21
              21 2
              2 30
              ;
set F[111] := 9 22
              22 4
              4 32
              ;
set F[112] := 9 22
              22 4
              4 12
              12 40
              ;
set F[113] := 9 22
              22 21
              21 17
              17 16
              16 15
              15 43
              ;
set F[114] := 9 22
              22 21
              21 17
              17 16
              16 44
              ;
set F[115] := 9 22
              22 21
              21 17
              17 45
              ;
set F[116] := 9 22
              22 25
              25 18
              18 46
              ;
set F[117] := 9 22
              22 21
              21 49
              ;
set F[118] := 9 22
              22 50
              ;
set F[119] := 9 22
              22 25
              25 53
              ;
set F[120] := 9 22
              22 26
              26 54
              ;
set F[121] := 10 22
              22 4
              4 32
              ;
set F[122] := 10 22
              22 4
              4 12
              12 40
              ;
set F[123] := 10 22
              22 21
              21 17
              17 45
              ;
set F[124] := 10 22
              22 21
              21 49
              ;
set F[125] := 10 22
              22 50
              ;
set F[126] := 10 22
              22 25
              25 53
              ;
set F[127] := 11 4
              4 22
              22 21
              21 1
              1 29
              ;
set F[128] := 11 4
              4 22
              22 21
              21 2
              2 30
              ;
set F[129] := 11 4
              4 32
              ;
set F[130] := 11 4
              4 12
              12 40
              ;
set F[131] := 11 4
              4 22
              22 21
              21 17
              17 16
              16 44
              ;
set F[132] := 11 4
              4 22
              22 21
              21 17
              17 45
              ;
set F[133] := 11 4
              4 22
              22 25
              25 18
              18 46
              ;
set F[134] := 11 4
              4 22
              22 21
              21 49
              ;
set F[135] := 11 4
              4 22
              22 50
              ;
set F[136] := 11 4
              4 22
              22 25
              25 53
              ;
set F[137] := 12 4
              4 22
              22 21
              21 1
              1 29
              ;
set F[138] := 12 4
              4 22
              22 21
              21 2
              2 30
              ;
set F[139] := 12 4
              4 3
              3 31
              ;
set F[140] := 12 4
              4 32
              ;
set F[141] := 12 4
              4 22
              22 6
              6 34
              ;
set F[142] := 12 4
              4 7
              7 35
              ;
set F[143] := 12 4
              4 22
              22 24
              24 8
              8 36
              ;
set F[144] := 12 4
              4 22
              22 9
              9 37
              ;
set F[145] := 12 4
              4 22
              22 10
              10 38
              ;
set F[146] := 12 4
              4 22
              22 24
              24 14
              14 42
              ;
set F[147] := 12 4
              4 22
              22 21
              21 17
              17 16
              16 15
              15 43
              ;
set F[148] := 12 4
              4 22
              22 21
              21 17
              17 16
              16 44
              ;
set F[149] := 12 4
              4 22
              22 21
              21 17
              17 45
              ;
set F[150] := 12 4
              4 22
              22 25
              25 18
              18 46
              ;
set F[151] := 12 4
              4 3
              3 28
              28 27
              27 19
              19 47
              ;
set F[152] := 12 4
              4 3
              3 28
              28 27
              27 19
              19 20
              20 48
              ;
set F[153] := 12 4
              4 22
              22 21
              21 49
              ;
set F[154] := 12 4
              4 22
              22 50
              ;
set F[155] := 12 4
              4 22
              22 23
              23 51
              ;
set F[156] := 12 4
              4 22
              22 24
              24 52
              ;
set F[157] := 12 4
              4 22
              22 25
              25 53
              ;
set F[158] := 12 4
              4 22
              22 26
              26 54
              ;
set F[159] := 12 4
              4 3
              3 28
              28 27
              27 55
              ;
set F[160] := 13 22
              22 21
              21 1
              1 29
              ;
set F[161] := 13 22
              22 21
              21 2
              2 30
              ;
set F[162] := 13 22
              22 4
              4 32
              ;
set F[163] := 13 22
              22 4
              4 12
              12 40
              ;
set F[164] := 13 22
              22 21
              21 17
              17 16
              16 15
              15 43
              ;
set F[165] := 13 22
              22 21
              21 17
              17 16
              16 44
              ;
set F[166] := 13 22
              22 21
              21 17
              17 45
              ;
set F[167] := 13 22
              22 25
              25 18
              18 46
              ;
set F[168] := 13 22
              22 21
              21 49
              ;
set F[169] := 13 22
              22 50
              ;
set F[170] := 13 22
              22 25
              25 53
              ;
set F[171] := 13 22
              22 26
              26 54
              ;
set F[172] := 14 24
              24 22
              22 4
              4 32
              ;
set F[173] := 14 24
              24 22
              22 4
              4 12
              12 40
              ;
set F[174] := 14 24
              24 22
              22 21
              21 49
              ;
set F[175] := 14 24
              24 22
              22 50
              ;
set F[176] := 14 24
              24 22
              22 25
              25 53
              ;
set F[177] := 15 16
              16 17
              17 21
              21 1
              1 29
              ;
set F[178] := 15 16
              16 17
              17 21
              21 2
              2 30
              ;
set F[179] := 15 16
              16 17
              17 21
              21 22
              22 4
              4 3
              3 31
              ;
set F[180] := 15 16
              16 17
              17 21
              21 22
              22 4
              4 32
              ;
set F[181] := 15 16
              16 17
              17 21
              21 22
              22 6
              6 34
              ;
set F[182] := 15 16
              16 17
              17 21
              21 22
              22 4
              4 7
              7 35
              ;
set F[183] := 15 16
              16 17
              17 21
              21 22
              22 9
              9 37
              ;
set F[184] := 15 16
              16 17
              17 21
              21 22
              22 4
              4 12
              12 40
              ;
set F[185] := 15 16
              16 44
              ;
set F[186] := 15 16
              16 17
              17 45
              ;
set F[187] := 15 16
              16 17
              17 21
              21 22
              22 25
              25 18
              18 46
              ;
set F[188] := 15 16
              16 17
              17 21
              21 22
              22 26
              26 27
              27 19
              19 47
              ;
set F[189] := 15 16
              16 17
              17 21
              21 22
              22 26
              26 27
              27 19
              19 20
              20 48
              ;
set F[190] := 15 16
              16 17
              17 21
              21 49
              ;
set F[191] := 15 16
              16 17
              17 21
              21 22
              22 50
              ;
set F[192] := 15 16
              16 17
              17 21
              21 22
              22 23
              23 51
              ;
set F[193] := 15 16
              16 17
              17 21
              21 22
              22 24
              24 52
              ;
set F[194] := 15 16
              16 17
              17 21
              21 22
              22 25
              25 53
              ;
set F[195] := 15 16
              16 17
              17 21
              21 22
              22 26
              26 54
              ;
set F[196] := 15 16
              16 17
              17 21
              21 22
              22 26
              26 27
              27 55
              ;
set F[197] := 16 17
              17 21
              21 1
              1 29
              ;
set F[198] := 16 17
              17 21
              21 2
              2 30
              ;
set F[199] := 16 17
              17 21
              21 22
              22 4
              4 3
              3 31
              ;
set F[200] := 16 17
              17 21
              21 22
              22 4
              4 32
              ;
set F[201] := 16 17
              17 21
              21 22
              22 6
              6 34
              ;
set F[202] := 16 17
              17 21
              21 22
              22 4
              4 7
              7 35
              ;
set F[203] := 16 17
              17 21
              21 22
              22 24
              24 8
              8 36
              ;
set F[204] := 16 17
              17 21
              21 22
              22 9
              9 37
              ;
set F[205] := 16 17
              17 21
              21 22
              22 10
              10 38
              ;
set F[206] := 16 17
              17 21
              21 22
              22 4
              4 12
              12 40
              ;
set F[207] := 16 15
              15 43
              ;
set F[208] := 16 17
              17 45
              ;
set F[209] := 16 17
              17 21
              21 22
              22 25
              25 18
              18 46
              ;
set F[210] := 16 17
              17 21
              21 22
              22 26
              26 27
              27 19
              19 47
              ;
set F[211] := 16 17
              17 21
              21 22
              22 26
              26 27
              27 19
              19 20
              20 48
              ;
set F[212] := 16 17
              17 21
              21 49
              ;
set F[213] := 16 17
              17 21
              21 22
              22 50
              ;
set F[214] := 16 17
              17 21
              21 22
              22 23
              23 51
              ;
set F[215] := 16 17
              17 21
              21 22
              22 24
              24 52
              ;
set F[216] := 16 17
              17 21
              21 22
              22 25
              25 53
              ;
set F[217] := 16 17
              17 21
              21 22
              22 26
              26 54
              ;
set F[218] := 16 17
              17 21
              21 22
              22 26
              26 27
              27 55
              ;
set F[219] := 17 21
              21 1
              1 29
              ;
set F[220] := 17 21
              21 2
              2 30
              ;
set F[221] := 17 21
              21 22
              22 4
              4 3
              3 31
              ;
set F[222] := 17 21
              21 22
              22 4
              4 32
              ;
set F[223] := 17 21
              21 22
              22 5
              5 33
              ;
set F[224] := 17 21
              21 22
              22 6
              6 34
              ;
set F[225] := 17 21
              21 22
              22 4
              4 7
              7 35
              ;
set F[226] := 17 21
              21 22
              22 24
              24 8
              8 36
              ;
set F[227] := 17 21
              21 22
              22 9
              9 37
              ;
set F[228] := 17 21
              21 22
              22 10
              10 38
              ;
set F[229] := 17 21
              21 22
              22 4
              4 12
              12 40
              ;
set F[230] := 17 21
              21 22
              22 24
              24 14
              14 42
              ;
set F[231] := 17 16
              16 15
              15 43
              ;
set F[232] := 17 16
              16 44
              ;
set F[233] := 17 21
              21 22
              22 25
              25 18
              18 46
              ;
set F[234] := 17 21
              21 22
              22 26
              26 27
              27 19
              19 47
              ;
set F[235] := 17 21
              21 22
              22 26
              26 27
              27 19
              19 20
              20 48
              ;
set F[236] := 17 21
              21 49
              ;
set F[237] := 17 21
              21 22
              22 50
              ;
set F[238] := 17 21
              21 22
              22 23
              23 51
              ;
set F[239] := 17 21
              21 22
              22 24
              24 52
              ;
set F[240] := 17 21
              21 22
              22 25
              25 53
              ;
set F[241] := 17 21
              21 22
              22 26
              26 54
              ;
set F[242] := 17 21
              21 22
              22 26
              26 27
              27 55
              ;
set F[243] := 17 21
              21 22
              22 4
              4 3
              3 28
              28 56
              ;
set F[244] := 18 25
              25 22
              22 21
              21 1
              1 29
              ;
set F[245] := 18 25
              25 22
              22 21
              21 2
              2 30
              ;
set F[246] := 18 25
              25 22
              22 4
              4 3
              3 31
              ;
set F[247] := 18 25
              25 22
              22 4
              4 32
              ;
set F[248] := 18 25
              25 22
              22 6
              6 34
              ;
set F[249] := 18 25
              25 22
              22 4
              4 7
              7 35
              ;
set F[250] := 18 25
              25 22
              22 24
              24 8
              8 36
              ;
set F[251] := 18 25
              25 22
              22 9
              9 37
              ;
set F[252] := 18 25
              25 22
              22 10
              10 38
              ;
set F[253] := 18 25
              25 22
              22 4
              4 12
              12 40
              ;
set F[254] := 18 25
              25 22
              22 24
              24 14
              14 42
              ;
set F[255] := 18 25
              25 22
              22 21
              21 17
              17 16
              16 15
              15 43
              ;
set F[256] := 18 25
              25 22
              22 21
              21 17
              17 16
              16 44
              ;
set F[257] := 18 25
              25 22
              22 21
              21 17
              17 45
              ;
set F[258] := 18 25
              25 22
              22 26
              26 27
              27 19
              19 47
              ;
set F[259] := 18 25
              25 22
              22 26
              26 27
              27 19
              19 20
              20 48
              ;
set F[260] := 18 25
              25 22
              22 21
              21 49
              ;
set F[261] := 18 25
              25 22
              22 50
              ;
set F[262] := 18 25
              25 22
              22 23
              23 51
              ;
set F[263] := 18 25
              25 22
              22 24
              24 52
              ;
set F[264] := 18 25
              25 53
              ;
set F[265] := 18 25
              25 22
              22 26
              26 54
              ;
set F[266] := 18 25
              25 22
              22 26
              26 27
              27 55
              ;
set F[267] := 19 27
              27 26
              26 22
              22 21
              21 1
              1 29
              ;
set F[268] := 19 27
              27 26
              26 22
              22 21
              21 2
              2 30
              ;
set F[269] := 19 27
              27 26
              26 22
              22 4
              4 32
              ;
set F[270] := 19 27
              27 26
              26 22
              22 4
              4 12
              12 40
              ;
set F[271] := 19 27
              27 26
              26 22
              22 21
              21 17
              17 16
              16 15
              15 43
              ;
set F[272] := 19 27
              27 26
              26 22
              22 21
              21 17
              17 16
              16 44
              ;
set F[273] := 19 27
              27 26
              26 22
              22 21
              21 17
              17 45
              ;
set F[274] := 19 27
              27 26
              26 22
              22 25
              25 18
              18 46
              ;
set F[275] := 19 20
              20 48
              ;
set F[276] := 19 27
              27 26
              26 22
              22 21
              21 49
              ;
set F[277] := 19 27
              27 26
              26 22
              22 50
              ;
set F[278] := 19 27
              27 26
              26 22
              22 25
              25 53
              ;
set F[279] := 19 27
              27 26
              26 54
              ;
set F[280] := 19 27
              27 55
              ;
set F[281] := 20 19
              19 27
              27 26
              26 22
              22 21
              21 1
              1 29
              ;
set F[282] := 20 19
              19 27
              27 26
              26 22
              22 21
              21 2
              2 30
              ;
set F[283] := 20 19
              19 27
              27 28
              28 3
              3 31
              ;
set F[284] := 20 19
              19 27
              27 26
              26 22
              22 4
              4 32
              ;
set F[285] := 20 19
              19 27
              27 26
              26 22
              22 4
              4 12
              12 40
              ;
set F[286] := 20 19
              19 27
              27 26
              26 22
              22 21
              21 17
              17 16
              16 15
              15 43
              ;
set F[287] := 20 19
              19 27
              27 26
              26 22
              22 21
              21 17
              17 16
              16 44
              ;
set F[288] := 20 19
              19 27
              27 26
              26 22
              22 21
              21 17
              17 45
              ;
set F[289] := 20 19
              19 27
              27 26
              26 22
              22 25
              25 18
              18 46
              ;
set F[290] := 20 19
              19 47
              ;
set F[291] := 20 19
              19 27
              27 26
              26 22
              22 21
              21 49
              ;
set F[292] := 20 19
              19 27
              27 26
              26 22
              22 50
              ;
set F[293] := 20 19
              19 27
              27 26
              26 22
              22 23
              23 51
              ;
set F[294] := 20 19
              19 27
              27 26
              26 22
              22 25
              25 53
              ;
set F[295] := 20 19
              19 27
              27 26
              26 54
              ;
set F[296] := 20 19
              19 27
              27 55
              ;
set F[297] := 21 1
              1 29
              ;
set F[298] := 21 2
              2 30
              ;
set F[299] := 21 22
              22 4
              4 3
              3 31
              ;
set F[300] := 21 22
              22 4
              4 32
              ;
set F[301] := 21 22
              22 5
              5 33
              ;
set F[302] := 21 22
              22 6
              6 34
              ;
set F[303] := 21 22
              22 4
              4 7
              7 35
              ;
set F[304] := 21 22
              22 24
              24 8
              8 36
              ;
set F[305] := 21 22
              22 9
              9 37
              ;
set F[306] := 21 22
              22 10
              10 38
              ;
set F[307] := 21 22
              22 4
              4 12
              12 40
              ;
set F[308] := 21 22
              22 24
              24 14
              14 42
              ;
set F[309] := 21 17
              17 16
              16 15
              15 43
              ;
set F[310] := 21 17
              17 16
              16 44
              ;
set F[311] := 21 17
              17 45
              ;
set F[312] := 21 22
              22 25
              25 18
              18 46
              ;
set F[313] := 21 22
              22 26
              26 27
              27 19
              19 47
              ;
set F[314] := 21 22
              22 26
              26 27
              27 19
              19 20
              20 48
              ;
set F[315] := 21 22
              22 50
              ;
set F[316] := 21 22
              22 23
              23 51
              ;
set F[317] := 21 22
              22 24
              24 52
              ;
set F[318] := 21 22
              22 25
              25 53
              ;
set F[319] := 21 22
              22 26
              26 54
              ;
set F[320] := 21 22
              22 26
              26 27
              27 55
              ;
set F[321] := 21 22
              22 4
              4 3
              3 28
              28 56
              ;
set F[322] := 22 21
              21 1
              1 29
              ;
set F[323] := 22 21
              21 2
              2 30
              ;
set F[324] := 22 4
              4 3
              3 31
              ;
set F[325] := 22 4
              4 32
              ;
set F[326] := 22 5
              5 33
              ;
set F[327] := 22 6
              6 34
              ;
set F[328] := 22 4
              4 7
              7 35
              ;
set F[329] := 22 24
              24 8
              8 36
              ;
set F[330] := 22 9
              9 37
              ;
set F[331] := 22 10
              10 38
              ;
set F[332] := 22 4
              4 12
              12 40
              ;
set F[333] := 22 24
              24 14
              14 42
              ;
set F[334] := 22 21
              21 17
              17 16
              16 15
              15 43
              ;
set F[335] := 22 21
              21 17
              17 16
              16 44
              ;
set F[336] := 22 21
              21 17
              17 45
              ;
set F[337] := 22 25
              25 18
              18 46
              ;
set F[338] := 22 26
              26 27
              27 19
              19 47
              ;
set F[339] := 22 26
              26 27
              27 19
              19 20
              20 48
              ;
set F[340] := 22 21
              21 49
              ;
set F[341] := 22 23
              23 51
              ;
set F[342] := 22 24
              24 52
              ;
set F[343] := 22 25
              25 53
              ;
set F[344] := 22 26
              26 54
              ;
set F[345] := 22 26
              26 27
              27 55
              ;
set F[346] := 22 4
              4 3
              3 28
              28 56
              ;
set F[347] := 23 22
              22 21
              21 1
              1 29
              ;
set F[348] := 23 22
              22 21
              21 2
              2 30
              ;
set F[349] := 23 22
              22 4
              4 32
              ;
set F[350] := 23 22
              22 4
              4 12
              12 40
              ;
set F[351] := 23 22
              22 21
              21 17
              17 16
              16 15
              15 43
              ;
set F[352] := 23 22
              22 21
              21 17
              17 16
              16 44
              ;
set F[353] := 23 22
              22 21
              21 17
              17 45
              ;
set F[354] := 23 22
              22 25
              25 18
              18 46
              ;
set F[355] := 23 22
              22 21
              21 49
              ;
set F[356] := 23 22
              22 50
              ;
set F[357] := 23 22
              22 25
              25 53
              ;
set F[358] := 23 22
              22 26
              26 54
              ;
set F[359] := 24 22
              22 21
              21 1
              1 29
              ;
set F[360] := 24 22
              22 21
              21 2
              2 30
              ;
set F[361] := 24 22
              22 4
              4 32
              ;
set F[362] := 24 22
              22 4
              4 12
              12 40
              ;
set F[363] := 24 22
              22 21
              21 17
              17 16
              16 15
              15 43
              ;
set F[364] := 24 22
              22 21
              21 17
              17 16
              16 44
              ;
set F[365] := 24 22
              22 21
              21 17
              17 45
              ;
set F[366] := 24 22
              22 25
              25 18
              18 46
              ;
set F[367] := 24 22
              22 26
              26 27
              27 19
              19 20
              20 48
              ;
set F[368] := 24 22
              22 21
              21 49
              ;
set F[369] := 24 22
              22 50
              ;
set F[370] := 24 22
              22 23
              23 51
              ;
set F[371] := 24 22
              22 25
              25 53
              ;
set F[372] := 24 22
              22 26
              26 54
              ;
set F[373] := 24 22
              22 26
              26 27
              27 55
              ;
set F[374] := 25 22
              22 21
              21 1
              1 29
              ;
set F[375] := 25 22
              22 21
              21 2
              2 30
              ;
set F[376] := 25 22
              22 4
              4 3
              3 31
              ;
set F[377] := 25 22
              22 4
              4 32
              ;
set F[378] := 25 22
              22 5
              5 33
              ;
set F[379] := 25 22
              22 6
              6 34
              ;
set F[380] := 25 22
              22 4
              4 7
              7 35
              ;
set F[381] := 25 22
              22 24
              24 8
              8 36
              ;
set F[382] := 25 22
              22 9
              9 37
              ;
set F[383] := 25 22
              22 10
              10 38
              ;
set F[384] := 25 22
              22 4
              4 12
              12 40
              ;
set F[385] := 25 22
              22 24
              24 14
              14 42
              ;
set F[386] := 25 22
              22 21
              21 17
              17 16
              16 15
              15 43
              ;
set F[387] := 25 22
              22 21
              21 17
              17 16
              16 44
              ;
set F[388] := 25 22
              22 21
              21 17
              17 45
              ;
set F[389] := 25 18
              18 46
              ;
set F[390] := 25 22
              22 26
              26 27
              27 19
              19 47
              ;
set F[391] := 25 22
              22 26
              26 27
              27 19
              19 20
              20 48
              ;
set F[392] := 25 22
              22 21
              21 49
              ;
set F[393] := 25 22
              22 50
              ;
set F[394] := 25 22
              22 23
              23 51
              ;
set F[395] := 25 22
              22 24
              24 52
              ;
set F[396] := 25 22
              22 26
              26 54
              ;
set F[397] := 25 22
              22 26
              26 27
              27 55
              ;
set F[398] := 25 22
              22 4
              4 3
              3 28
              28 56
              ;
set F[399] := 26 22
              22 21
              21 1
              1 29
              ;
set F[400] := 26 22
              22 21
              21 2
              2 30
              ;
set F[401] := 26 22
              22 4
              4 32
              ;
set F[402] := 26 22
              22 4
              4 12
              12 40
              ;
set F[403] := 26 22
              22 21
              21 17
              17 16
              16 15
              15 43
              ;
set F[404] := 26 22
              22 21
              21 17
              17 16
              16 44
              ;
set F[405] := 26 22
              22 21
              21 17
              17 45
              ;
set F[406] := 26 22
              22 25
              25 18
              18 46
              ;
set F[407] := 26 27
              27 19
              19 20
              20 48
              ;
set F[408] := 26 22
              22 21
              21 49
              ;
set F[409] := 26 22
              22 50
              ;
set F[410] := 26 22
              22 25
              25 53
              ;
set F[411] := 26 27
              27 55
              ;
set F[412] := 27 26
              26 22
              22 21
              21 1
              1 29
              ;
set F[413] := 27 26
              26 22
              22 21
              21 2
              2 30
              ;
set F[414] := 27 28
              28 3
              3 31
              ;
set F[415] := 27 26
              26 22
              22 4
              4 32
              ;
set F[416] := 27 26
              26 22
              22 6
              6 34
              ;
set F[417] := 27 26
              26 22
              22 4
              4 7
              7 35
              ;
set F[418] := 27 26
              26 22
              22 24
              24 8
              8 36
              ;
set F[419] := 27 26
              26 22
              22 9
              9 37
              ;
set F[420] := 27 26
              26 22
              22 4
              4 12
              12 40
              ;
set F[421] := 27 26
              26 22
              22 21
              21 17
              17 16
              16 15
              15 43
              ;
set F[422] := 27 26
              26 22
              22 21
              21 17
              17 16
              16 44
              ;
set F[423] := 27 26
              26 22
              22 21
              21 17
              17 45
              ;
set F[424] := 27 26
              26 22
              22 25
              25 18
              18 46
              ;
set F[425] := 27 19
              19 47
              ;
set F[426] := 27 19
              19 20
              20 48
              ;
set F[427] := 27 26
              26 22
              22 21
              21 49
              ;
set F[428] := 27 26
              26 22
              22 50
              ;
set F[429] := 27 26
              26 22
              22 23
              23 51
              ;
set F[430] := 27 26
              26 22
              22 24
              24 52
              ;
set F[431] := 27 26
              26 22
              22 25
              25 53
              ;
set F[432] := 27 26
              26 54
              ;
set F[433] := 28 3
              3 4
              4 22
              22 21
              21 1
              1 29
              ;
set F[434] := 28 3
              3 4
              4 22
              22 21
              21 2
              2 30
              ;
set F[435] := 28 3
              3 31
              ;
set F[436] := 28 3
              3 4
              4 32
              ;
set F[437] := 28 3
              3 4
              4 22
              22 6
              6 34
              ;
set F[438] := 28 3
              3 4
              4 7
              7 35
              ;
set F[439] := 28 3
              3 4
              4 22
              22 24
              24 8
              8 36
              ;
set F[440] := 28 3
              3 4
              4 22
              22 9
              9 37
              ;
set F[441] := 28 3
              3 4
              4 12
              12 40
              ;
set F[442] := 28 3
              3 4
              4 22
              22 21
              21 17
              17 16
              16 15
              15 43
              ;
set F[443] := 28 3
              3 4
              4 22
              22 21
              21 17
              17 16
              16 44
              ;
set F[444] := 28 3
              3 4
              4 22
              22 21
              21 17
              17 45
              ;
set F[445] := 28 3
              3 4
              4 22
              22 25
              25 18
              18 46
              ;
set F[446] := 28 27
              27 19
              19 47
              ;
set F[447] := 28 27
              27 19
              19 20
              20 48
              ;
set F[448] := 28 3
              3 4
              4 22
              22 21
              21 49
              ;
set F[449] := 28 3
              3 4
              4 22
              22 50
              ;
set F[450] := 28 3
              3 4
              4 22
              22 23
              23 51
              ;
set F[451] := 28 3
              3 4
              4 22
              22 24
              24 52
              ;
set F[452] := 28 3
              3 4
              4 22
              22 25
              25 53
              ;
set F[453] := 28 27
              27 26
              26 54
              ;
set F[454] := 28 27
              27 55
              ;
set Last[1] := 2 30;
set Last[2] := 3 31;
set Last[3] := 4 32;
set Last[4] := 6 34;
set Last[5] := 7 35;
set Last[6] := 8 36;
set Last[7] := 9 37;
set Last[8] := 10 38;
set Last[9] := 12 40;
set Last[10] := 14 42;
set Last[11] := 15 43;
set Last[12] := 16 44;
set Last[13] := 17 45;
set Last[14] := 18 46;
set Last[15] := 19 47;
set Last[16] := 20 48;
set Last[17] := 21 49;
set Last[18] := 22 50;
set Last[19] := 23 51;
set Last[20] := 24 52;
set Last[21] := 25 53;
set Last[22] := 26 54;
set Last[23] := 27 55;
set Last[24] := 1 29;
set Last[25] := 3 31;
set Last[26] := 4 32;
set Last[27] := 6 34;
set Last[28] := 7 35;
set Last[29] := 8 36;
set Last[30] := 9 37;
set Last[31] := 10 38;
set Last[32] := 12 40;
set Last[33] := 14 42;
set Last[34] := 15 43;
set Last[35] := 16 44;
set Last[36] := 17 45;
set Last[37] := 18 46;
set Last[38] := 19 47;
set Last[39] := 20 48;
set Last[40] := 21 49;
set Last[41] := 22 50;
set Last[42] := 23 51;
set Last[43] := 24 52;
set Last[44] := 25 53;
set Last[45] := 26 54;
set Last[46] := 27 55;
set Last[47] := 1 29;
set Last[48] := 2 30;
set Last[49] := 4 32;
set Last[50] := 12 40;
set Last[51] := 15 43;
set Last[52] := 16 44;
set Last[53] := 17 45;
set Last[54] := 18 46;
set Last[55] := 21 49;
set Last[56] := 22 50;
set Last[57] := 25 53;
set Last[58] := 26 54;
set Last[59] := 27 55;
set Last[60] := 1 29;
set Last[61] := 2 30;
set Last[62] := 3 31;
set Last[63] := 5 33;
set Last[64] := 6 34;
set Last[65] := 7 35;
set Last[66] := 8 36;
set Last[67] := 9 37;
set Last[68] := 10 38;
set Last[69] := 12 40;
set Last[70] := 14 42;
set Last[71] := 15 43;
set Last[72] := 16 44;
set Last[73] := 17 45;
set Last[74] := 18 46;
set Last[75] := 19 47;
set Last[76] := 20 48;
set Last[77] := 21 49;
set Last[78] := 22 50;
set Last[79] := 23 51;
set Last[80] := 24 52;
set Last[81] := 25 53;
set Last[82] := 26 54;
set Last[83] := 27 55;
set Last[84] := 28 56;
set Last[85] := 21 49;
set Last[86] := 22 50;
set Last[87] := 1 29;
set Last[88] := 2 30;
set Last[89] := 4 32;
set Last[90] := 12 40;
set Last[91] := 15 43;
set Last[92] := 16 44;
set Last[93] := 17 45;
set Last[94] := 18 46;
set Last[95] := 21 49;
set Last[96] := 22 50;
set Last[97] := 25 53;
set Last[98] := 26 54;
set Last[99] := 21 49;
set Last[100] := 2 30;
set Last[101] := 4 32;
set Last[102] := 12 40;
set Last[103] := 16 44;
set Last[104] := 17 45;
set Last[105] := 18 46;
set Last[106] := 21 49;
set Last[107] := 22 50;
set Last[108] := 25 53;
set Last[109] := 1 29;
set Last[110] := 2 30;
set Last[111] := 4 32;
set Last[112] := 12 40;
set Last[113] := 15 43;
set Last[114] := 16 44;
set Last[115] := 17 45;
set Last[116] := 18 46;
set Last[117] := 21 49;
set Last[118] := 22 50;
set Last[119] := 25 53;
set Last[120] := 26 54;
set Last[121] := 4 32;
set Last[122] := 12 40;
set Last[123] := 17 45;
set Last[124] := 21 49;
set Last[125] := 22 50;
set Last[126] := 25 53;
set Last[127] := 1 29;
set Last[128] := 2 30;
set Last[129] := 4 32;
set Last[130] := 12 40;
set Last[131] := 16 44;
set Last[132] := 17 45;
set Last[133] := 18 46;
set Last[134] := 21 49;
set Last[135] := 22 50;
set Last[136] := 25 53;
set Last[137] := 1 29;
set Last[138] := 2 30;
set Last[139] := 3 31;
set Last[140] := 4 32;
set Last[141] := 6 34;
set Last[142] := 7 35;
set Last[143] := 8 36;
set Last[144] := 9 37;
set Last[145] := 10 38;
set Last[146] := 14 42;
set Last[147] := 15 43;
set Last[148] := 16 44;
set Last[149] := 17 45;
set Last[150] := 18 46;
set Last[151] := 19 47;
set Last[152] := 20 48;
set Last[153] := 21 49;
set Last[154] := 22 50;
set Last[155] := 23 51;
set Last[156] := 24 52;
set Last[157] := 25 53;
set Last[158] := 26 54;
set Last[159] := 27 55;
set Last[160] := 1 29;
set Last[161] := 2 30;
set Last[162] := 4 32;
set Last[163] := 12 40;
set Last[164] := 15 43;
set Last[165] := 16 44;
set Last[166] := 17 45;
set Last[167] := 18 46;
set Last[168] := 21 49;
set Last[169] := 22 50;
set Last[170] := 25 53;
set Last[171] := 26 54;
set Last[172] := 4 32;
set Last[173] := 12 40;
set Last[174] := 21 49;
set Last[175] := 22 50;
set Last[176] := 25 53;
set Last[177] := 1 29;
set Last[178] := 2 30;
set Last[179] := 3 31;
set Last[180] := 4 32;
set Last[181] := 6 34;
set Last[182] := 7 35;
set Last[183] := 9 37;
set Last[184] := 12 40;
set Last[185] := 16 44;
set Last[186] := 17 45;
set Last[187] := 18 46;
set Last[188] := 19 47;
set Last[189] := 20 48;
set Last[190] := 21 49;
set Last[191] := 22 50;
set Last[192] := 23 51;
set Last[193] := 24 52;
set Last[194] := 25 53;
set Last[195] := 26 54;
set Last[196] := 27 55;
set Last[197] := 1 29;
set Last[198] := 2 30;
set Last[199] := 3 31;
set Last[200] := 4 32;
set Last[201] := 6 34;
set Last[202] := 7 35;
set Last[203] := 8 36;
set Last[204] := 9 37;
set Last[205] := 10 38;
set Last[206] := 12 40;
set Last[207] := 15 43;
set Last[208] := 17 45;
set Last[209] := 18 46;
set Last[210] := 19 47;
set Last[211] := 20 48;
set Last[212] := 21 49;
set Last[213] := 22 50;
set Last[214] := 23 51;
set Last[215] := 24 52;
set Last[216] := 25 53;
set Last[217] := 26 54;
set Last[218] := 27 55;
set Last[219] := 1 29;
set Last[220] := 2 30;
set Last[221] := 3 31;
set Last[222] := 4 32;
set Last[223] := 5 33;
set Last[224] := 6 34;
set Last[225] := 7 35;
set Last[226] := 8 36;
set Last[227] := 9 37;
set Last[228] := 10 38;
set Last[229] := 12 40;
set Last[230] := 14 42;
set Last[231] := 15 43;
set Last[232] := 16 44;
set Last[233] := 18 46;
set Last[234] := 19 47;
set Last[235] := 20 48;
set Last[236] := 21 49;
set Last[237] := 22 50;
set Last[238] := 23 51;
set Last[239] := 24 52;
set Last[240] := 25 53;
set Last[241] := 26 54;
set Last[242] := 27 55;
set Last[243] := 28 56;
set Last[244] := 1 29;
set Last[245] := 2 30;
set Last[246] := 3 31;
set Last[247] := 4 32;
set Last[248] := 6 34;
set Last[249] := 7 35;
set Last[250] := 8 36;
set Last[251] := 9 37;
set Last[252] := 10 38;
set Last[253] := 12 40;
set Last[254] := 14 42;
set Last[255] := 15 43;
set Last[256] := 16 44;
set Last[257] := 17 45;
set Last[258] := 19 47;
set Last[259] := 20 48;
set Last[260] := 21 49;
set Last[261] := 22 50;
set Last[262] := 23 51;
set Last[263] := 24 52;
set Last[264] := 25 53;
set Last[265] := 26 54;
set Last[266] := 27 55;
set Last[267] := 1 29;
set Last[268] := 2 30;
set Last[269] := 4 32;
set Last[270] := 12 40;
set Last[271] := 15 43;
set Last[272] := 16 44;
set Last[273] := 17 45;
set Last[274] := 18 46;
set Last[275] := 20 48;
set Last[276] := 21 49;
set Last[277] := 22 50;
set Last[278] := 25 53;
set Last[279] := 26 54;
set Last[280] := 27 55;
set Last[281] := 1 29;
set Last[282] := 2 30;
set Last[283] := 3 31;
set Last[284] := 4 32;
set Last[285] := 12 40;
set Last[286] := 15 43;
set Last[287] := 16 44;
set Last[288] := 17 45;
set Last[289] := 18 46;
set Last[290] := 19 47;
set Last[291] := 21 49;
set Last[292] := 22 50;
set Last[293] := 23 51;
set Last[294] := 25 53;
set Last[295] := 26 54;
set Last[296] := 27 55;
set Last[297] := 1 29;
set Last[298] := 2 30;
set Last[299] := 3 31;
set Last[300] := 4 32;
set Last[301] := 5 33;
set Last[302] := 6 34;
set Last[303] := 7 35;
set Last[304] := 8 36;
set Last[305] := 9 37;
set Last[306] := 10 38;
set Last[307] := 12 40;
set Last[308] := 14 42;
set Last[309] := 15 43;
set Last[310] := 16 44;
set Last[311] := 17 45;
set Last[312] := 18 46;
set Last[313] := 19 47;
set Last[314] := 20 48;
set Last[315] := 22 50;
set Last[316] := 23 51;
set Last[317] := 24 52;
set Last[318] := 25 53;
set Last[319] := 26 54;
set Last[320] := 27 55;
set Last[321] := 28 56;
set Last[322] := 1 29;
set Last[323] := 2 30;
set Last[324] := 3 31;
set Last[325] := 4 32;
set Last[326] := 5 33;
set Last[327] := 6 34;
set Last[328] := 7 35;
set Last[329] := 8 36;
set Last[330] := 9 37;
set Last[331] := 10 38;
set Last[332] := 12 40;
set Last[333] := 14 42;
set Last[334] := 15 43;
set Last[335] := 16 44;
set Last[336] := 17 45;
set Last[337] := 18 46;
set Last[338] := 19 47;
set Last[339] := 20 48;
set Last[340] := 21 49;
set Last[341] := 23 51;
set Last[342] := 24 52;
set Last[343] := 25 53;
set Last[344] := 26 54;
set Last[345] := 27 55;
set Last[346] := 28 56;
set Last[347] := 1 29;
set Last[348] := 2 30;
set Last[349] := 4 32;
set Last[350] := 12 40;
set Last[351] := 15 43;
set Last[352] := 16 44;
set Last[353] := 17 45;
set Last[354] := 18 46;
set Last[355] := 21 49;
set Last[356] := 22 50;
set Last[357] := 25 53;
set Last[358] := 26 54;
set Last[359] := 1 29;
set Last[360] := 2 30;
set Last[361] := 4 32;
set Last[362] := 12 40;
set Last[363] := 15 43;
set Last[364] := 16 44;
set Last[365] := 17 45;
set Last[366] := 18 46;
set Last[367] := 20 48;
set Last[368] := 21 49;
set Last[369] := 22 50;
set Last[370] := 23 51;
set Last[371] := 25 53;
set Last[372] := 26 54;
set Last[373] := 27 55;
set Last[374] := 1 29;
set Last[375] := 2 30;
set Last[376] := 3 31;
set Last[377] := 4 32;
set Last[378] := 5 33;
set Last[379] := 6 34;
set Last[380] := 7 35;
set Last[381] := 8 36;
set Last[382] := 9 37;
set Last[383] := 10 38;
set Last[384] := 12 40;
set Last[385] := 14 42;
set Last[386] := 15 43;
set Last[387] := 16 44;
set Last[388] := 17 45;
set Last[389] := 18 46;
set Last[390] := 19 47;
set Last[391] := 20 48;
set Last[392] := 21 49;
set Last[393] := 22 50;
set Last[394] := 23 51;
set Last[395] := 24 52;
set Last[396] := 26 54;
set Last[397] := 27 55;
set Last[398] := 28 56;
set Last[399] := 1 29;
set Last[400] := 2 30;
set Last[401] := 4 32;
set Last[402] := 12 40;
set Last[403] := 15 43;
set Last[404] := 16 44;
set Last[405] := 17 45;
set Last[406] := 18 46;
set Last[407] := 20 48;
set Last[408] := 21 49;
set Last[409] := 22 50;
set Last[410] := 25 53;
set Last[411] := 27 55;
set Last[412] := 1 29;
set Last[413] := 2 30;
set Last[414] := 3 31;
set Last[415] := 4 32;
set Last[416] := 6 34;
set Last[417] := 7 35;
set Last[418] := 8 36;
set Last[419] := 9 37;
set Last[420] := 12 40;
set Last[421] := 15 43;
set Last[422] := 16 44;
set Last[423] := 17 45;
set Last[424] := 18 46;
set Last[425] := 19 47;
set Last[426] := 20 48;
set Last[427] := 21 49;
set Last[428] := 22 50;
set Last[429] := 23 51;
set Last[430] := 24 52;
set Last[431] := 25 53;
set Last[432] := 26 54;
set Last[433] := 1 29;
set Last[434] := 2 30;
set Last[435] := 3 31;
set Last[436] := 4 32;
set Last[437] := 6 34;
set Last[438] := 7 35;
set Last[439] := 8 36;
set Last[440] := 9 37;
set Last[441] := 12 40;
set Last[442] := 15 43;
set Last[443] := 16 44;
set Last[444] := 17 45;
set Last[445] := 18 46;
set Last[446] := 19 47;
set Last[447] := 20 48;
set Last[448] := 21 49;
set Last[449] := 22 50;
set Last[450] := 23 51;
set Last[451] := 24 52;
set Last[452] := 25 53;
set Last[453] := 26 54;
set Last[454] := 27 55;

param q := 5;

end;
