data;

set V := 1 2 3 4 5 6 7 8 9 10 11 12 13 14 15 16 17 19 20 21 24 25 26 27 28 29 30 31 32;

set A := 1 5
         1 16
         1 17
         2 5
         3 19
         4 3
         4 8
         4 16
         4 20
         5 1
         5 21
         6 5
         7 15
         7 16
         8 4
         8 24
         9 12
         9 14
         9 15
         9 25
         10 11
         10 26
         11 10
         11 14
         11 27
         12 9
         12 28
         13 29
         14 9
         14 11
         14 13
         14 30
         15 7
         15 9
         15 31
         16 1
         16 4
         16 7
         16 32
         ;

set S := 1 2 3 4 5 6 7 8 9 10 11 12 13 14 15 16 17 18 19 20 21 22 23 24 25 26 27 28 29 30 31 32 33 34 35 36 37 38 39 40 41 42 43 44 45 46 47 48 49 50 51 52 53 54 55 56 57 58 59 60 61 62 63 64 65 66 67 68 69 70 71 72 73 74 75 76 77 78 79 80 81 82 83 84 85 86 87 88 89 90 91 92 93 94 95 96;

set F[1] := 1 16
            16 4
            4 3
            3 19
            ;
set F[2] := 1 16
            16 4
            4 20
            ;
set F[3] := 1 5
            5 21
            ;
set F[4] := 1 16
            16 4
            4 8
            8 24
            ;
set F[5] := 1 16
            16 7
            7 15
            15 9
            9 25
            ;
set F[6] := 1 16
            16 7
            7 15
            15 9
            9 14
            14 11
            11 10
            10 26
            ;
set F[7] := 1 16
            16 7
            7 15
            15 9
            9 14
            14 11
            11 27
            ;
set F[8] := 1 16
            16 7
            7 15
            15 9
            9 12
            12 28
            ;
set F[9] := 1 16
            16 7
            7 15
            15 9
            9 14
            14 13
            13 29
            ;
set F[10] := 1 16
             16 7
             7 15
             15 9
             9 14
             14 30
             ;
set F[11] := 1 16
             16 7
             7 15
             15 31
             ;
set F[12] := 2 5
             5 1
             1 16
             16 4
             4 20
             ;
set F[13] := 2 5
             5 21
             ;
set F[14] := 2 5
             5 1
             1 16
             16 7
             7 15
             15 9
             9 25
             ;
set F[15] := 2 5
             5 1
             1 16
             16 7
             7 15
             15 9
             9 14
             14 11
             11 27
             ;
set F[16] := 2 5
             5 1
             1 16
             16 7
             7 15
             15 9
             9 14
             14 30
             ;
set F[17] := 4 16
             16 1
             1 17
             ;
set F[18] := 4 3
             3 19
             ;
set F[19] := 4 16
             16 1
             1 5
             5 21
             ;
set F[20] := 4 8
             8 24
             ;
set F[21] := 4 16
             16 7
             7 15
             15 9
             9 25
             ;
set F[22] := 4 16
             16 7
             7 15
             15 9
             9 14
             14 11
             11 27
             ;
set F[23] := 4 16
             16 7
             7 15
             15 9
             9 12
             12 28
             ;
set F[24] := 4 16
             16 7
             7 15
             15 9
             9 14
             14 13
             13 29
             ;
set F[25] := 4 16
             16 7
             7 15
             15 9
             9 14
             14 30
             ;
set F[26] := 4 16
             16 7
             7 15
             15 31
             ;
set F[27] := 5 1
             1 16
             16 4
             4 3
             3 19
             ;
set F[28] := 5 1
             1 16
             16 4
             4 20
             ;
set F[29] := 5 1
             1 16
             16 4
             4 8
             8 24
             ;
set F[30] := 5 1
             1 16
             16 7
             7 15
             15 9
             9 25
             ;
set F[31] := 5 1
             1 16
             16 7
             7 15
             15 9
             9 14
             14 11
             11 27
             ;
set F[32] := 5 1
             1 16
             16 7
             7 15
             15 9
             9 12
             12 28
             ;
set F[33] := 5 1
             1 16
             16 7
             7 15
             15 9
             9 14
             14 13
             13 29
             ;
set F[34] := 5 1
             1 16
             16 7
             7 15
             15 9
             9 14
             14 30
             ;
set F[35] := 5 1
             1 16
             16 7
             7 15
             15 31
             ;
set F[36] := 6 5
             5 1
             1 16
             16 4
             4 20
             ;
set F[37] := 6 5
             5 21
             ;
set F[38] := 6 5
             5 1
             1 16
             16 7
             7 15
             15 9
             9 25
             ;
set F[39] := 6 5
             5 1
             1 16
             16 7
             7 15
             15 9
             9 14
             14 11
             11 27
             ;
set F[40] := 6 5
             5 1
             1 16
             16 7
             7 15
             15 9
             9 14
             14 30
             ;
set F[41] := 6 5
             5 1
             1 16
             16 7
             7 15
             15 31
             ;
set F[42] := 8 4
             4 3
             3 19
             ;
set F[43] := 8 4
             4 20
             ;
set F[44] := 8 4
             4 16
             16 1
             1 5
             5 21
             ;
set F[45] := 8 4
             4 16
             16 7
             7 15
             15 9
             9 25
             ;
set F[46] := 8 4
             4 16
             16 7
             7 15
             15 9
             9 14
             14 11
             11 27
             ;
set F[47] := 8 4
             4 16
             16 7
             7 15
             15 9
             9 12
             12 28
             ;
set F[48] := 8 4
             4 16
             16 7
             7 15
             15 9
             9 14
             14 13
             13 29
             ;
set F[49] := 8 4
             4 16
             16 7
             7 15
             15 9
             9 14
             14 30
             ;
set F[50] := 8 4
             4 16
             16 7
             7 15
             15 31
             ;
set F[51] := 9 15
             15 7
             7 16
             16 4
             4 20
             ;
set F[52] := 9 15
             15 7
             7 16
             16 1
             1 5
             5 21
             ;
set F[53] := 9 14
             14 11
             11 27
             ;
set F[54] := 9 14
             14 30
             ;
set F[55] := 10 11
             11 14
             14 9
             9 15
             15 7
             7 16
             16 4
             4 20
             ;
set F[56] := 10 11
             11 14
             14 9
             9 15
             15 7
             7 16
             16 1
             1 5
             5 21
             ;
set F[57] := 10 11
             11 14
             14 9
             9 25
             ;
set F[58] := 10 11
             11 27
             ;
set F[59] := 10 11
             11 14
             14 30
             ;
set F[60] := 12 9
             9 15
             15 7
             7 16
             16 4
             4 20
             ;
set F[61] := 12 9
             9 15
             15 7
             7 16
             16 1
             1 5
             5 21
             ;
set F[62] := 12 9
             9 14
             14 11
             11 27
             ;
set F[63] := 12 9
             9 14
             14 30
             ;
set F[64] := 14 9
             9 15
             15 7
             7 16
             16 1
             1 17
             ;
set F[65] := 14 9
             9 15
             15 7
             7 16
             16 4
             4 3
             3 19
             ;
set F[66] := 14 9
             9 15
             15 7
             7 16
             16 4
             4 20
             ;
set F[67] := 14 9
             9 15
             15 7
             7 16
             16 1
             1 5
             5 21
             ;
set F[68] := 14 9
             9 15
             15 7
             7 16
             16 4
             4 8
             8 24
             ;
set F[69] := 14 9
             9 25
             ;
set F[70] := 14 11
             11 10
             10 26
             ;
set F[71] := 14 11
             11 27
             ;
set F[72] := 14 9
             9 12
             12 28
             ;
set F[73] := 14 13
             13 29
             ;
set F[74] := 14 9
             9 15
             15 31
             ;
set F[75] := 14 9
             9 15
             15 7
             7 16
             16 32
             ;
set F[76] := 15 7
             7 16
             16 4
             4 3
             3 19
             ;
set F[77] := 15 7
             7 16
             16 4
             4 20
             ;
set F[78] := 15 7
             7 16
             16 1
             1 5
             5 21
             ;
set F[79] := 15 7
             7 16
             16 4
             4 8
             8 24
             ;
set F[80] := 15 9
             9 25
             ;
set F[81] := 15 9
             9 14
             14 11
             11 27
             ;
set F[82] := 15 9
             9 12
             12 28
             ;
set F[83] := 15 9
             9 14
             14 13
             13 29
             ;
set F[84] := 15 9
             9 14
             14 30
             ;
set F[85] := 16 1
             1 17
             ;
set F[86] := 16 4
             4 3
             3 19
             ;
set F[87] := 16 4
             4 20
             ;
set F[88] := 16 1
             1 5
             5 21
             ;
set F[89] := 16 4
             4 8
             8 24
             ;
set F[90] := 16 7
             7 15
             15 9
             9 25
             ;
set F[91] := 16 7
             7 15
             15 9
             9 14
             14 11
             11 10
             10 26
             ;
set F[92] := 16 7
             7 15
             15 9
             9 14
             14 11
             11 27
             ;
set F[93] := 16 7
             7 15
             15 9
             9 12
             12 28
             ;
set F[94] := 16 7
             7 15
             15 9
             9 14
             14 13
             13 29
             ;
set F[95] := 16 7
             7 15
             15 9
             9 14
             14 30
             ;
set F[96] := 16 7
             7 15
             15 31
             ;
set Last[1] := 3 19;
set Last[2] := 4 20;
set Last[3] := 5 21;
set Last[4] := 8 24;
set Last[5] := 9 25;
set Last[6] := 10 26;
set Last[7] := 11 27;
set Last[8] := 12 28;
set Last[9] := 13 29;
set Last[10] := 14 30;
set Last[11] := 15 31;
set Last[12] := 4 20;
set Last[13] := 5 21;
set Last[14] := 9 25;
set Last[15] := 11 27;
set Last[16] := 14 30;
set Last[17] := 1 17;
set Last[18] := 3 19;
set Last[19] := 5 21;
set Last[20] := 8 24;
set Last[21] := 9 25;
set Last[22] := 11 27;
set Last[23] := 12 28;
set Last[24] := 13 29;
set Last[25] := 14 30;
set Last[26] := 15 31;
set Last[27] := 3 19;
set Last[28] := 4 20;
set Last[29] := 8 24;
set Last[30] := 9 25;
set Last[31] := 11 27;
set Last[32] := 12 28;
set Last[33] := 13 29;
set Last[34] := 14 30;
set Last[35] := 15 31;
set Last[36] := 4 20;
set Last[37] := 5 21;
set Last[38] := 9 25;
set Last[39] := 11 27;
set Last[40] := 14 30;
set Last[41] := 15 31;
set Last[42] := 3 19;
set Last[43] := 4 20;
set Last[44] := 5 21;
set Last[45] := 9 25;
set Last[46] := 11 27;
set Last[47] := 12 28;
set Last[48] := 13 29;
set Last[49] := 14 30;
set Last[50] := 15 31;
set Last[51] := 4 20;
set Last[52] := 5 21;
set Last[53] := 11 27;
set Last[54] := 14 30;
set Last[55] := 4 20;
set Last[56] := 5 21;
set Last[57] := 9 25;
set Last[58] := 11 27;
set Last[59] := 14 30;
set Last[60] := 4 20;
set Last[61] := 5 21;
set Last[62] := 11 27;
set Last[63] := 14 30;
set Last[64] := 1 17;
set Last[65] := 3 19;
set Last[66] := 4 20;
set Last[67] := 5 21;
set Last[68] := 8 24;
set Last[69] := 9 25;
set Last[70] := 10 26;
set Last[71] := 11 27;
set Last[72] := 12 28;
set Last[73] := 13 29;
set Last[74] := 15 31;
set Last[75] := 16 32;
set Last[76] := 3 19;
set Last[77] := 4 20;
set Last[78] := 5 21;
set Last[79] := 8 24;
set Last[80] := 9 25;
set Last[81] := 11 27;
set Last[82] := 12 28;
set Last[83] := 13 29;
set Last[84] := 14 30;
set Last[85] := 1 17;
set Last[86] := 3 19;
set Last[87] := 4 20;
set Last[88] := 5 21;
set Last[89] := 8 24;
set Last[90] := 9 25;
set Last[91] := 10 26;
set Last[92] := 11 27;
set Last[93] := 12 28;
set Last[94] := 13 29;
set Last[95] := 14 30;
set Last[96] := 15 31;

param q := 5;

end;
