data;

set V := 1 2 3 4 5 6 7 8 9 10 11 12 13 14 15 16 17 18 21 22 23 24 25 26 27 28 29 30 31 32 33 34 35 37 38 39 41 42 43 44 45 46 47 48 53 54 55 56 57 58 59 60;

set A := 1 21
         1 31
         2 21
         2 32
         3 21
         3 33
         4 21
         4 34
         5 8
         5 21
         5 35
         6 9
         6 21
         7 21
         7 37
         8 5
         8 13
         8 38
         9 6
         9 13
         9 39
         10 21
         11 41
         12 13
         12 42
         13 8
         13 9
         13 12
         13 43
         14 21
         14 44
         15 45
         16 46
         17 47
         18 23
         18 48
         21 1
         21 2
         21 3
         21 4
         21 5
         21 6
         21 7
         21 11
         21 14
         21 15
         21 16
         21 17
         21 26
         21 27
         21 30
         22 21
         23 18
         23 24
         23 29
         23 53
         24 23
         24 25
         24 54
         25 24
         25 28
         25 55
         26 21
         26 56
         27 21
         27 28
         27 57
         28 25
         28 27
         28 58
         29 23
         29 30
         29 59
         30 21
         30 29
         30 60
         ;

set S := 1 2 3 4 5 6 7 8 9 10 11 12 13 14 15 16 17 18 19 20 21 22 23 24 25 26 27 28 29 30 31 32 33 34 35 36 37 38 39 40 41 42 43 44 45 46 47 48 49 50 51 52 53 54 55 56 57 58 59 60 61 62 63 64 65 66 67 68 69 70 71 72 73 74 75 76 77 78 79 80 81 82 83 84 85 86 87 88 89 90 91 92 93 94 95 96 97 98 99 100 101 102 103 104 105 106 107 108 109 110 111 112 113 114 115 116 117 118 119 120 121 122 123 124 125 126 127 128 129 130 131 132 133 134 135 136 137 138 139 140 141 142 143 144 145 146 147 148 149 150 151 152 153 154 155 156 157 158 159 160 161 162 163 164 165 166 167 168 169 170 171 172 173 174;

set F[1] := 1 21
            21 5
            5 8
            8 38
            ;
set F[2] := 1 21
            21 6
            6 9
            9 39
            ;
set F[3] := 1 21
            21 5
            5 8
            8 13
            13 43
            ;
set F[4] := 1 21
            21 30
            30 29
            29 23
            23 53
            ;
set F[5] := 1 21
            21 27
            27 28
            28 25
            25 24
            24 54
            ;
set F[6] := 1 21
            21 27
            27 28
            28 25
            25 55
            ;
set F[7] := 1 21
            21 27
            27 57
            ;
set F[8] := 1 21
            21 27
            27 28
            28 58
            ;
set F[9] := 1 21
            21 30
            30 29
            29 59
            ;
set F[10] := 2 21
             21 27
             27 57
             ;
set F[11] := 2 21
             21 30
             30 29
             29 59
             ;
set F[12] := 3 21
             21 27
             27 57
             ;
set F[13] := 3 21
             21 30
             30 29
             29 59
             ;
set F[14] := 4 21
             21 30
             30 29
             29 59
             ;
set F[15] := 5 21
             21 1
             1 31
             ;
set F[16] := 5 21
             21 3
             3 33
             ;
set F[17] := 5 21
             21 4
             4 34
             ;
set F[18] := 5 8
             8 38
             ;
set F[19] := 5 21
             21 6
             6 9
             9 39
             ;
set F[20] := 5 8
             8 13
             13 43
             ;
set F[21] := 5 21
             21 14
             14 44
             ;
set F[22] := 5 21
             21 15
             15 45
             ;
set F[23] := 5 21
             21 17
             17 47
             ;
set F[24] := 5 21
             21 30
             30 29
             29 23
             23 18
             18 48
             ;
set F[25] := 5 21
             21 30
             30 29
             29 23
             23 53
             ;
set F[26] := 5 21
             21 27
             27 28
             28 25
             25 24
             24 54
             ;
set F[27] := 5 21
             21 27
             27 28
             28 25
             25 55
             ;
set F[28] := 5 21
             21 27
             27 57
             ;
set F[29] := 5 21
             21 27
             27 28
             28 58
             ;
set F[30] := 5 21
             21 30
             30 29
             29 59
             ;
set F[31] := 5 21
             21 30
             30 60
             ;
set F[32] := 7 21
             21 27
             27 57
             ;
set F[33] := 7 21
             21 30
             30 29
             29 59
             ;
set F[34] := 8 13
             13 9
             9 39
             ;
set F[35] := 8 13
             13 43
             ;
set F[36] := 8 5
             5 21
             21 30
             30 29
             29 23
             23 53
             ;
set F[37] := 8 5
             5 21
             21 27
             27 28
             28 25
             25 24
             24 54
             ;
set F[38] := 8 5
             5 21
             21 27
             27 28
             28 25
             25 55
             ;
set F[39] := 8 5
             5 21
             21 27
             27 57
             ;
set F[40] := 8 5
             5 21
             21 27
             27 28
             28 58
             ;
set F[41] := 8 5
             5 21
             21 30
             30 29
             29 59
             ;
set F[42] := 9 13
             13 43
             ;
set F[43] := 9 6
             6 21
             21 30
             30 29
             29 23
             23 53
             ;
set F[44] := 9 6
             6 21
             21 27
             27 28
             28 25
             25 24
             24 54
             ;
set F[45] := 9 6
             6 21
             21 27
             27 57
             ;
set F[46] := 9 6
             6 21
             21 27
             27 28
             28 58
             ;
set F[47] := 9 6
             6 21
             21 30
             30 29
             29 59
             ;
set F[48] := 10 21
             21 5
             5 8
             8 38
             ;
set F[49] := 10 21
             21 6
             6 9
             9 39
             ;
set F[50] := 10 21
             21 5
             5 8
             8 13
             13 43
             ;
set F[51] := 10 21
             21 30
             30 29
             29 23
             23 53
             ;
set F[52] := 10 21
             21 27
             27 28
             28 25
             25 24
             24 54
             ;
set F[53] := 10 21
             21 27
             27 57
             ;
set F[54] := 10 21
             21 27
             27 28
             28 58
             ;
set F[55] := 10 21
             21 30
             30 29
             29 59
             ;
set F[56] := 12 13
             13 43
             ;
set F[57] := 12 13
             13 8
             8 5
             5 21
             21 30
             30 29
             29 23
             23 53
             ;
set F[58] := 12 13
             13 8
             8 5
             5 21
             21 27
             27 28
             28 25
             25 24
             24 54
             ;
set F[59] := 12 13
             13 8
             8 5
             5 21
             21 27
             27 57
             ;
set F[60] := 12 13
             13 8
             8 5
             5 21
             21 27
             27 28
             28 58
             ;
set F[61] := 12 13
             13 8
             8 5
             5 21
             21 30
             30 29
             29 59
             ;
set F[62] := 13 8
             8 38
             ;
set F[63] := 13 9
             9 39
             ;
set F[64] := 13 8
             8 5
             5 21
             21 30
             30 29
             29 23
             23 53
             ;
set F[65] := 13 8
             8 5
             5 21
             21 27
             27 28
             28 25
             25 24
             24 54
             ;
set F[66] := 13 8
             8 5
             5 21
             21 27
             27 28
             28 25
             25 55
             ;
set F[67] := 13 8
             8 5
             5 21
             21 27
             27 57
             ;
set F[68] := 13 8
             8 5
             5 21
             21 27
             27 28
             28 58
             ;
set F[69] := 13 8
             8 5
             5 21
             21 30
             30 29
             29 59
             ;
set F[70] := 14 21
             21 5
             5 8
             8 38
             ;
set F[71] := 14 21
             21 6
             6 9
             9 39
             ;
set F[72] := 14 21
             21 5
             5 8
             8 13
             13 43
             ;
set F[73] := 14 21
             21 30
             30 29
             29 23
             23 53
             ;
set F[74] := 14 21
             21 27
             27 28
             28 25
             25 24
             24 54
             ;
set F[75] := 14 21
             21 27
             27 28
             28 25
             25 55
             ;
set F[76] := 14 21
             21 27
             27 57
             ;
set F[77] := 14 21
             21 27
             27 28
             28 58
             ;
set F[78] := 14 21
             21 30
             30 29
             29 59
             ;
set F[79] := 18 23
             23 29
             29 30
             30 21
             21 5
             5 8
             8 13
             13 43
             ;
set F[80] := 18 23
             23 53
             ;
set F[81] := 18 23
             23 24
             24 54
             ;
set F[82] := 18 23
             23 29
             29 30
             30 21
             21 27
             27 57
             ;
set F[83] := 18 23
             23 24
             24 25
             25 28
             28 58
             ;
set F[84] := 18 23
             23 29
             29 59
             ;
set F[85] := 21 1
             1 31
             ;
set F[86] := 21 2
             2 32
             ;
set F[87] := 21 3
             3 33
             ;
set F[88] := 21 4
             4 34
             ;
set F[89] := 21 5
             5 35
             ;
set F[90] := 21 7
             7 37
             ;
set F[91] := 21 5
             5 8
             8 38
             ;
set F[92] := 21 6
             6 9
             9 39
             ;
set F[93] := 21 11
             11 41
             ;
set F[94] := 21 5
             5 8
             8 13
             13 12
             12 42
             ;
set F[95] := 21 5
             5 8
             8 13
             13 43
             ;
set F[96] := 21 14
             14 44
             ;
set F[97] := 21 15
             15 45
             ;
set F[98] := 21 16
             16 46
             ;
set F[99] := 21 17
             17 47
             ;
set F[100] := 21 30
              30 29
              29 23
              23 18
              18 48
              ;
set F[101] := 21 30
              30 29
              29 23
              23 53
              ;
set F[102] := 21 27
              27 28
              28 25
              25 24
              24 54
              ;
set F[103] := 21 27
              27 28
              28 25
              25 55
              ;
set F[104] := 21 26
              26 56
              ;
set F[105] := 21 27
              27 57
              ;
set F[106] := 21 27
              27 28
              28 58
              ;
set F[107] := 21 30
              30 29
              29 59
              ;
set F[108] := 21 30
              30 60
              ;
set F[109] := 22 21
              21 30
              30 29
              29 59
              ;
set F[110] := 23 29
              29 30
              30 21
              21 1
              1 31
              ;
set F[111] := 23 29
              29 30
              30 21
              21 3
              3 33
              ;
set F[112] := 23 29
              29 30
              30 21
              21 4
              4 34
              ;
set F[113] := 23 29
              29 30
              30 21
              21 5
              5 8
              8 38
              ;
set F[114] := 23 29
              29 30
              30 21
              21 6
              6 9
              9 39
              ;
set F[115] := 23 29
              29 30
              30 21
              21 5
              5 8
              8 13
              13 43
              ;
set F[116] := 23 29
              29 30
              30 21
              21 14
              14 44
              ;
set F[117] := 23 29
              29 30
              30 21
              21 15
              15 45
              ;
set F[118] := 23 29
              29 30
              30 21
              21 17
              17 47
              ;
set F[119] := 23 18
              18 48
              ;
set F[120] := 23 24
              24 54
              ;
set F[121] := 23 24
              24 25
              25 55
              ;
set F[122] := 23 29
              29 30
              30 21
              21 27
              27 57
              ;
set F[123] := 23 24
              24 25
              25 28
              28 58
              ;
set F[124] := 23 29
              29 59
              ;
set F[125] := 23 29
              29 30
              30 60
              ;
set F[126] := 24 23
              23 29
              29 59
              ;
set F[127] := 25 28
              28 27
              27 21
              21 1
              1 31
              ;
set F[128] := 25 28
              28 27
              27 21
              21 3
              3 33
              ;
set F[129] := 25 28
              28 27
              27 21
              21 4
              4 34
              ;
set F[130] := 25 28
              28 27
              27 21
              21 5
              5 8
              8 38
              ;
set F[131] := 25 28
              28 27
              27 21
              21 6
              6 9
              9 39
              ;
set F[132] := 25 28
              28 27
              27 21
              21 5
              5 8
              8 13
              13 43
              ;
set F[133] := 25 28
              28 27
              27 21
              21 17
              17 47
              ;
set F[134] := 25 24
              24 23
              23 18
              18 48
              ;
set F[135] := 25 24
              24 23
              23 53
              ;
set F[136] := 25 24
              24 54
              ;
set F[137] := 25 28
              28 27
              27 57
              ;
set F[138] := 25 28
              28 58
              ;
set F[139] := 25 24
              24 23
              23 29
              29 59
              ;
set F[140] := 25 24
              24 23
              23 29
              29 30
              30 60
              ;
set F[141] := 26 21
              21 30
              30 29
              29 59
              ;
set F[142] := 27 21
              21 1
              1 31
              ;
set F[143] := 27 21
              21 3
              3 33
              ;
set F[144] := 27 21
              21 4
              4 34
              ;
set F[145] := 27 21
              21 5
              5 8
              8 38
              ;
set F[146] := 27 21
              21 6
              6 9
              9 39
              ;
set F[147] := 27 21
              21 5
              5 8
              8 13
              13 43
              ;
set F[148] := 27 21
              21 17
              17 47
              ;
set F[149] := 27 21
              21 30
              30 29
              29 23
              23 18
              18 48
              ;
set F[150] := 27 21
              21 30
              30 29
              29 23
              23 53
              ;
set F[151] := 27 28
              28 25
              25 24
              24 54
              ;
set F[152] := 27 28
              28 25
              25 55
              ;
set F[153] := 27 28
              28 58
              ;
set F[154] := 27 21
              21 30
              30 29
              29 59
              ;
set F[155] := 27 21
              21 30
              30 60
              ;
set F[156] := 28 27
              27 21
              21 5
              5 8
              8 13
              13 43
              ;
set F[157] := 28 25
              25 24
              24 23
              23 53
              ;
set F[158] := 28 25
              25 24
              24 54
              ;
set F[159] := 28 27
              27 57
              ;
set F[160] := 28 25
              25 24
              24 23
              23 29
              29 59
              ;
set F[161] := 29 30
              30 21
              21 1
              1 31
              ;
set F[162] := 29 30
              30 21
              21 3
              3 33
              ;
set F[163] := 29 30
              30 21
              21 4
              4 34
              ;
set F[164] := 29 30
              30 21
              21 5
              5 8
              8 38
              ;
set F[165] := 29 30
              30 21
              21 6
              6 9
              9 39
              ;
set F[166] := 29 30
              30 21
              21 5
              5 8
              8 13
              13 43
              ;
set F[167] := 29 30
              30 21
              21 17
              17 47
              ;
set F[168] := 29 23
              23 18
              18 48
              ;
set F[169] := 29 23
              23 53
              ;
set F[170] := 29 23
              23 24
              24 54
              ;
set F[171] := 29 23
              23 24
              24 25
              25 55
              ;
set F[172] := 29 30
              30 21
              21 27
              27 57
              ;
set F[173] := 29 23
              23 24
              24 25
              25 28
              28 58
              ;
set F[174] := 29 30
              30 60
              ;
set Last[1] := 8 38;
set Last[2] := 9 39;
set Last[3] := 13 43;
set Last[4] := 23 53;
set Last[5] := 24 54;
set Last[6] := 25 55;
set Last[7] := 27 57;
set Last[8] := 28 58;
set Last[9] := 29 59;
set Last[10] := 27 57;
set Last[11] := 29 59;
set Last[12] := 27 57;
set Last[13] := 29 59;
set Last[14] := 29 59;
set Last[15] := 1 31;
set Last[16] := 3 33;
set Last[17] := 4 34;
set Last[18] := 8 38;
set Last[19] := 9 39;
set Last[20] := 13 43;
set Last[21] := 14 44;
set Last[22] := 15 45;
set Last[23] := 17 47;
set Last[24] := 18 48;
set Last[25] := 23 53;
set Last[26] := 24 54;
set Last[27] := 25 55;
set Last[28] := 27 57;
set Last[29] := 28 58;
set Last[30] := 29 59;
set Last[31] := 30 60;
set Last[32] := 27 57;
set Last[33] := 29 59;
set Last[34] := 9 39;
set Last[35] := 13 43;
set Last[36] := 23 53;
set Last[37] := 24 54;
set Last[38] := 25 55;
set Last[39] := 27 57;
set Last[40] := 28 58;
set Last[41] := 29 59;
set Last[42] := 13 43;
set Last[43] := 23 53;
set Last[44] := 24 54;
set Last[45] := 27 57;
set Last[46] := 28 58;
set Last[47] := 29 59;
set Last[48] := 8 38;
set Last[49] := 9 39;
set Last[50] := 13 43;
set Last[51] := 23 53;
set Last[52] := 24 54;
set Last[53] := 27 57;
set Last[54] := 28 58;
set Last[55] := 29 59;
set Last[56] := 13 43;
set Last[57] := 23 53;
set Last[58] := 24 54;
set Last[59] := 27 57;
set Last[60] := 28 58;
set Last[61] := 29 59;
set Last[62] := 8 38;
set Last[63] := 9 39;
set Last[64] := 23 53;
set Last[65] := 24 54;
set Last[66] := 25 55;
set Last[67] := 27 57;
set Last[68] := 28 58;
set Last[69] := 29 59;
set Last[70] := 8 38;
set Last[71] := 9 39;
set Last[72] := 13 43;
set Last[73] := 23 53;
set Last[74] := 24 54;
set Last[75] := 25 55;
set Last[76] := 27 57;
set Last[77] := 28 58;
set Last[78] := 29 59;
set Last[79] := 13 43;
set Last[80] := 23 53;
set Last[81] := 24 54;
set Last[82] := 27 57;
set Last[83] := 28 58;
set Last[84] := 29 59;
set Last[85] := 1 31;
set Last[86] := 2 32;
set Last[87] := 3 33;
set Last[88] := 4 34;
set Last[89] := 5 35;
set Last[90] := 7 37;
set Last[91] := 8 38;
set Last[92] := 9 39;
set Last[93] := 11 41;
set Last[94] := 12 42;
set Last[95] := 13 43;
set Last[96] := 14 44;
set Last[97] := 15 45;
set Last[98] := 16 46;
set Last[99] := 17 47;
set Last[100] := 18 48;
set Last[101] := 23 53;
set Last[102] := 24 54;
set Last[103] := 25 55;
set Last[104] := 26 56;
set Last[105] := 27 57;
set Last[106] := 28 58;
set Last[107] := 29 59;
set Last[108] := 30 60;
set Last[109] := 29 59;
set Last[110] := 1 31;
set Last[111] := 3 33;
set Last[112] := 4 34;
set Last[113] := 8 38;
set Last[114] := 9 39;
set Last[115] := 13 43;
set Last[116] := 14 44;
set Last[117] := 15 45;
set Last[118] := 17 47;
set Last[119] := 18 48;
set Last[120] := 24 54;
set Last[121] := 25 55;
set Last[122] := 27 57;
set Last[123] := 28 58;
set Last[124] := 29 59;
set Last[125] := 30 60;
set Last[126] := 29 59;
set Last[127] := 1 31;
set Last[128] := 3 33;
set Last[129] := 4 34;
set Last[130] := 8 38;
set Last[131] := 9 39;
set Last[132] := 13 43;
set Last[133] := 17 47;
set Last[134] := 18 48;
set Last[135] := 23 53;
set Last[136] := 24 54;
set Last[137] := 27 57;
set Last[138] := 28 58;
set Last[139] := 29 59;
set Last[140] := 30 60;
set Last[141] := 29 59;
set Last[142] := 1 31;
set Last[143] := 3 33;
set Last[144] := 4 34;
set Last[145] := 8 38;
set Last[146] := 9 39;
set Last[147] := 13 43;
set Last[148] := 17 47;
set Last[149] := 18 48;
set Last[150] := 23 53;
set Last[151] := 24 54;
set Last[152] := 25 55;
set Last[153] := 28 58;
set Last[154] := 29 59;
set Last[155] := 30 60;
set Last[156] := 13 43;
set Last[157] := 23 53;
set Last[158] := 24 54;
set Last[159] := 27 57;
set Last[160] := 29 59;
set Last[161] := 1 31;
set Last[162] := 3 33;
set Last[163] := 4 34;
set Last[164] := 8 38;
set Last[165] := 9 39;
set Last[166] := 13 43;
set Last[167] := 17 47;
set Last[168] := 18 48;
set Last[169] := 23 53;
set Last[170] := 24 54;
set Last[171] := 25 55;
set Last[172] := 27 57;
set Last[173] := 28 58;
set Last[174] := 30 60;

param q := 5;

end;
