data;

set V := 1 2 3 4 5 6 7 8 9 10 11 12 13 14 15 16 17 18 19 20 21 22 23 24 25 26 27 28 29 30 31 32 33 34 35 36 37 38 39 40 41 42 43 44 45 46 47 48 49 50 51 52 53 54 55 56 57 58 59 60;

set A := 1 21
         1 31
         2 21
         2 32
         3 21
         3 33
         4 21
         4 34
         5 8
         5 21
         5 35
         6 9
         6 21
         6 36
         7 21
         7 37
         8 5
         8 13
         8 38
         9 6
         9 13
         9 39
         10 21
         10 40
         11 21
         11 41
         12 13
         12 42
         13 8
         13 9
         13 12
         13 20
         13 43
         14 21
         14 44
         15 21
         15 45
         16 21
         16 46
         17 21
         17 47
         18 23
         18 48
         19 29
         19 49
         20 13
         20 50
         21 1
         21 2
         21 3
         21 4
         21 5
         21 6
         21 7
         21 10
         21 11
         21 14
         21 15
         21 16
         21 17
         21 22
         21 26
         21 27
         21 30
         21 51
         22 21
         22 52
         23 18
         23 24
         23 29
         23 53
         24 23
         24 25
         24 54
         25 24
         25 28
         25 55
         26 21
         26 56
         27 21
         27 28
         27 57
         28 25
         28 27
         28 58
         29 19
         29 23
         29 30
         29 59
         30 21
         30 29
         30 60
         ;

set S := 1 2 3 4 5 6 7 8 9 10 11 12 13 14 15 16 17 18 19 20 21 22 23 24 25 26 27 28 29 30 31 32 33 34 35 36 37 38 39 40 41 42 43 44 45 46 47 48 49 50 51 52 53 54 55 56 57 58 59 60 61 62 63 64 65 66 67 68 69 70 71 72 73 74 75 76 77 78 79 80 81 82 83 84 85 86 87 88 89 90 91 92 93 94 95 96 97 98 99 100 101 102 103 104 105 106 107 108 109 110 111 112 113 114 115 116 117 118 119 120 121 122 123 124 125 126 127 128 129 130 131 132 133 134 135 136 137 138 139 140 141 142 143 144 145 146 147 148 149 150 151 152 153 154 155 156 157 158 159 160 161 162 163 164 165 166 167 168 169 170 171 172 173 174 175 176 177 178 179 180 181 182 183 184 185 186 187 188 189 190 191 192 193 194 195 196 197 198 199 200 201 202 203 204 205 206 207 208 209 210 211 212 213 214 215 216 217 218 219 220 221 222 223 224 225 226 227 228 229 230 231 232 233 234 235 236 237 238 239 240 241 242 243 244 245 246 247 248 249 250 251 252 253 254 255 256 257 258 259 260 261 262 263 264 265 266 267 268 269 270 271 272 273 274 275 276 277 278 279 280 281 282 283 284 285 286 287 288 289 290 291 292 293 294 295 296 297 298 299 300 301 302 303 304 305 306 307 308 309 310 311 312 313 314 315 316 317 318 319 320 321 322 323 324 325 326 327 328 329 330 331 332 333 334 335 336 337 338 339 340 341 342 343 344 345 346 347 348 349 350 351 352 353 354 355 356 357 358 359 360 361 362 363 364 365 366 367 368 369 370 371 372 373 374 375 376 377 378 379 380 381 382 383 384 385 386 387 388 389 390 391 392 393 394 395 396 397 398 399 400 401 402 403 404 405 406 407 408 409 410 411 412 413 414 415 416 417 418 419 420 421 422 423 424 425 426 427 428 429 430 431 432 433 434 435 436 437 438 439 440 441 442 443 444 445 446 447 448 449 450 451 452 453 454 455 456 457 458 459 460 461 462 463 464 465 466 467 468 469 470 471 472 473 474 475 476 477 478 479 480 481 482 483 484 485 486 487 488 489 490 491 492 493 494 495 496 497 498 499 500 501 502 503 504 505 506 507 508 509 510 511 512 513 514 515 516 517 518 519 520 521 522 523 524 525 526 527 528 529 530 531 532 533 534 535 536 537 538 539 540 541 542 543 544 545 546 547 548 549 550 551 552 553 554 555 556 557 558 559 560 561 562 563 564 565 566 567 568 569 570 571 572 573 574 575 576 577 578 579 580 581 582 583 584 585 586 587 588 589 590 591 592 593 594 595 596 597 598 599 600 601 602 603 604 605 606 607 608 609 610 611 612 613 614 615 616 617 618 619 620 621 622 623 624 625 626 627 628 629 630 631 632 633 634 635 636 637 638 639 640 641 642 643 644 645 646 647 648 649 650 651 652 653 654 655 656 657 658 659 660 661 662 663 664 665 666 667 668 669 670 671 672 673 674 675 676 677 678 679 680 681 682 683 684 685 686 687 688 689 690 691 692 693 694 695 696;

set F[1] := 1 21
            21 2
            2 32
            ;
set F[2] := 1 21
            21 3
            3 33
            ;
set F[3] := 1 21
            21 4
            4 34
            ;
set F[4] := 1 21
            21 5
            5 35
            ;
set F[5] := 1 21
            21 7
            7 37
            ;
set F[6] := 1 21
            21 5
            5 8
            8 38
            ;
set F[7] := 1 21
            21 6
            6 9
            9 39
            ;
set F[8] := 1 21
            21 10
            10 40
            ;
set F[9] := 1 21
            21 11
            11 41
            ;
set F[10] := 1 21
             21 5
             5 8
             8 13
             13 12
             12 42
             ;
set F[11] := 1 21
             21 5
             5 8
             8 13
             13 43
             ;
set F[12] := 1 21
             21 14
             14 44
             ;
set F[13] := 1 21
             21 15
             15 45
             ;
set F[14] := 1 21
             21 16
             16 46
             ;
set F[15] := 1 21
             21 17
             17 47
             ;
set F[16] := 1 21
             21 30
             30 29
             29 23
             23 18
             18 48
             ;
set F[17] := 1 21
             21 5
             5 8
             8 13
             13 20
             20 50
             ;
set F[18] := 1 21
             21 51
             ;
set F[19] := 1 21
             21 22
             22 52
             ;
set F[20] := 1 21
             21 30
             30 29
             29 23
             23 53
             ;
set F[21] := 1 21
             21 27
             27 28
             28 25
             25 24
             24 54
             ;
set F[22] := 1 21
             21 27
             27 28
             28 25
             25 55
             ;
set F[23] := 1 21
             21 26
             26 56
             ;
set F[24] := 1 21
             21 27
             27 57
             ;
set F[25] := 1 21
             21 27
             27 28
             28 58
             ;
set F[26] := 1 21
             21 30
             30 60
             ;
set F[27] := 2 21
             21 5
             5 8
             8 13
             13 43
             ;
set F[28] := 2 21
             21 51
             ;
set F[29] := 3 21
             21 1
             1 31
             ;
set F[30] := 3 21
             21 2
             2 32
             ;
set F[31] := 3 21
             21 4
             4 34
             ;
set F[32] := 3 21
             21 5
             5 35
             ;
set F[33] := 3 21
             21 7
             7 37
             ;
set F[34] := 3 21
             21 5
             5 8
             8 38
             ;
set F[35] := 3 21
             21 6
             6 9
             9 39
             ;
set F[36] := 3 21
             21 10
             10 40
             ;
set F[37] := 3 21
             21 11
             11 41
             ;
set F[38] := 3 21
             21 5
             5 8
             8 13
             13 12
             12 42
             ;
set F[39] := 3 21
             21 5
             5 8
             8 13
             13 43
             ;
set F[40] := 3 21
             21 14
             14 44
             ;
set F[41] := 3 21
             21 16
             16 46
             ;
set F[42] := 3 21
             21 17
             17 47
             ;
set F[43] := 3 21
             21 30
             30 29
             29 23
             23 18
             18 48
             ;
set F[44] := 3 21
             21 5
             5 8
             8 13
             13 20
             20 50
             ;
set F[45] := 3 21
             21 51
             ;
set F[46] := 3 21
             21 22
             22 52
             ;
set F[47] := 3 21
             21 30
             30 29
             29 23
             23 53
             ;
set F[48] := 3 21
             21 27
             27 28
             28 25
             25 55
             ;
set F[49] := 3 21
             21 26
             26 56
             ;
set F[50] := 3 21
             21 27
             27 57
             ;
set F[51] := 3 21
             21 27
             27 28
             28 58
             ;
set F[52] := 3 21
             21 30
             30 60
             ;
set F[53] := 4 21
             21 5
             5 35
             ;
set F[54] := 4 21
             21 6
             6 9
             9 39
             ;
set F[55] := 4 21
             21 5
             5 8
             8 13
             13 43
             ;
set F[56] := 4 21
             21 51
             ;
set F[57] := 4 21
             21 30
             30 29
             29 23
             23 53
             ;
set F[58] := 4 21
             21 27
             27 28
             28 25
             25 55
             ;
set F[59] := 4 21
             21 27
             27 57
             ;
set F[60] := 5 21
             21 1
             1 31
             ;
set F[61] := 5 21
             21 2
             2 32
             ;
set F[62] := 5 21
             21 3
             3 33
             ;
set F[63] := 5 21
             21 4
             4 34
             ;
set F[64] := 5 21
             21 7
             7 37
             ;
set F[65] := 5 8
             8 38
             ;
set F[66] := 5 21
             21 6
             6 9
             9 39
             ;
set F[67] := 5 21
             21 10
             10 40
             ;
set F[68] := 5 21
             21 11
             11 41
             ;
set F[69] := 5 8
             8 13
             13 12
             12 42
             ;
set F[70] := 5 8
             8 13
             13 43
             ;
set F[71] := 5 21
             21 14
             14 44
             ;
set F[72] := 5 21
             21 15
             15 45
             ;
set F[73] := 5 21
             21 16
             16 46
             ;
set F[74] := 5 21
             21 17
             17 47
             ;
set F[75] := 5 21
             21 30
             30 29
             29 23
             23 18
             18 48
             ;
set F[76] := 5 8
             8 13
             13 20
             20 50
             ;
set F[77] := 5 21
             21 51
             ;
set F[78] := 5 21
             21 22
             22 52
             ;
set F[79] := 5 21
             21 30
             30 29
             29 23
             23 53
             ;
set F[80] := 5 21
             21 27
             27 28
             28 25
             25 55
             ;
set F[81] := 5 21
             21 26
             26 56
             ;
set F[82] := 5 21
             21 27
             27 57
             ;
set F[83] := 5 21
             21 27
             27 28
             28 58
             ;
set F[84] := 5 21
             21 30
             30 60
             ;
set F[85] := 6 21
             21 1
             1 31
             ;
set F[86] := 6 21
             21 2
             2 32
             ;
set F[87] := 6 21
             21 3
             3 33
             ;
set F[88] := 6 21
             21 4
             4 34
             ;
set F[89] := 6 21
             21 5
             5 35
             ;
set F[90] := 6 21
             21 7
             7 37
             ;
set F[91] := 6 9
             9 13
             13 8
             8 38
             ;
set F[92] := 6 9
             9 39
             ;
set F[93] := 6 21
             21 10
             10 40
             ;
set F[94] := 6 21
             21 11
             11 41
             ;
set F[95] := 6 9
             9 13
             13 12
             12 42
             ;
set F[96] := 6 9
             9 13
             13 43
             ;
set F[97] := 6 21
             21 14
             14 44
             ;
set F[98] := 6 21
             21 15
             15 45
             ;
set F[99] := 6 21
             21 16
             16 46
             ;
set F[100] := 6 21
              21 17
              17 47
              ;
set F[101] := 6 21
              21 30
              30 29
              29 23
              23 18
              18 48
              ;
set F[102] := 6 9
              9 13
              13 20
              20 50
              ;
set F[103] := 6 21
              21 51
              ;
set F[104] := 6 21
              21 22
              22 52
              ;
set F[105] := 6 21
              21 30
              30 29
              29 23
              23 53
              ;
set F[106] := 6 21
              21 27
              27 28
              28 25
              25 24
              24 54
              ;
set F[107] := 6 21
              21 27
              27 28
              28 25
              25 55
              ;
set F[108] := 6 21
              21 26
              26 56
              ;
set F[109] := 6 21
              21 27
              27 57
              ;
set F[110] := 6 21
              21 27
              27 28
              28 58
              ;
set F[111] := 6 21
              21 30
              30 29
              29 59
              ;
set F[112] := 6 21
              21 30
              30 60
              ;
set F[113] := 7 21
              21 1
              1 31
              ;
set F[114] := 7 21
              21 2
              2 32
              ;
set F[115] := 7 21
              21 3
              3 33
              ;
set F[116] := 7 21
              21 4
              4 34
              ;
set F[117] := 7 21
              21 5
              5 35
              ;
set F[118] := 7 21
              21 5
              5 8
              8 38
              ;
set F[119] := 7 21
              21 6
              6 9
              9 39
              ;
set F[120] := 7 21
              21 10
              10 40
              ;
set F[121] := 7 21
              21 11
              11 41
              ;
set F[122] := 7 21
              21 5
              5 8
              8 13
              13 12
              12 42
              ;
set F[123] := 7 21
              21 5
              5 8
              8 13
              13 43
              ;
set F[124] := 7 21
              21 14
              14 44
              ;
set F[125] := 7 21
              21 15
              15 45
              ;
set F[126] := 7 21
              21 16
              16 46
              ;
set F[127] := 7 21
              21 17
              17 47
              ;
set F[128] := 7 21
              21 30
              30 29
              29 23
              23 18
              18 48
              ;
set F[129] := 7 21
              21 5
              5 8
              8 13
              13 20
              20 50
              ;
set F[130] := 7 21
              21 51
              ;
set F[131] := 7 21
              21 22
              22 52
              ;
set F[132] := 7 21
              21 30
              30 29
              29 23
              23 53
              ;
set F[133] := 7 21
              21 27
              27 28
              28 25
              25 55
              ;
set F[134] := 7 21
              21 26
              26 56
              ;
set F[135] := 7 21
              21 27
              27 57
              ;
set F[136] := 7 21
              21 27
              27 28
              28 58
              ;
set F[137] := 7 21
              21 30
              30 60
              ;
set F[138] := 8 5
              5 21
              21 1
              1 31
              ;
set F[139] := 8 5
              5 21
              21 2
              2 32
              ;
set F[140] := 8 5
              5 21
              21 3
              3 33
              ;
set F[141] := 8 5
              5 21
              21 4
              4 34
              ;
set F[142] := 8 5
              5 35
              ;
set F[143] := 8 5
              5 21
              21 6
              6 36
              ;
set F[144] := 8 5
              5 21
              21 7
              7 37
              ;
set F[145] := 8 13
              13 9
              9 39
              ;
set F[146] := 8 5
              5 21
              21 10
              10 40
              ;
set F[147] := 8 5
              5 21
              21 11
              11 41
              ;
set F[148] := 8 13
              13 12
              12 42
              ;
set F[149] := 8 13
              13 43
              ;
set F[150] := 8 5
              5 21
              21 14
              14 44
              ;
set F[151] := 8 5
              5 21
              21 15
              15 45
              ;
set F[152] := 8 5
              5 21
              21 16
              16 46
              ;
set F[153] := 8 5
              5 21
              21 17
              17 47
              ;
set F[154] := 8 5
              5 21
              21 30
              30 29
              29 23
              23 18
              18 48
              ;
set F[155] := 8 13
              13 20
              20 50
              ;
set F[156] := 8 5
              5 21
              21 51
              ;
set F[157] := 8 5
              5 21
              21 22
              22 52
              ;
set F[158] := 8 5
              5 21
              21 30
              30 29
              29 23
              23 53
              ;
set F[159] := 8 5
              5 21
              21 27
              27 28
              28 25
              25 24
              24 54
              ;
set F[160] := 8 5
              5 21
              21 27
              27 28
              28 25
              25 55
              ;
set F[161] := 8 5
              5 21
              21 26
              26 56
              ;
set F[162] := 8 5
              5 21
              21 27
              27 57
              ;
set F[163] := 8 5
              5 21
              21 27
              27 28
              28 58
              ;
set F[164] := 8 5
              5 21
              21 30
              30 29
              29 59
              ;
set F[165] := 8 5
              5 21
              21 30
              30 60
              ;
set F[166] := 9 6
              6 21
              21 1
              1 31
              ;
set F[167] := 9 6
              6 21
              21 2
              2 32
              ;
set F[168] := 9 6
              6 21
              21 3
              3 33
              ;
set F[169] := 9 6
              6 21
              21 4
              4 34
              ;
set F[170] := 9 6
              6 21
              21 5
              5 35
              ;
set F[171] := 9 6
              6 36
              ;
set F[172] := 9 6
              6 21
              21 7
              7 37
              ;
set F[173] := 9 13
              13 8
              8 38
              ;
set F[174] := 9 6
              6 21
              21 10
              10 40
              ;
set F[175] := 9 6
              6 21
              21 11
              11 41
              ;
set F[176] := 9 13
              13 12
              12 42
              ;
set F[177] := 9 13
              13 43
              ;
set F[178] := 9 6
              6 21
              21 14
              14 44
              ;
set F[179] := 9 6
              6 21
              21 15
              15 45
              ;
set F[180] := 9 6
              6 21
              21 16
              16 46
              ;
set F[181] := 9 6
              6 21
              21 17
              17 47
              ;
set F[182] := 9 6
              6 21
              21 30
              30 29
              29 23
              23 18
              18 48
              ;
set F[183] := 9 13
              13 20
              20 50
              ;
set F[184] := 9 6
              6 21
              21 51
              ;
set F[185] := 9 6
              6 21
              21 22
              22 52
              ;
set F[186] := 9 6
              6 21
              21 30
              30 29
              29 23
              23 53
              ;
set F[187] := 9 6
              6 21
              21 27
              27 28
              28 25
              25 24
              24 54
              ;
set F[188] := 9 6
              6 21
              21 27
              27 28
              28 25
              25 55
              ;
set F[189] := 9 6
              6 21
              21 26
              26 56
              ;
set F[190] := 9 6
              6 21
              21 27
              27 57
              ;
set F[191] := 9 6
              6 21
              21 27
              27 28
              28 58
              ;
set F[192] := 9 6
              6 21
              21 30
              30 60
              ;
set F[193] := 10 21
              21 1
              1 31
              ;
set F[194] := 10 21
              21 4
              4 34
              ;
set F[195] := 10 21
              21 5
              5 35
              ;
set F[196] := 10 21
              21 5
              5 8
              8 38
              ;
set F[197] := 10 21
              21 6
              6 9
              9 39
              ;
set F[198] := 10 21
              21 11
              11 41
              ;
set F[199] := 10 21
              21 5
              5 8
              8 13
              13 12
              12 42
              ;
set F[200] := 10 21
              21 5
              5 8
              8 13
              13 43
              ;
set F[201] := 10 21
              21 17
              17 47
              ;
set F[202] := 10 21
              21 30
              30 29
              29 23
              23 18
              18 48
              ;
set F[203] := 10 21
              21 5
              5 8
              8 13
              13 20
              20 50
              ;
set F[204] := 10 21
              21 51
              ;
set F[205] := 10 21
              21 22
              22 52
              ;
set F[206] := 10 21
              21 30
              30 29
              29 23
              23 53
              ;
set F[207] := 10 21
              21 27
              27 28
              28 25
              25 55
              ;
set F[208] := 10 21
              21 26
              26 56
              ;
set F[209] := 10 21
              21 27
              27 57
              ;
set F[210] := 11 21
              21 1
              1 31
              ;
set F[211] := 11 21
              21 2
              2 32
              ;
set F[212] := 11 21
              21 3
              3 33
              ;
set F[213] := 11 21
              21 4
              4 34
              ;
set F[214] := 11 21
              21 5
              5 35
              ;
set F[215] := 11 21
              21 7
              7 37
              ;
set F[216] := 11 21
              21 5
              5 8
              8 38
              ;
set F[217] := 11 21
              21 6
              6 9
              9 39
              ;
set F[218] := 11 21
              21 10
              10 40
              ;
set F[219] := 11 21
              21 5
              5 8
              8 13
              13 12
              12 42
              ;
set F[220] := 11 21
              21 5
              5 8
              8 13
              13 43
              ;
set F[221] := 11 21
              21 14
              14 44
              ;
set F[222] := 11 21
              21 15
              15 45
              ;
set F[223] := 11 21
              21 16
              16 46
              ;
set F[224] := 11 21
              21 17
              17 47
              ;
set F[225] := 11 21
              21 30
              30 29
              29 23
              23 18
              18 48
              ;
set F[226] := 11 21
              21 5
              5 8
              8 13
              13 20
              20 50
              ;
set F[227] := 11 21
              21 51
              ;
set F[228] := 11 21
              21 22
              22 52
              ;
set F[229] := 11 21
              21 30
              30 29
              29 23
              23 53
              ;
set F[230] := 11 21
              21 27
              27 28
              28 25
              25 55
              ;
set F[231] := 11 21
              21 26
              26 56
              ;
set F[232] := 11 21
              21 27
              27 57
              ;
set F[233] := 11 21
              21 27
              27 28
              28 58
              ;
set F[234] := 11 21
              21 30
              30 60
              ;
set F[235] := 12 13
              13 8
              8 5
              5 21
              21 1
              1 31
              ;
set F[236] := 12 13
              13 8
              8 5
              5 21
              21 2
              2 32
              ;
set F[237] := 12 13
              13 8
              8 5
              5 21
              21 3
              3 33
              ;
set F[238] := 12 13
              13 8
              8 5
              5 21
              21 4
              4 34
              ;
set F[239] := 12 13
              13 8
              8 5
              5 35
              ;
set F[240] := 12 13
              13 8
              8 5
              5 21
              21 7
              7 37
              ;
set F[241] := 12 13
              13 8
              8 38
              ;
set F[242] := 12 13
              13 9
              9 39
              ;
set F[243] := 12 13
              13 8
              8 5
              5 21
              21 10
              10 40
              ;
set F[244] := 12 13
              13 8
              8 5
              5 21
              21 11
              11 41
              ;
set F[245] := 12 13
              13 43
              ;
set F[246] := 12 13
              13 8
              8 5
              5 21
              21 14
              14 44
              ;
set F[247] := 12 13
              13 8
              8 5
              5 21
              21 15
              15 45
              ;
set F[248] := 12 13
              13 8
              8 5
              5 21
              21 16
              16 46
              ;
set F[249] := 12 13
              13 8
              8 5
              5 21
              21 17
              17 47
              ;
set F[250] := 12 13
              13 8
              8 5
              5 21
              21 30
              30 29
              29 23
              23 18
              18 48
              ;
set F[251] := 12 13
              13 20
              20 50
              ;
set F[252] := 12 13
              13 8
              8 5
              5 21
              21 51
              ;
set F[253] := 12 13
              13 8
              8 5
              5 21
              21 22
              22 52
              ;
set F[254] := 12 13
              13 8
              8 5
              5 21
              21 30
              30 29
              29 23
              23 53
              ;
set F[255] := 12 13
              13 8
              8 5
              5 21
              21 27
              27 28
              28 25
              25 24
              24 54
              ;
set F[256] := 12 13
              13 8
              8 5
              5 21
              21 27
              27 28
              28 25
              25 55
              ;
set F[257] := 12 13
              13 8
              8 5
              5 21
              21 26
              26 56
              ;
set F[258] := 12 13
              13 8
              8 5
              5 21
              21 27
              27 57
              ;
set F[259] := 12 13
              13 8
              8 5
              5 21
              21 27
              27 28
              28 58
              ;
set F[260] := 12 13
              13 8
              8 5
              5 21
              21 30
              30 60
              ;
set F[261] := 13 8
              8 5
              5 21
              21 1
              1 31
              ;
set F[262] := 13 8
              8 5
              5 21
              21 2
              2 32
              ;
set F[263] := 13 8
              8 5
              5 21
              21 3
              3 33
              ;
set F[264] := 13 8
              8 5
              5 21
              21 4
              4 34
              ;
set F[265] := 13 8
              8 5
              5 35
              ;
set F[266] := 13 9
              9 6
              6 36
              ;
set F[267] := 13 8
              8 5
              5 21
              21 7
              7 37
              ;
set F[268] := 13 8
              8 38
              ;
set F[269] := 13 9
              9 39
              ;
set F[270] := 13 8
              8 5
              5 21
              21 10
              10 40
              ;
set F[271] := 13 8
              8 5
              5 21
              21 11
              11 41
              ;
set F[272] := 13 12
              12 42
              ;
set F[273] := 13 8
              8 5
              5 21
              21 14
              14 44
              ;
set F[274] := 13 8
              8 5
              5 21
              21 15
              15 45
              ;
set F[275] := 13 8
              8 5
              5 21
              21 16
              16 46
              ;
set F[276] := 13 8
              8 5
              5 21
              21 17
              17 47
              ;
set F[277] := 13 8
              8 5
              5 21
              21 30
              30 29
              29 23
              23 18
              18 48
              ;
set F[278] := 13 8
              8 5
              5 21
              21 30
              30 29
              29 19
              19 49
              ;
set F[279] := 13 20
              20 50
              ;
set F[280] := 13 8
              8 5
              5 21
              21 51
              ;
set F[281] := 13 8
              8 5
              5 21
              21 22
              22 52
              ;
set F[282] := 13 8
              8 5
              5 21
              21 30
              30 29
              29 23
              23 53
              ;
set F[283] := 13 8
              8 5
              5 21
              21 27
              27 28
              28 25
              25 24
              24 54
              ;
set F[284] := 13 8
              8 5
              5 21
              21 27
              27 28
              28 25
              25 55
              ;
set F[285] := 13 8
              8 5
              5 21
              21 26
              26 56
              ;
set F[286] := 13 8
              8 5
              5 21
              21 27
              27 57
              ;
set F[287] := 13 8
              8 5
              5 21
              21 27
              27 28
              28 58
              ;
set F[288] := 13 8
              8 5
              5 21
              21 30
              30 29
              29 59
              ;
set F[289] := 13 8
              8 5
              5 21
              21 30
              30 60
              ;
set F[290] := 14 21
              21 1
              1 31
              ;
set F[291] := 14 21
              21 2
              2 32
              ;
set F[292] := 14 21
              21 3
              3 33
              ;
set F[293] := 14 21
              21 4
              4 34
              ;
set F[294] := 14 21
              21 5
              5 35
              ;
set F[295] := 14 21
              21 7
              7 37
              ;
set F[296] := 14 21
              21 5
              5 8
              8 38
              ;
set F[297] := 14 21
              21 6
              6 9
              9 39
              ;
set F[298] := 14 21
              21 10
              10 40
              ;
set F[299] := 14 21
              21 11
              11 41
              ;
set F[300] := 14 21
              21 5
              5 8
              8 13
              13 12
              12 42
              ;
set F[301] := 14 21
              21 5
              5 8
              8 13
              13 43
              ;
set F[302] := 14 21
              21 16
              16 46
              ;
set F[303] := 14 21
              21 17
              17 47
              ;
set F[304] := 14 21
              21 30
              30 29
              29 23
              23 18
              18 48
              ;
set F[305] := 14 21
              21 5
              5 8
              8 13
              13 20
              20 50
              ;
set F[306] := 14 21
              21 51
              ;
set F[307] := 14 21
              21 22
              22 52
              ;
set F[308] := 14 21
              21 30
              30 29
              29 23
              23 53
              ;
set F[309] := 14 21
              21 27
              27 28
              28 25
              25 55
              ;
set F[310] := 14 21
              21 26
              26 56
              ;
set F[311] := 14 21
              21 27
              27 57
              ;
set F[312] := 14 21
              21 27
              27 28
              28 58
              ;
set F[313] := 14 21
              21 30
              30 60
              ;
set F[314] := 15 21
              21 1
              1 31
              ;
set F[315] := 15 21
              21 2
              2 32
              ;
set F[316] := 15 21
              21 3
              3 33
              ;
set F[317] := 15 21
              21 4
              4 34
              ;
set F[318] := 15 21
              21 5
              5 35
              ;
set F[319] := 15 21
              21 7
              7 37
              ;
set F[320] := 15 21
              21 5
              5 8
              8 38
              ;
set F[321] := 15 21
              21 6
              6 9
              9 39
              ;
set F[322] := 15 21
              21 10
              10 40
              ;
set F[323] := 15 21
              21 11
              11 41
              ;
set F[324] := 15 21
              21 5
              5 8
              8 13
              13 12
              12 42
              ;
set F[325] := 15 21
              21 5
              5 8
              8 13
              13 43
              ;
set F[326] := 15 21
              21 14
              14 44
              ;
set F[327] := 15 21
              21 16
              16 46
              ;
set F[328] := 15 21
              21 17
              17 47
              ;
set F[329] := 15 21
              21 30
              30 29
              29 23
              23 18
              18 48
              ;
set F[330] := 15 21
              21 5
              5 8
              8 13
              13 20
              20 50
              ;
set F[331] := 15 21
              21 51
              ;
set F[332] := 15 21
              21 22
              22 52
              ;
set F[333] := 15 21
              21 30
              30 29
              29 23
              23 53
              ;
set F[334] := 15 21
              21 27
              27 28
              28 25
              25 55
              ;
set F[335] := 15 21
              21 26
              26 56
              ;
set F[336] := 15 21
              21 27
              27 57
              ;
set F[337] := 15 21
              21 27
              27 28
              28 58
              ;
set F[338] := 15 21
              21 30
              30 60
              ;
set F[339] := 16 21
              21 1
              1 31
              ;
set F[340] := 16 21
              21 2
              2 32
              ;
set F[341] := 16 21
              21 3
              3 33
              ;
set F[342] := 16 21
              21 4
              4 34
              ;
set F[343] := 16 21
              21 5
              5 35
              ;
set F[344] := 16 21
              21 7
              7 37
              ;
set F[345] := 16 21
              21 5
              5 8
              8 38
              ;
set F[346] := 16 21
              21 6
              6 9
              9 39
              ;
set F[347] := 16 21
              21 10
              10 40
              ;
set F[348] := 16 21
              21 11
              11 41
              ;
set F[349] := 16 21
              21 5
              5 8
              8 13
              13 12
              12 42
              ;
set F[350] := 16 21
              21 5
              5 8
              8 13
              13 43
              ;
set F[351] := 16 21
              21 14
              14 44
              ;
set F[352] := 16 21
              21 15
              15 45
              ;
set F[353] := 16 21
              21 17
              17 47
              ;
set F[354] := 16 21
              21 30
              30 29
              29 23
              23 18
              18 48
              ;
set F[355] := 16 21
              21 5
              5 8
              8 13
              13 20
              20 50
              ;
set F[356] := 16 21
              21 51
              ;
set F[357] := 16 21
              21 22
              22 52
              ;
set F[358] := 16 21
              21 30
              30 29
              29 23
              23 53
              ;
set F[359] := 16 21
              21 27
              27 28
              28 25
              25 24
              24 54
              ;
set F[360] := 16 21
              21 27
              27 28
              28 25
              25 55
              ;
set F[361] := 16 21
              21 26
              26 56
              ;
set F[362] := 16 21
              21 27
              27 57
              ;
set F[363] := 16 21
              21 27
              27 28
              28 58
              ;
set F[364] := 16 21
              21 30
              30 60
              ;
set F[365] := 17 21
              21 1
              1 31
              ;
set F[366] := 17 21
              21 2
              2 32
              ;
set F[367] := 17 21
              21 3
              3 33
              ;
set F[368] := 17 21
              21 4
              4 34
              ;
set F[369] := 17 21
              21 5
              5 35
              ;
set F[370] := 17 21
              21 7
              7 37
              ;
set F[371] := 17 21
              21 5
              5 8
              8 38
              ;
set F[372] := 17 21
              21 6
              6 9
              9 39
              ;
set F[373] := 17 21
              21 10
              10 40
              ;
set F[374] := 17 21
              21 11
              11 41
              ;
set F[375] := 17 21
              21 5
              5 8
              8 13
              13 12
              12 42
              ;
set F[376] := 17 21
              21 5
              5 8
              8 13
              13 43
              ;
set F[377] := 17 21
              21 14
              14 44
              ;
set F[378] := 17 21
              21 15
              15 45
              ;
set F[379] := 17 21
              21 16
              16 46
              ;
set F[380] := 17 21
              21 30
              30 29
              29 23
              23 18
              18 48
              ;
set F[381] := 17 21
              21 5
              5 8
              8 13
              13 20
              20 50
              ;
set F[382] := 17 21
              21 51
              ;
set F[383] := 17 21
              21 22
              22 52
              ;
set F[384] := 17 21
              21 30
              30 29
              29 23
              23 53
              ;
set F[385] := 17 21
              21 27
              27 28
              28 25
              25 55
              ;
set F[386] := 17 21
              21 26
              26 56
              ;
set F[387] := 17 21
              21 27
              27 57
              ;
set F[388] := 17 21
              21 27
              27 28
              28 58
              ;
set F[389] := 17 21
              21 30
              30 60
              ;
set F[390] := 18 23
              23 29
              29 30
              30 21
              21 1
              1 31
              ;
set F[391] := 18 23
              23 29
              29 30
              30 21
              21 2
              2 32
              ;
set F[392] := 18 23
              23 29
              29 30
              30 21
              21 3
              3 33
              ;
set F[393] := 18 23
              23 29
              29 30
              30 21
              21 4
              4 34
              ;
set F[394] := 18 23
              23 29
              29 30
              30 21
              21 5
              5 35
              ;
set F[395] := 18 23
              23 29
              29 30
              30 21
              21 7
              7 37
              ;
set F[396] := 18 23
              23 29
              29 30
              30 21
              21 5
              5 8
              8 38
              ;
set F[397] := 18 23
              23 29
              29 30
              30 21
              21 6
              6 9
              9 39
              ;
set F[398] := 18 23
              23 29
              29 30
              30 21
              21 10
              10 40
              ;
set F[399] := 18 23
              23 29
              29 30
              30 21
              21 11
              11 41
              ;
set F[400] := 18 23
              23 29
              29 30
              30 21
              21 5
              5 8
              8 13
              13 12
              12 42
              ;
set F[401] := 18 23
              23 29
              29 30
              30 21
              21 5
              5 8
              8 13
              13 43
              ;
set F[402] := 18 23
              23 29
              29 30
              30 21
              21 14
              14 44
              ;
set F[403] := 18 23
              23 29
              29 30
              30 21
              21 15
              15 45
              ;
set F[404] := 18 23
              23 29
              29 30
              30 21
              21 16
              16 46
              ;
set F[405] := 18 23
              23 29
              29 30
              30 21
              21 17
              17 47
              ;
set F[406] := 18 23
              23 29
              29 30
              30 21
              21 5
              5 8
              8 13
              13 20
              20 50
              ;
set F[407] := 18 23
              23 29
              29 30
              30 21
              21 51
              ;
set F[408] := 18 23
              23 29
              29 30
              30 21
              21 22
              22 52
              ;
set F[409] := 18 23
              23 53
              ;
set F[410] := 18 23
              23 24
              24 25
              25 55
              ;
set F[411] := 18 23
              23 29
              29 30
              30 21
              21 26
              26 56
              ;
set F[412] := 18 23
              23 29
              29 30
              30 21
              21 27
              27 57
              ;
set F[413] := 18 23
              23 24
              24 25
              25 28
              28 58
              ;
set F[414] := 18 23
              23 29
              29 30
              30 60
              ;
set F[415] := 19 29
              29 30
              30 21
              21 1
              1 31
              ;
set F[416] := 19 29
              29 30
              30 21
              21 4
              4 34
              ;
set F[417] := 19 29
              29 30
              30 21
              21 5
              5 35
              ;
set F[418] := 19 29
              29 30
              30 21
              21 7
              7 37
              ;
set F[419] := 19 29
              29 30
              30 21
              21 5
              5 8
              8 38
              ;
set F[420] := 19 29
              29 30
              30 21
              21 6
              6 9
              9 39
              ;
set F[421] := 19 29
              29 30
              30 21
              21 10
              10 40
              ;
set F[422] := 19 29
              29 30
              30 21
              21 11
              11 41
              ;
set F[423] := 19 29
              29 30
              30 21
              21 5
              5 8
              8 13
              13 12
              12 42
              ;
set F[424] := 19 29
              29 30
              30 21
              21 5
              5 8
              8 13
              13 43
              ;
set F[425] := 19 29
              29 30
              30 21
              21 17
              17 47
              ;
set F[426] := 19 29
              29 23
              23 18
              18 48
              ;
set F[427] := 19 29
              29 30
              30 21
              21 5
              5 8
              8 13
              13 20
              20 50
              ;
set F[428] := 19 29
              29 30
              30 21
              21 51
              ;
set F[429] := 19 29
              29 30
              30 21
              21 22
              22 52
              ;
set F[430] := 19 29
              29 23
              23 53
              ;
set F[431] := 19 29
              29 23
              23 24
              24 25
              25 55
              ;
set F[432] := 19 29
              29 30
              30 21
              21 26
              26 56
              ;
set F[433] := 19 29
              29 30
              30 21
              21 27
              27 57
              ;
set F[434] := 19 29
              29 23
              23 24
              24 25
              25 28
              28 58
              ;
set F[435] := 20 13
              13 8
              8 5
              5 21
              21 1
              1 31
              ;
set F[436] := 20 13
              13 8
              8 5
              5 21
              21 2
              2 32
              ;
set F[437] := 20 13
              13 8
              8 5
              5 21
              21 3
              3 33
              ;
set F[438] := 20 13
              13 8
              8 5
              5 21
              21 4
              4 34
              ;
set F[439] := 20 13
              13 8
              8 5
              5 35
              ;
set F[440] := 20 13
              13 8
              8 5
              5 21
              21 7
              7 37
              ;
set F[441] := 20 13
              13 8
              8 38
              ;
set F[442] := 20 13
              13 9
              9 39
              ;
set F[443] := 20 13
              13 8
              8 5
              5 21
              21 10
              10 40
              ;
set F[444] := 20 13
              13 8
              8 5
              5 21
              21 11
              11 41
              ;
set F[445] := 20 13
              13 12
              12 42
              ;
set F[446] := 20 13
              13 43
              ;
set F[447] := 20 13
              13 8
              8 5
              5 21
              21 14
              14 44
              ;
set F[448] := 20 13
              13 8
              8 5
              5 21
              21 15
              15 45
              ;
set F[449] := 20 13
              13 8
              8 5
              5 21
              21 16
              16 46
              ;
set F[450] := 20 13
              13 8
              8 5
              5 21
              21 17
              17 47
              ;
set F[451] := 20 13
              13 8
              8 5
              5 21
              21 30
              30 29
              29 23
              23 18
              18 48
              ;
set F[452] := 20 13
              13 8
              8 5
              5 21
              21 51
              ;
set F[453] := 20 13
              13 8
              8 5
              5 21
              21 22
              22 52
              ;
set F[454] := 20 13
              13 8
              8 5
              5 21
              21 30
              30 29
              29 23
              23 53
              ;
set F[455] := 20 13
              13 8
              8 5
              5 21
              21 27
              27 28
              28 25
              25 55
              ;
set F[456] := 20 13
              13 8
              8 5
              5 21
              21 26
              26 56
              ;
set F[457] := 20 13
              13 8
              8 5
              5 21
              21 27
              27 57
              ;
set F[458] := 20 13
              13 8
              8 5
              5 21
              21 27
              27 28
              28 58
              ;
set F[459] := 20 13
              13 8
              8 5
              5 21
              21 30
              30 60
              ;
set F[460] := 21 1
              1 31
              ;
set F[461] := 21 2
              2 32
              ;
set F[462] := 21 3
              3 33
              ;
set F[463] := 21 4
              4 34
              ;
set F[464] := 21 5
              5 35
              ;
set F[465] := 21 6
              6 36
              ;
set F[466] := 21 7
              7 37
              ;
set F[467] := 21 5
              5 8
              8 38
              ;
set F[468] := 21 6
              6 9
              9 39
              ;
set F[469] := 21 10
              10 40
              ;
set F[470] := 21 11
              11 41
              ;
set F[471] := 21 5
              5 8
              8 13
              13 12
              12 42
              ;
set F[472] := 21 5
              5 8
              8 13
              13 43
              ;
set F[473] := 21 14
              14 44
              ;
set F[474] := 21 15
              15 45
              ;
set F[475] := 21 16
              16 46
              ;
set F[476] := 21 17
              17 47
              ;
set F[477] := 21 30
              30 29
              29 23
              23 18
              18 48
              ;
set F[478] := 21 30
              30 29
              29 19
              19 49
              ;
set F[479] := 21 5
              5 8
              8 13
              13 20
              20 50
              ;
set F[480] := 21 22
              22 52
              ;
set F[481] := 21 30
              30 29
              29 23
              23 53
              ;
set F[482] := 21 27
              27 28
              28 25
              25 24
              24 54
              ;
set F[483] := 21 27
              27 28
              28 25
              25 55
              ;
set F[484] := 21 26
              26 56
              ;
set F[485] := 21 27
              27 57
              ;
set F[486] := 21 27
              27 28
              28 58
              ;
set F[487] := 21 30
              30 29
              29 59
              ;
set F[488] := 21 30
              30 60
              ;
set F[489] := 22 21
              21 1
              1 31
              ;
set F[490] := 22 21
              21 2
              2 32
              ;
set F[491] := 22 21
              21 3
              3 33
              ;
set F[492] := 22 21
              21 4
              4 34
              ;
set F[493] := 22 21
              21 5
              5 35
              ;
set F[494] := 22 21
              21 7
              7 37
              ;
set F[495] := 22 21
              21 5
              5 8
              8 38
              ;
set F[496] := 22 21
              21 6
              6 9
              9 39
              ;
set F[497] := 22 21
              21 10
              10 40
              ;
set F[498] := 22 21
              21 11
              11 41
              ;
set F[499] := 22 21
              21 5
              5 8
              8 13
              13 12
              12 42
              ;
set F[500] := 22 21
              21 5
              5 8
              8 13
              13 43
              ;
set F[501] := 22 21
              21 14
              14 44
              ;
set F[502] := 22 21
              21 15
              15 45
              ;
set F[503] := 22 21
              21 16
              16 46
              ;
set F[504] := 22 21
              21 17
              17 47
              ;
set F[505] := 22 21
              21 30
              30 29
              29 23
              23 18
              18 48
              ;
set F[506] := 22 21
              21 5
              5 8
              8 13
              13 20
              20 50
              ;
set F[507] := 22 21
              21 51
              ;
set F[508] := 22 21
              21 30
              30 29
              29 23
              23 53
              ;
set F[509] := 22 21
              21 27
              27 28
              28 25
              25 24
              24 54
              ;
set F[510] := 22 21
              21 27
              27 28
              28 25
              25 55
              ;
set F[511] := 22 21
              21 26
              26 56
              ;
set F[512] := 22 21
              21 27
              27 57
              ;
set F[513] := 22 21
              21 27
              27 28
              28 58
              ;
set F[514] := 22 21
              21 30
              30 60
              ;
set F[515] := 23 29
              29 30
              30 21
              21 1
              1 31
              ;
set F[516] := 23 29
              29 30
              30 21
              21 2
              2 32
              ;
set F[517] := 23 29
              29 30
              30 21
              21 3
              3 33
              ;
set F[518] := 23 29
              29 30
              30 21
              21 4
              4 34
              ;
set F[519] := 23 29
              29 30
              30 21
              21 5
              5 35
              ;
set F[520] := 23 29
              29 30
              30 21
              21 6
              6 36
              ;
set F[521] := 23 29
              29 30
              30 21
              21 7
              7 37
              ;
set F[522] := 23 29
              29 30
              30 21
              21 5
              5 8
              8 38
              ;
set F[523] := 23 29
              29 30
              30 21
              21 6
              6 9
              9 39
              ;
set F[524] := 23 29
              29 30
              30 21
              21 10
              10 40
              ;
set F[525] := 23 29
              29 30
              30 21
              21 11
              11 41
              ;
set F[526] := 23 29
              29 30
              30 21
              21 5
              5 8
              8 13
              13 12
              12 42
              ;
set F[527] := 23 29
              29 30
              30 21
              21 5
              5 8
              8 13
              13 43
              ;
set F[528] := 23 29
              29 30
              30 21
              21 14
              14 44
              ;
set F[529] := 23 29
              29 30
              30 21
              21 15
              15 45
              ;
set F[530] := 23 29
              29 30
              30 21
              21 16
              16 46
              ;
set F[531] := 23 29
              29 30
              30 21
              21 17
              17 47
              ;
set F[532] := 23 18
              18 48
              ;
set F[533] := 23 29
              29 30
              30 21
              21 5
              5 8
              8 13
              13 20
              20 50
              ;
set F[534] := 23 29
              29 30
              30 21
              21 51
              ;
set F[535] := 23 29
              29 30
              30 21
              21 22
              22 52
              ;
set F[536] := 23 24
              24 54
              ;
set F[537] := 23 24
              24 25
              25 55
              ;
set F[538] := 23 29
              29 30
              30 21
              21 26
              26 56
              ;
set F[539] := 23 29
              29 30
              30 21
              21 27
              27 57
              ;
set F[540] := 23 24
              24 25
              25 28
              28 58
              ;
set F[541] := 23 29
              29 59
              ;
set F[542] := 23 29
              29 30
              30 60
              ;
set F[543] := 24 23
              23 29
              29 30
              30 21
              21 5
              5 8
              8 13
              13 43
              ;
set F[544] := 24 23
              23 29
              29 30
              30 21
              21 51
              ;
set F[545] := 25 28
              28 27
              27 21
              21 1
              1 31
              ;
set F[546] := 25 28
              28 27
              27 21
              21 2
              2 32
              ;
set F[547] := 25 28
              28 27
              27 21
              21 3
              3 33
              ;
set F[548] := 25 28
              28 27
              27 21
              21 4
              4 34
              ;
set F[549] := 25 28
              28 27
              27 21
              21 5
              5 35
              ;
set F[550] := 25 28
              28 27
              27 21
              21 6
              6 36
              ;
set F[551] := 25 28
              28 27
              27 21
              21 7
              7 37
              ;
set F[552] := 25 28
              28 27
              27 21
              21 5
              5 8
              8 38
              ;
set F[553] := 25 28
              28 27
              27 21
              21 6
              6 9
              9 39
              ;
set F[554] := 25 28
              28 27
              27 21
              21 10
              10 40
              ;
set F[555] := 25 28
              28 27
              27 21
              21 11
              11 41
              ;
set F[556] := 25 28
              28 27
              27 21
              21 5
              5 8
              8 13
              13 12
              12 42
              ;
set F[557] := 25 28
              28 27
              27 21
              21 5
              5 8
              8 13
              13 43
              ;
set F[558] := 25 28
              28 27
              27 21
              21 14
              14 44
              ;
set F[559] := 25 28
              28 27
              27 21
              21 15
              15 45
              ;
set F[560] := 25 28
              28 27
              27 21
              21 16
              16 46
              ;
set F[561] := 25 28
              28 27
              27 21
              21 17
              17 47
              ;
set F[562] := 25 24
              24 23
              23 18
              18 48
              ;
set F[563] := 25 28
              28 27
              27 21
              21 5
              5 8
              8 13
              13 20
              20 50
              ;
set F[564] := 25 28
              28 27
              27 21
              21 51
              ;
set F[565] := 25 28
              28 27
              27 21
              21 22
              22 52
              ;
set F[566] := 25 24
              24 23
              23 53
              ;
set F[567] := 25 24
              24 54
              ;
set F[568] := 25 28
              28 27
              27 21
              21 26
              26 56
              ;
set F[569] := 25 28
              28 27
              27 57
              ;
set F[570] := 25 28
              28 58
              ;
set F[571] := 25 24
              24 23
              23 29
              29 59
              ;
set F[572] := 25 24
              24 23
              23 29
              29 30
              30 60
              ;
set F[573] := 26 21
              21 1
              1 31
              ;
set F[574] := 26 21
              21 2
              2 32
              ;
set F[575] := 26 21
              21 3
              3 33
              ;
set F[576] := 26 21
              21 4
              4 34
              ;
set F[577] := 26 21
              21 5
              5 35
              ;
set F[578] := 26 21
              21 7
              7 37
              ;
set F[579] := 26 21
              21 5
              5 8
              8 38
              ;
set F[580] := 26 21
              21 6
              6 9
              9 39
              ;
set F[581] := 26 21
              21 10
              10 40
              ;
set F[582] := 26 21
              21 11
              11 41
              ;
set F[583] := 26 21
              21 5
              5 8
              8 13
              13 12
              12 42
              ;
set F[584] := 26 21
              21 5
              5 8
              8 13
              13 43
              ;
set F[585] := 26 21
              21 14
              14 44
              ;
set F[586] := 26 21
              21 15
              15 45
              ;
set F[587] := 26 21
              21 16
              16 46
              ;
set F[588] := 26 21
              21 17
              17 47
              ;
set F[589] := 26 21
              21 30
              30 29
              29 23
              23 18
              18 48
              ;
set F[590] := 26 21
              21 5
              5 8
              8 13
              13 20
              20 50
              ;
set F[591] := 26 21
              21 51
              ;
set F[592] := 26 21
              21 22
              22 52
              ;
set F[593] := 26 21
              21 30
              30 29
              29 23
              23 53
              ;
set F[594] := 26 21
              21 27
              27 28
              28 25
              25 55
              ;
set F[595] := 26 21
              21 27
              27 57
              ;
set F[596] := 26 21
              21 27
              27 28
              28 58
              ;
set F[597] := 26 21
              21 30
              30 60
              ;
set F[598] := 27 21
              21 1
              1 31
              ;
set F[599] := 27 21
              21 2
              2 32
              ;
set F[600] := 27 21
              21 3
              3 33
              ;
set F[601] := 27 21
              21 4
              4 34
              ;
set F[602] := 27 21
              21 5
              5 35
              ;
set F[603] := 27 21
              21 7
              7 37
              ;
set F[604] := 27 21
              21 5
              5 8
              8 38
              ;
set F[605] := 27 21
              21 6
              6 9
              9 39
              ;
set F[606] := 27 21
              21 10
              10 40
              ;
set F[607] := 27 21
              21 11
              11 41
              ;
set F[608] := 27 21
              21 5
              5 8
              8 13
              13 12
              12 42
              ;
set F[609] := 27 21
              21 5
              5 8
              8 13
              13 43
              ;
set F[610] := 27 21
              21 14
              14 44
              ;
set F[611] := 27 21
              21 15
              15 45
              ;
set F[612] := 27 21
              21 16
              16 46
              ;
set F[613] := 27 21
              21 17
              17 47
              ;
set F[614] := 27 21
              21 30
              30 29
              29 23
              23 18
              18 48
              ;
set F[615] := 27 21
              21 5
              5 8
              8 13
              13 20
              20 50
              ;
set F[616] := 27 21
              21 51
              ;
set F[617] := 27 21
              21 22
              22 52
              ;
set F[618] := 27 21
              21 30
              30 29
              29 23
              23 53
              ;
set F[619] := 27 28
              28 25
              25 55
              ;
set F[620] := 27 21
              21 26
              26 56
              ;
set F[621] := 27 28
              28 58
              ;
set F[622] := 27 21
              21 30
              30 60
              ;
set F[623] := 28 27
              27 21
              21 1
              1 31
              ;
set F[624] := 28 27
              27 21
              21 2
              2 32
              ;
set F[625] := 28 27
              27 21
              21 3
              3 33
              ;
set F[626] := 28 27
              27 21
              21 4
              4 34
              ;
set F[627] := 28 27
              27 21
              21 5
              5 35
              ;
set F[628] := 28 27
              27 21
              21 7
              7 37
              ;
set F[629] := 28 27
              27 21
              21 5
              5 8
              8 38
              ;
set F[630] := 28 27
              27 21
              21 6
              6 9
              9 39
              ;
set F[631] := 28 27
              27 21
              21 10
              10 40
              ;
set F[632] := 28 27
              27 21
              21 11
              11 41
              ;
set F[633] := 28 27
              27 21
              21 5
              5 8
              8 13
              13 12
              12 42
              ;
set F[634] := 28 27
              27 21
              21 5
              5 8
              8 13
              13 43
              ;
set F[635] := 28 27
              27 21
              21 14
              14 44
              ;
set F[636] := 28 27
              27 21
              21 17
              17 47
              ;
set F[637] := 28 25
              25 24
              24 23
              23 18
              18 48
              ;
set F[638] := 28 27
              27 21
              21 5
              5 8
              8 13
              13 20
              20 50
              ;
set F[639] := 28 27
              27 21
              21 51
              ;
set F[640] := 28 27
              27 21
              21 22
              22 52
              ;
set F[641] := 28 25
              25 24
              24 23
              23 53
              ;
set F[642] := 28 25
              25 55
              ;
set F[643] := 28 27
              27 21
              21 26
              26 56
              ;
set F[644] := 28 27
              27 57
              ;
set F[645] := 28 27
              27 21
              21 30
              30 60
              ;
set F[646] := 29 30
              30 21
              21 1
              1 31
              ;
set F[647] := 29 30
              30 21
              21 2
              2 32
              ;
set F[648] := 29 30
              30 21
              21 3
              3 33
              ;
set F[649] := 29 30
              30 21
              21 4
              4 34
              ;
set F[650] := 29 30
              30 21
              21 5
              5 35
              ;
set F[651] := 29 30
              30 21
              21 7
              7 37
              ;
set F[652] := 29 30
              30 21
              21 5
              5 8
              8 38
              ;
set F[653] := 29 30
              30 21
              21 6
              6 9
              9 39
              ;
set F[654] := 29 30
              30 21
              21 10
              10 40
              ;
set F[655] := 29 30
              30 21
              21 11
              11 41
              ;
set F[656] := 29 30
              30 21
              21 5
              5 8
              8 13
              13 12
              12 42
              ;
set F[657] := 29 30
              30 21
              21 5
              5 8
              8 13
              13 43
              ;
set F[658] := 29 30
              30 21
              21 14
              14 44
              ;
set F[659] := 29 30
              30 21
              21 15
              15 45
              ;
set F[660] := 29 30
              30 21
              21 16
              16 46
              ;
set F[661] := 29 30
              30 21
              21 17
              17 47
              ;
set F[662] := 29 23
              23 18
              18 48
              ;
set F[663] := 29 30
              30 21
              21 5
              5 8
              8 13
              13 20
              20 50
              ;
set F[664] := 29 30
              30 21
              21 51
              ;
set F[665] := 29 30
              30 21
              21 22
              22 52
              ;
set F[666] := 29 23
              23 53
              ;
set F[667] := 29 23
              23 24
              24 25
              25 55
              ;
set F[668] := 29 30
              30 21
              21 26
              26 56
              ;
set F[669] := 29 30
              30 21
              21 27
              27 57
              ;
set F[670] := 29 23
              23 24
              24 25
              25 28
              28 58
              ;
set F[671] := 29 30
              30 60
              ;
set F[672] := 30 21
              21 1
              1 31
              ;
set F[673] := 30 21
              21 2
              2 32
              ;
set F[674] := 30 21
              21 3
              3 33
              ;
set F[675] := 30 21
              21 4
              4 34
              ;
set F[676] := 30 21
              21 5
              5 35
              ;
set F[677] := 30 21
              21 7
              7 37
              ;
set F[678] := 30 21
              21 5
              5 8
              8 38
              ;
set F[679] := 30 21
              21 6
              6 9
              9 39
              ;
set F[680] := 30 21
              21 10
              10 40
              ;
set F[681] := 30 21
              21 11
              11 41
              ;
set F[682] := 30 21
              21 5
              5 8
              8 13
              13 12
              12 42
              ;
set F[683] := 30 21
              21 5
              5 8
              8 13
              13 43
              ;
set F[684] := 30 21
              21 14
              14 44
              ;
set F[685] := 30 21
              21 15
              15 45
              ;
set F[686] := 30 21
              21 16
              16 46
              ;
set F[687] := 30 21
              21 17
              17 47
              ;
set F[688] := 30 29
              29 23
              23 18
              18 48
              ;
set F[689] := 30 21
              21 5
              5 8
              8 13
              13 20
              20 50
              ;
set F[690] := 30 21
              21 51
              ;
set F[691] := 30 21
              21 22
              22 52
              ;
set F[692] := 30 29
              29 23
              23 53
              ;
set F[693] := 30 21
              21 27
              27 28
              28 25
              25 55
              ;
set F[694] := 30 21
              21 26
              26 56
              ;
set F[695] := 30 21
              21 27
              27 57
              ;
set F[696] := 30 21
              21 27
              27 28
              28 58
              ;
set Last[1] := 2 32;
set Last[2] := 3 33;
set Last[3] := 4 34;
set Last[4] := 5 35;
set Last[5] := 7 37;
set Last[6] := 8 38;
set Last[7] := 9 39;
set Last[8] := 10 40;
set Last[9] := 11 41;
set Last[10] := 12 42;
set Last[11] := 13 43;
set Last[12] := 14 44;
set Last[13] := 15 45;
set Last[14] := 16 46;
set Last[15] := 17 47;
set Last[16] := 18 48;
set Last[17] := 20 50;
set Last[18] := 21 51;
set Last[19] := 22 52;
set Last[20] := 23 53;
set Last[21] := 24 54;
set Last[22] := 25 55;
set Last[23] := 26 56;
set Last[24] := 27 57;
set Last[25] := 28 58;
set Last[26] := 30 60;
set Last[27] := 13 43;
set Last[28] := 21 51;
set Last[29] := 1 31;
set Last[30] := 2 32;
set Last[31] := 4 34;
set Last[32] := 5 35;
set Last[33] := 7 37;
set Last[34] := 8 38;
set Last[35] := 9 39;
set Last[36] := 10 40;
set Last[37] := 11 41;
set Last[38] := 12 42;
set Last[39] := 13 43;
set Last[40] := 14 44;
set Last[41] := 16 46;
set Last[42] := 17 47;
set Last[43] := 18 48;
set Last[44] := 20 50;
set Last[45] := 21 51;
set Last[46] := 22 52;
set Last[47] := 23 53;
set Last[48] := 25 55;
set Last[49] := 26 56;
set Last[50] := 27 57;
set Last[51] := 28 58;
set Last[52] := 30 60;
set Last[53] := 5 35;
set Last[54] := 9 39;
set Last[55] := 13 43;
set Last[56] := 21 51;
set Last[57] := 23 53;
set Last[58] := 25 55;
set Last[59] := 27 57;
set Last[60] := 1 31;
set Last[61] := 2 32;
set Last[62] := 3 33;
set Last[63] := 4 34;
set Last[64] := 7 37;
set Last[65] := 8 38;
set Last[66] := 9 39;
set Last[67] := 10 40;
set Last[68] := 11 41;
set Last[69] := 12 42;
set Last[70] := 13 43;
set Last[71] := 14 44;
set Last[72] := 15 45;
set Last[73] := 16 46;
set Last[74] := 17 47;
set Last[75] := 18 48;
set Last[76] := 20 50;
set Last[77] := 21 51;
set Last[78] := 22 52;
set Last[79] := 23 53;
set Last[80] := 25 55;
set Last[81] := 26 56;
set Last[82] := 27 57;
set Last[83] := 28 58;
set Last[84] := 30 60;
set Last[85] := 1 31;
set Last[86] := 2 32;
set Last[87] := 3 33;
set Last[88] := 4 34;
set Last[89] := 5 35;
set Last[90] := 7 37;
set Last[91] := 8 38;
set Last[92] := 9 39;
set Last[93] := 10 40;
set Last[94] := 11 41;
set Last[95] := 12 42;
set Last[96] := 13 43;
set Last[97] := 14 44;
set Last[98] := 15 45;
set Last[99] := 16 46;
set Last[100] := 17 47;
set Last[101] := 18 48;
set Last[102] := 20 50;
set Last[103] := 21 51;
set Last[104] := 22 52;
set Last[105] := 23 53;
set Last[106] := 24 54;
set Last[107] := 25 55;
set Last[108] := 26 56;
set Last[109] := 27 57;
set Last[110] := 28 58;
set Last[111] := 29 59;
set Last[112] := 30 60;
set Last[113] := 1 31;
set Last[114] := 2 32;
set Last[115] := 3 33;
set Last[116] := 4 34;
set Last[117] := 5 35;
set Last[118] := 8 38;
set Last[119] := 9 39;
set Last[120] := 10 40;
set Last[121] := 11 41;
set Last[122] := 12 42;
set Last[123] := 13 43;
set Last[124] := 14 44;
set Last[125] := 15 45;
set Last[126] := 16 46;
set Last[127] := 17 47;
set Last[128] := 18 48;
set Last[129] := 20 50;
set Last[130] := 21 51;
set Last[131] := 22 52;
set Last[132] := 23 53;
set Last[133] := 25 55;
set Last[134] := 26 56;
set Last[135] := 27 57;
set Last[136] := 28 58;
set Last[137] := 30 60;
set Last[138] := 1 31;
set Last[139] := 2 32;
set Last[140] := 3 33;
set Last[141] := 4 34;
set Last[142] := 5 35;
set Last[143] := 6 36;
set Last[144] := 7 37;
set Last[145] := 9 39;
set Last[146] := 10 40;
set Last[147] := 11 41;
set Last[148] := 12 42;
set Last[149] := 13 43;
set Last[150] := 14 44;
set Last[151] := 15 45;
set Last[152] := 16 46;
set Last[153] := 17 47;
set Last[154] := 18 48;
set Last[155] := 20 50;
set Last[156] := 21 51;
set Last[157] := 22 52;
set Last[158] := 23 53;
set Last[159] := 24 54;
set Last[160] := 25 55;
set Last[161] := 26 56;
set Last[162] := 27 57;
set Last[163] := 28 58;
set Last[164] := 29 59;
set Last[165] := 30 60;
set Last[166] := 1 31;
set Last[167] := 2 32;
set Last[168] := 3 33;
set Last[169] := 4 34;
set Last[170] := 5 35;
set Last[171] := 6 36;
set Last[172] := 7 37;
set Last[173] := 8 38;
set Last[174] := 10 40;
set Last[175] := 11 41;
set Last[176] := 12 42;
set Last[177] := 13 43;
set Last[178] := 14 44;
set Last[179] := 15 45;
set Last[180] := 16 46;
set Last[181] := 17 47;
set Last[182] := 18 48;
set Last[183] := 20 50;
set Last[184] := 21 51;
set Last[185] := 22 52;
set Last[186] := 23 53;
set Last[187] := 24 54;
set Last[188] := 25 55;
set Last[189] := 26 56;
set Last[190] := 27 57;
set Last[191] := 28 58;
set Last[192] := 30 60;
set Last[193] := 1 31;
set Last[194] := 4 34;
set Last[195] := 5 35;
set Last[196] := 8 38;
set Last[197] := 9 39;
set Last[198] := 11 41;
set Last[199] := 12 42;
set Last[200] := 13 43;
set Last[201] := 17 47;
set Last[202] := 18 48;
set Last[203] := 20 50;
set Last[204] := 21 51;
set Last[205] := 22 52;
set Last[206] := 23 53;
set Last[207] := 25 55;
set Last[208] := 26 56;
set Last[209] := 27 57;
set Last[210] := 1 31;
set Last[211] := 2 32;
set Last[212] := 3 33;
set Last[213] := 4 34;
set Last[214] := 5 35;
set Last[215] := 7 37;
set Last[216] := 8 38;
set Last[217] := 9 39;
set Last[218] := 10 40;
set Last[219] := 12 42;
set Last[220] := 13 43;
set Last[221] := 14 44;
set Last[222] := 15 45;
set Last[223] := 16 46;
set Last[224] := 17 47;
set Last[225] := 18 48;
set Last[226] := 20 50;
set Last[227] := 21 51;
set Last[228] := 22 52;
set Last[229] := 23 53;
set Last[230] := 25 55;
set Last[231] := 26 56;
set Last[232] := 27 57;
set Last[233] := 28 58;
set Last[234] := 30 60;
set Last[235] := 1 31;
set Last[236] := 2 32;
set Last[237] := 3 33;
set Last[238] := 4 34;
set Last[239] := 5 35;
set Last[240] := 7 37;
set Last[241] := 8 38;
set Last[242] := 9 39;
set Last[243] := 10 40;
set Last[244] := 11 41;
set Last[245] := 13 43;
set Last[246] := 14 44;
set Last[247] := 15 45;
set Last[248] := 16 46;
set Last[249] := 17 47;
set Last[250] := 18 48;
set Last[251] := 20 50;
set Last[252] := 21 51;
set Last[253] := 22 52;
set Last[254] := 23 53;
set Last[255] := 24 54;
set Last[256] := 25 55;
set Last[257] := 26 56;
set Last[258] := 27 57;
set Last[259] := 28 58;
set Last[260] := 30 60;
set Last[261] := 1 31;
set Last[262] := 2 32;
set Last[263] := 3 33;
set Last[264] := 4 34;
set Last[265] := 5 35;
set Last[266] := 6 36;
set Last[267] := 7 37;
set Last[268] := 8 38;
set Last[269] := 9 39;
set Last[270] := 10 40;
set Last[271] := 11 41;
set Last[272] := 12 42;
set Last[273] := 14 44;
set Last[274] := 15 45;
set Last[275] := 16 46;
set Last[276] := 17 47;
set Last[277] := 18 48;
set Last[278] := 19 49;
set Last[279] := 20 50;
set Last[280] := 21 51;
set Last[281] := 22 52;
set Last[282] := 23 53;
set Last[283] := 24 54;
set Last[284] := 25 55;
set Last[285] := 26 56;
set Last[286] := 27 57;
set Last[287] := 28 58;
set Last[288] := 29 59;
set Last[289] := 30 60;
set Last[290] := 1 31;
set Last[291] := 2 32;
set Last[292] := 3 33;
set Last[293] := 4 34;
set Last[294] := 5 35;
set Last[295] := 7 37;
set Last[296] := 8 38;
set Last[297] := 9 39;
set Last[298] := 10 40;
set Last[299] := 11 41;
set Last[300] := 12 42;
set Last[301] := 13 43;
set Last[302] := 16 46;
set Last[303] := 17 47;
set Last[304] := 18 48;
set Last[305] := 20 50;
set Last[306] := 21 51;
set Last[307] := 22 52;
set Last[308] := 23 53;
set Last[309] := 25 55;
set Last[310] := 26 56;
set Last[311] := 27 57;
set Last[312] := 28 58;
set Last[313] := 30 60;
set Last[314] := 1 31;
set Last[315] := 2 32;
set Last[316] := 3 33;
set Last[317] := 4 34;
set Last[318] := 5 35;
set Last[319] := 7 37;
set Last[320] := 8 38;
set Last[321] := 9 39;
set Last[322] := 10 40;
set Last[323] := 11 41;
set Last[324] := 12 42;
set Last[325] := 13 43;
set Last[326] := 14 44;
set Last[327] := 16 46;
set Last[328] := 17 47;
set Last[329] := 18 48;
set Last[330] := 20 50;
set Last[331] := 21 51;
set Last[332] := 22 52;
set Last[333] := 23 53;
set Last[334] := 25 55;
set Last[335] := 26 56;
set Last[336] := 27 57;
set Last[337] := 28 58;
set Last[338] := 30 60;
set Last[339] := 1 31;
set Last[340] := 2 32;
set Last[341] := 3 33;
set Last[342] := 4 34;
set Last[343] := 5 35;
set Last[344] := 7 37;
set Last[345] := 8 38;
set Last[346] := 9 39;
set Last[347] := 10 40;
set Last[348] := 11 41;
set Last[349] := 12 42;
set Last[350] := 13 43;
set Last[351] := 14 44;
set Last[352] := 15 45;
set Last[353] := 17 47;
set Last[354] := 18 48;
set Last[355] := 20 50;
set Last[356] := 21 51;
set Last[357] := 22 52;
set Last[358] := 23 53;
set Last[359] := 24 54;
set Last[360] := 25 55;
set Last[361] := 26 56;
set Last[362] := 27 57;
set Last[363] := 28 58;
set Last[364] := 30 60;
set Last[365] := 1 31;
set Last[366] := 2 32;
set Last[367] := 3 33;
set Last[368] := 4 34;
set Last[369] := 5 35;
set Last[370] := 7 37;
set Last[371] := 8 38;
set Last[372] := 9 39;
set Last[373] := 10 40;
set Last[374] := 11 41;
set Last[375] := 12 42;
set Last[376] := 13 43;
set Last[377] := 14 44;
set Last[378] := 15 45;
set Last[379] := 16 46;
set Last[380] := 18 48;
set Last[381] := 20 50;
set Last[382] := 21 51;
set Last[383] := 22 52;
set Last[384] := 23 53;
set Last[385] := 25 55;
set Last[386] := 26 56;
set Last[387] := 27 57;
set Last[388] := 28 58;
set Last[389] := 30 60;
set Last[390] := 1 31;
set Last[391] := 2 32;
set Last[392] := 3 33;
set Last[393] := 4 34;
set Last[394] := 5 35;
set Last[395] := 7 37;
set Last[396] := 8 38;
set Last[397] := 9 39;
set Last[398] := 10 40;
set Last[399] := 11 41;
set Last[400] := 12 42;
set Last[401] := 13 43;
set Last[402] := 14 44;
set Last[403] := 15 45;
set Last[404] := 16 46;
set Last[405] := 17 47;
set Last[406] := 20 50;
set Last[407] := 21 51;
set Last[408] := 22 52;
set Last[409] := 23 53;
set Last[410] := 25 55;
set Last[411] := 26 56;
set Last[412] := 27 57;
set Last[413] := 28 58;
set Last[414] := 30 60;
set Last[415] := 1 31;
set Last[416] := 4 34;
set Last[417] := 5 35;
set Last[418] := 7 37;
set Last[419] := 8 38;
set Last[420] := 9 39;
set Last[421] := 10 40;
set Last[422] := 11 41;
set Last[423] := 12 42;
set Last[424] := 13 43;
set Last[425] := 17 47;
set Last[426] := 18 48;
set Last[427] := 20 50;
set Last[428] := 21 51;
set Last[429] := 22 52;
set Last[430] := 23 53;
set Last[431] := 25 55;
set Last[432] := 26 56;
set Last[433] := 27 57;
set Last[434] := 28 58;
set Last[435] := 1 31;
set Last[436] := 2 32;
set Last[437] := 3 33;
set Last[438] := 4 34;
set Last[439] := 5 35;
set Last[440] := 7 37;
set Last[441] := 8 38;
set Last[442] := 9 39;
set Last[443] := 10 40;
set Last[444] := 11 41;
set Last[445] := 12 42;
set Last[446] := 13 43;
set Last[447] := 14 44;
set Last[448] := 15 45;
set Last[449] := 16 46;
set Last[450] := 17 47;
set Last[451] := 18 48;
set Last[452] := 21 51;
set Last[453] := 22 52;
set Last[454] := 23 53;
set Last[455] := 25 55;
set Last[456] := 26 56;
set Last[457] := 27 57;
set Last[458] := 28 58;
set Last[459] := 30 60;
set Last[460] := 1 31;
set Last[461] := 2 32;
set Last[462] := 3 33;
set Last[463] := 4 34;
set Last[464] := 5 35;
set Last[465] := 6 36;
set Last[466] := 7 37;
set Last[467] := 8 38;
set Last[468] := 9 39;
set Last[469] := 10 40;
set Last[470] := 11 41;
set Last[471] := 12 42;
set Last[472] := 13 43;
set Last[473] := 14 44;
set Last[474] := 15 45;
set Last[475] := 16 46;
set Last[476] := 17 47;
set Last[477] := 18 48;
set Last[478] := 19 49;
set Last[479] := 20 50;
set Last[480] := 22 52;
set Last[481] := 23 53;
set Last[482] := 24 54;
set Last[483] := 25 55;
set Last[484] := 26 56;
set Last[485] := 27 57;
set Last[486] := 28 58;
set Last[487] := 29 59;
set Last[488] := 30 60;
set Last[489] := 1 31;
set Last[490] := 2 32;
set Last[491] := 3 33;
set Last[492] := 4 34;
set Last[493] := 5 35;
set Last[494] := 7 37;
set Last[495] := 8 38;
set Last[496] := 9 39;
set Last[497] := 10 40;
set Last[498] := 11 41;
set Last[499] := 12 42;
set Last[500] := 13 43;
set Last[501] := 14 44;
set Last[502] := 15 45;
set Last[503] := 16 46;
set Last[504] := 17 47;
set Last[505] := 18 48;
set Last[506] := 20 50;
set Last[507] := 21 51;
set Last[508] := 23 53;
set Last[509] := 24 54;
set Last[510] := 25 55;
set Last[511] := 26 56;
set Last[512] := 27 57;
set Last[513] := 28 58;
set Last[514] := 30 60;
set Last[515] := 1 31;
set Last[516] := 2 32;
set Last[517] := 3 33;
set Last[518] := 4 34;
set Last[519] := 5 35;
set Last[520] := 6 36;
set Last[521] := 7 37;
set Last[522] := 8 38;
set Last[523] := 9 39;
set Last[524] := 10 40;
set Last[525] := 11 41;
set Last[526] := 12 42;
set Last[527] := 13 43;
set Last[528] := 14 44;
set Last[529] := 15 45;
set Last[530] := 16 46;
set Last[531] := 17 47;
set Last[532] := 18 48;
set Last[533] := 20 50;
set Last[534] := 21 51;
set Last[535] := 22 52;
set Last[536] := 24 54;
set Last[537] := 25 55;
set Last[538] := 26 56;
set Last[539] := 27 57;
set Last[540] := 28 58;
set Last[541] := 29 59;
set Last[542] := 30 60;
set Last[543] := 13 43;
set Last[544] := 21 51;
set Last[545] := 1 31;
set Last[546] := 2 32;
set Last[547] := 3 33;
set Last[548] := 4 34;
set Last[549] := 5 35;
set Last[550] := 6 36;
set Last[551] := 7 37;
set Last[552] := 8 38;
set Last[553] := 9 39;
set Last[554] := 10 40;
set Last[555] := 11 41;
set Last[556] := 12 42;
set Last[557] := 13 43;
set Last[558] := 14 44;
set Last[559] := 15 45;
set Last[560] := 16 46;
set Last[561] := 17 47;
set Last[562] := 18 48;
set Last[563] := 20 50;
set Last[564] := 21 51;
set Last[565] := 22 52;
set Last[566] := 23 53;
set Last[567] := 24 54;
set Last[568] := 26 56;
set Last[569] := 27 57;
set Last[570] := 28 58;
set Last[571] := 29 59;
set Last[572] := 30 60;
set Last[573] := 1 31;
set Last[574] := 2 32;
set Last[575] := 3 33;
set Last[576] := 4 34;
set Last[577] := 5 35;
set Last[578] := 7 37;
set Last[579] := 8 38;
set Last[580] := 9 39;
set Last[581] := 10 40;
set Last[582] := 11 41;
set Last[583] := 12 42;
set Last[584] := 13 43;
set Last[585] := 14 44;
set Last[586] := 15 45;
set Last[587] := 16 46;
set Last[588] := 17 47;
set Last[589] := 18 48;
set Last[590] := 20 50;
set Last[591] := 21 51;
set Last[592] := 22 52;
set Last[593] := 23 53;
set Last[594] := 25 55;
set Last[595] := 27 57;
set Last[596] := 28 58;
set Last[597] := 30 60;
set Last[598] := 1 31;
set Last[599] := 2 32;
set Last[600] := 3 33;
set Last[601] := 4 34;
set Last[602] := 5 35;
set Last[603] := 7 37;
set Last[604] := 8 38;
set Last[605] := 9 39;
set Last[606] := 10 40;
set Last[607] := 11 41;
set Last[608] := 12 42;
set Last[609] := 13 43;
set Last[610] := 14 44;
set Last[611] := 15 45;
set Last[612] := 16 46;
set Last[613] := 17 47;
set Last[614] := 18 48;
set Last[615] := 20 50;
set Last[616] := 21 51;
set Last[617] := 22 52;
set Last[618] := 23 53;
set Last[619] := 25 55;
set Last[620] := 26 56;
set Last[621] := 28 58;
set Last[622] := 30 60;
set Last[623] := 1 31;
set Last[624] := 2 32;
set Last[625] := 3 33;
set Last[626] := 4 34;
set Last[627] := 5 35;
set Last[628] := 7 37;
set Last[629] := 8 38;
set Last[630] := 9 39;
set Last[631] := 10 40;
set Last[632] := 11 41;
set Last[633] := 12 42;
set Last[634] := 13 43;
set Last[635] := 14 44;
set Last[636] := 17 47;
set Last[637] := 18 48;
set Last[638] := 20 50;
set Last[639] := 21 51;
set Last[640] := 22 52;
set Last[641] := 23 53;
set Last[642] := 25 55;
set Last[643] := 26 56;
set Last[644] := 27 57;
set Last[645] := 30 60;
set Last[646] := 1 31;
set Last[647] := 2 32;
set Last[648] := 3 33;
set Last[649] := 4 34;
set Last[650] := 5 35;
set Last[651] := 7 37;
set Last[652] := 8 38;
set Last[653] := 9 39;
set Last[654] := 10 40;
set Last[655] := 11 41;
set Last[656] := 12 42;
set Last[657] := 13 43;
set Last[658] := 14 44;
set Last[659] := 15 45;
set Last[660] := 16 46;
set Last[661] := 17 47;
set Last[662] := 18 48;
set Last[663] := 20 50;
set Last[664] := 21 51;
set Last[665] := 22 52;
set Last[666] := 23 53;
set Last[667] := 25 55;
set Last[668] := 26 56;
set Last[669] := 27 57;
set Last[670] := 28 58;
set Last[671] := 30 60;
set Last[672] := 1 31;
set Last[673] := 2 32;
set Last[674] := 3 33;
set Last[675] := 4 34;
set Last[676] := 5 35;
set Last[677] := 7 37;
set Last[678] := 8 38;
set Last[679] := 9 39;
set Last[680] := 10 40;
set Last[681] := 11 41;
set Last[682] := 12 42;
set Last[683] := 13 43;
set Last[684] := 14 44;
set Last[685] := 15 45;
set Last[686] := 16 46;
set Last[687] := 17 47;
set Last[688] := 18 48;
set Last[689] := 20 50;
set Last[690] := 21 51;
set Last[691] := 22 52;
set Last[692] := 23 53;
set Last[693] := 25 55;
set Last[694] := 26 56;
set Last[695] := 27 57;
set Last[696] := 28 58;

param q := 5;

end;
