data;

set V := 1 2 3 4 5 6 7 8 9 10 11 12 13 14 15 16 17 18 19 20 21 22 23 24 25 26 27 28 29 30 31 32 33 34 35 36 37 38 39 40 41 42 43 44 45 47 48 50 51 53 54 55 56 57 58 59 60 62 63 64 65 66;

set A := 1 2
         1 4
         1 7
         1 10
         1 19
         1 22
         1 23
         1 34
         2 1
         2 15
         2 35
         3 4
         3 25
         3 36
         4 1
         4 3
         4 37
         5 6
         5 17
         5 38
         6 5
         6 9
         6 39
         7 1
         7 8
         7 40
         8 7
         8 12
         8 41
         9 6
         9 10
         9 32
         9 42
         10 1
         10 9
         10 43
         11 12
         11 17
         11 20
         11 21
         11 44
         12 8
         12 11
         12 18
         12 45
         13 32
         14 15
         14 24
         14 26
         14 47
         15 2
         15 14
         15 48
         16 12
         17 5
         17 11
         17 50
         18 12
         18 19
         18 51
         19 1
         19 18
         20 11
         20 53
         21 11
         21 54
         22 1
         22 55
         23 1
         23 56
         24 14
         24 25
         24 33
         24 57
         25 3
         25 24
         25 58
         26 14
         26 27
         26 59
         27 26
         27 28
         27 60
         28 27
         28 29
         29 28
         29 30
         29 62
         30 29
         30 33
         30 63
         31 32
         31 64
         32 9
         32 31
         32 33
         32 65
         33 24
         33 30
         33 32
         33 66
         ;

set S := 1 2 3 4 5 6 7 8 9 10 11 12 13 14 15 16 17 18 19 20 21 22 23 24 25 26 27 28 29 30 31 32 33 34 35 36 37 38 39 40 41 42 43 44 45 46 47 48 49 50 51 52 53 54 55 56 57 58 59 60 61 62 63 64 65 66 67 68 69 70 71 72 73 74 75 76 77 78 79 80 81 82 83 84 85 86 87 88 89 90 91 92 93 94 95 96 97 98 99 100 101 102 103 104 105 106 107 108 109 110 111 112 113 114 115 116 117 118 119 120 121 122 123 124 125 126 127 128 129 130 131 132 133 134 135 136 137 138 139 140 141 142 143 144 145 146 147 148 149 150 151 152 153 154 155 156 157 158 159 160 161 162 163 164 165 166 167 168 169 170 171 172 173 174 175 176 177 178 179 180 181 182 183 184 185 186 187 188 189 190 191 192 193 194 195 196 197 198 199 200 201 202 203 204 205 206 207 208 209 210 211 212 213 214 215 216 217 218 219 220 221 222 223 224 225 226 227 228 229 230 231 232 233 234 235 236 237 238 239 240 241 242 243 244 245 246 247 248 249 250 251 252 253 254 255 256 257 258 259 260 261 262 263 264 265 266 267 268 269 270 271 272 273 274 275 276 277 278 279 280 281 282 283 284 285 286 287 288 289 290 291 292 293 294 295 296 297 298 299 300 301 302 303 304 305 306 307 308 309 310 311 312 313 314 315 316 317 318 319 320 321 322 323 324 325 326 327 328 329 330 331 332 333 334 335 336 337 338 339 340 341 342 343 344 345 346 347 348 349 350 351 352 353 354 355 356 357 358 359 360 361 362 363 364 365 366 367 368 369 370 371 372 373 374 375 376 377 378 379 380 381 382 383 384 385 386 387 388 389 390 391 392 393 394 395 396 397 398 399 400 401 402 403 404 405 406 407 408 409 410 411 412 413 414 415 416 417 418 419 420 421 422 423 424 425 426 427 428 429 430 431 432 433 434 435 436 437 438 439 440 441 442 443 444 445 446 447 448 449 450 451 452 453 454 455 456 457 458 459 460 461 462 463 464 465 466 467 468 469 470 471 472 473 474 475 476 477 478 479 480 481 482 483 484 485 486 487 488 489 490 491 492 493 494 495 496 497 498 499 500 501 502 503 504 505 506 507 508 509 510 511 512 513 514 515 516 517 518 519 520 521 522 523 524 525 526 527 528 529 530 531 532 533 534 535 536 537 538 539 540 541 542 543 544 545 546 547 548 549 550 551 552 553 554 555 556 557 558 559 560 561 562 563 564 565 566 567 568 569 570 571 572 573 574 575 576 577 578 579 580 581 582 583 584 585 586 587 588 589 590 591 592 593 594 595 596 597 598 599 600 601 602 603 604 605 606 607 608 609 610 611 612 613 614 615 616 617 618 619 620 621 622 623 624 625 626 627 628 629 630 631 632 633 634;

set F[1] := 1 2
            2 35
            ;
set F[2] := 1 10
            10 9
            9 6
            6 5
            5 38
            ;
set F[3] := 1 10
            10 43
            ;
set F[4] := 1 7
            7 8
            8 12
            12 11
            11 44
            ;
set F[5] := 1 7
            7 8
            8 12
            12 45
            ;
set F[6] := 1 2
            2 15
            15 14
            14 47
            ;
set F[7] := 1 2
            2 15
            15 48
            ;
set F[8] := 1 19
            19 18
            18 51
            ;
set F[9] := 1 2
            2 15
            15 14
            14 26
            26 27
            27 60
            ;
set F[10] := 1 10
             10 9
             9 32
             32 33
             33 30
             30 29
             29 62
             ;
set F[11] := 1 10
             10 9
             9 32
             32 65
             ;
set F[12] := 2 1
             1 34
             ;
set F[13] := 2 1
             1 10
             10 9
             9 6
             6 5
             5 38
             ;
set F[14] := 2 1
             1 10
             10 43
             ;
set F[15] := 2 1
             1 7
             7 8
             8 12
             12 11
             11 44
             ;
set F[16] := 2 1
             1 7
             7 8
             8 12
             12 45
             ;
set F[17] := 2 15
             15 14
             14 47
             ;
set F[18] := 2 15
             15 48
             ;
set F[19] := 2 15
             15 14
             14 26
             26 27
             27 60
             ;
set F[20] := 2 15
             15 14
             14 26
             26 27
             27 28
             28 29
             29 62
             ;
set F[21] := 2 1
             1 10
             10 9
             9 32
             32 65
             ;
set F[22] := 3 4
             4 1
             1 34
             ;
set F[23] := 3 4
             4 1
             1 2
             2 35
             ;
set F[24] := 3 4
             4 1
             1 10
             10 43
             ;
set F[25] := 3 4
             4 1
             1 7
             7 8
             8 12
             12 11
             11 44
             ;
set F[26] := 3 4
             4 1
             1 7
             7 8
             8 12
             12 45
             ;
set F[27] := 3 25
             25 24
             24 14
             14 47
             ;
set F[28] := 3 25
             25 24
             24 14
             14 15
             15 48
             ;
set F[29] := 3 25
             25 24
             24 14
             14 26
             26 27
             27 60
             ;
set F[30] := 3 25
             25 24
             24 33
             33 32
             32 65
             ;
set F[31] := 4 1
             1 34
             ;
set F[32] := 4 1
             1 2
             2 35
             ;
set F[33] := 4 3
             3 36
             ;
set F[34] := 4 1
             1 10
             10 9
             9 6
             6 5
             5 38
             ;
set F[35] := 4 1
             1 10
             10 43
             ;
set F[36] := 4 1
             1 7
             7 8
             8 12
             12 11
             11 44
             ;
set F[37] := 4 1
             1 7
             7 8
             8 12
             12 45
             ;
set F[38] := 4 1
             1 2
             2 15
             15 14
             14 47
             ;
set F[39] := 4 1
             1 2
             2 15
             15 48
             ;
set F[40] := 4 1
             1 7
             7 8
             8 12
             12 11
             11 17
             17 50
             ;
set F[41] := 4 1
             1 19
             19 18
             18 51
             ;
set F[42] := 4 1
             1 2
             2 15
             15 14
             14 26
             26 59
             ;
set F[43] := 4 1
             1 2
             2 15
             15 14
             14 26
             26 27
             27 60
             ;
set F[44] := 4 3
             3 25
             25 24
             24 33
             33 30
             30 29
             29 62
             ;
set F[45] := 4 1
             1 10
             10 9
             9 32
             32 65
             ;
set F[46] := 5 6
             6 9
             9 10
             10 1
             1 34
             ;
set F[47] := 5 6
             6 9
             9 10
             10 1
             1 2
             2 35
             ;
set F[48] := 5 6
             6 9
             9 10
             10 1
             1 4
             4 3
             3 36
             ;
set F[49] := 5 6
             6 9
             9 10
             10 1
             1 4
             4 37
             ;
set F[50] := 5 6
             6 39
             ;
set F[51] := 5 17
             17 11
             11 12
             12 8
             8 7
             7 40
             ;
set F[52] := 5 17
             17 11
             11 12
             12 8
             8 41
             ;
set F[53] := 5 6
             6 9
             9 10
             10 43
             ;
set F[54] := 5 17
             17 11
             11 44
             ;
set F[55] := 5 17
             17 11
             11 12
             12 45
             ;
set F[56] := 5 6
             6 9
             9 32
             32 33
             33 24
             24 14
             14 47
             ;
set F[57] := 5 6
             6 9
             9 10
             10 1
             1 2
             2 15
             15 48
             ;
set F[58] := 5 17
             17 50
             ;
set F[59] := 5 17
             17 11
             11 12
             12 18
             18 51
             ;
set F[60] := 5 17
             17 11
             11 20
             20 53
             ;
set F[61] := 5 17
             17 11
             11 21
             21 54
             ;
set F[62] := 5 6
             6 9
             9 10
             10 1
             1 22
             22 55
             ;
set F[63] := 5 6
             6 9
             9 32
             32 33
             33 24
             24 57
             ;
set F[64] := 5 6
             6 9
             9 32
             32 33
             33 24
             24 25
             25 58
             ;
set F[65] := 5 6
             6 9
             9 32
             32 33
             33 24
             24 14
             14 26
             26 59
             ;
set F[66] := 5 6
             6 9
             9 32
             32 33
             33 24
             24 14
             14 26
             26 27
             27 60
             ;
set F[67] := 5 6
             6 9
             9 32
             32 33
             33 30
             30 29
             29 62
             ;
set F[68] := 5 6
             6 9
             9 32
             32 33
             33 30
             30 63
             ;
set F[69] := 5 6
             6 9
             9 32
             32 31
             31 64
             ;
set F[70] := 5 6
             6 9
             9 32
             32 65
             ;
set F[71] := 5 6
             6 9
             9 32
             32 33
             33 66
             ;
set F[72] := 6 9
             9 10
             10 1
             1 34
             ;
set F[73] := 6 9
             9 10
             10 1
             1 2
             2 35
             ;
set F[74] := 6 9
             9 10
             10 1
             1 4
             4 3
             3 36
             ;
set F[75] := 6 9
             9 10
             10 1
             1 4
             4 37
             ;
set F[76] := 6 5
             5 38
             ;
set F[77] := 6 9
             9 10
             10 1
             1 7
             7 40
             ;
set F[78] := 6 5
             5 17
             17 11
             11 12
             12 8
             8 41
             ;
set F[79] := 6 9
             9 10
             10 43
             ;
set F[80] := 6 5
             5 17
             17 11
             11 44
             ;
set F[81] := 6 5
             5 17
             17 11
             11 12
             12 45
             ;
set F[82] := 6 9
             9 32
             32 33
             33 24
             24 14
             14 47
             ;
set F[83] := 6 9
             9 10
             10 1
             1 2
             2 15
             15 48
             ;
set F[84] := 6 5
             5 17
             17 50
             ;
set F[85] := 6 5
             5 17
             17 11
             11 12
             12 18
             18 51
             ;
set F[86] := 6 5
             5 17
             17 11
             11 20
             20 53
             ;
set F[87] := 6 5
             5 17
             17 11
             11 21
             21 54
             ;
set F[88] := 6 9
             9 10
             10 1
             1 22
             22 55
             ;
set F[89] := 6 9
             9 32
             32 33
             33 24
             24 57
             ;
set F[90] := 6 9
             9 32
             32 33
             33 24
             24 25
             25 58
             ;
set F[91] := 6 9
             9 32
             32 33
             33 24
             24 14
             14 26
             26 59
             ;
set F[92] := 6 9
             9 32
             32 33
             33 24
             24 14
             14 26
             26 27
             27 60
             ;
set F[93] := 6 9
             9 32
             32 33
             33 30
             30 29
             29 62
             ;
set F[94] := 6 9
             9 32
             32 33
             33 30
             30 63
             ;
set F[95] := 6 9
             9 32
             32 31
             31 64
             ;
set F[96] := 6 9
             9 32
             32 65
             ;
set F[97] := 6 9
             9 32
             32 33
             33 66
             ;
set F[98] := 7 1
             1 34
             ;
set F[99] := 7 8
             8 12
             12 11
             11 44
             ;
set F[100] := 7 8
              8 12
              12 45
              ;
set F[101] := 7 1
              1 2
              2 15
              15 14
              14 47
              ;
set F[102] := 7 1
              1 10
              10 9
              9 32
              32 65
              ;
set F[103] := 8 7
              7 1
              1 34
              ;
set F[104] := 8 7
              7 1
              1 2
              2 35
              ;
set F[105] := 8 7
              7 1
              1 4
              4 3
              3 36
              ;
set F[106] := 8 12
              12 11
              11 17
              17 5
              5 38
              ;
set F[107] := 8 7
              7 40
              ;
set F[108] := 8 7
              7 1
              1 10
              10 43
              ;
set F[109] := 8 12
              12 11
              11 44
              ;
set F[110] := 8 12
              12 45
              ;
set F[111] := 8 7
              7 1
              1 2
              2 15
              15 14
              14 47
              ;
set F[112] := 8 7
              7 1
              1 2
              2 15
              15 48
              ;
set F[113] := 8 12
              12 11
              11 17
              17 50
              ;
set F[114] := 8 12
              12 18
              18 51
              ;
set F[115] := 8 7
              7 1
              1 4
              4 3
              3 25
              25 58
              ;
set F[116] := 8 7
              7 1
              1 2
              2 15
              15 14
              14 26
              26 59
              ;
set F[117] := 8 7
              7 1
              1 2
              2 15
              15 14
              14 26
              26 27
              27 60
              ;
set F[118] := 8 7
              7 1
              1 10
              10 9
              9 32
              32 33
              33 30
              30 29
              29 62
              ;
set F[119] := 8 7
              7 1
              1 10
              10 9
              9 32
              32 33
              33 30
              30 63
              ;
set F[120] := 8 7
              7 1
              1 10
              10 9
              9 32
              32 65
              ;
set F[121] := 9 10
              10 1
              1 34
              ;
set F[122] := 9 10
              10 1
              1 2
              2 35
              ;
set F[123] := 9 10
              10 1
              1 4
              4 3
              3 36
              ;
set F[124] := 9 10
              10 1
              1 4
              4 37
              ;
set F[125] := 9 6
              6 5
              5 38
              ;
set F[126] := 9 6
              6 39
              ;
set F[127] := 9 10
              10 1
              1 7
              7 40
              ;
set F[128] := 9 10
              10 1
              1 7
              7 8
              8 41
              ;
set F[129] := 9 10
              10 43
              ;
set F[130] := 9 6
              6 5
              5 17
              17 11
              11 44
              ;
set F[131] := 9 6
              6 5
              5 17
              17 11
              11 12
              12 45
              ;
set F[132] := 9 32
              32 33
              33 24
              24 14
              14 47
              ;
set F[133] := 9 10
              10 1
              1 2
              2 15
              15 48
              ;
set F[134] := 9 6
              6 5
              5 17
              17 50
              ;
set F[135] := 9 10
              10 1
              1 19
              19 18
              18 51
              ;
set F[136] := 9 6
              6 5
              5 17
              17 11
              11 20
              20 53
              ;
set F[137] := 9 6
              6 5
              5 17
              17 11
              11 21
              21 54
              ;
set F[138] := 9 10
              10 1
              1 22
              22 55
              ;
set F[139] := 9 32
              32 33
              33 24
              24 57
              ;
set F[140] := 9 32
              32 33
              33 24
              24 25
              25 58
              ;
set F[141] := 9 32
              32 33
              33 24
              24 14
              14 26
              26 59
              ;
set F[142] := 9 32
              32 33
              33 24
              24 14
              14 26
              26 27
              27 60
              ;
set F[143] := 9 32
              32 33
              33 30
              30 29
              29 62
              ;
set F[144] := 9 32
              32 33
              33 30
              30 63
              ;
set F[145] := 9 32
              32 31
              31 64
              ;
set F[146] := 9 32
              32 65
              ;
set F[147] := 9 32
              32 33
              33 66
              ;
set F[148] := 10 1
              1 34
              ;
set F[149] := 10 1
              1 2
              2 35
              ;
set F[150] := 10 1
              1 4
              4 3
              3 36
              ;
set F[151] := 10 9
              9 6
              6 5
              5 38
              ;
set F[152] := 10 9
              9 6
              6 39
              ;
set F[153] := 10 1
              1 7
              7 40
              ;
set F[154] := 10 1
              1 7
              7 8
              8 41
              ;
set F[155] := 10 1
              1 7
              7 8
              8 12
              12 11
              11 44
              ;
set F[156] := 10 1
              1 7
              7 8
              8 12
              12 45
              ;
set F[157] := 10 1
              1 2
              2 15
              15 14
              14 47
              ;
set F[158] := 10 1
              1 2
              2 15
              15 48
              ;
set F[159] := 10 9
              9 6
              6 5
              5 17
              17 50
              ;
set F[160] := 10 1
              1 19
              19 18
              18 51
              ;
set F[161] := 10 1
              1 7
              7 8
              8 12
              12 11
              11 21
              21 54
              ;
set F[162] := 10 1
              1 22
              22 55
              ;
set F[163] := 10 9
              9 32
              32 33
              33 24
              24 57
              ;
set F[164] := 10 1
              1 4
              4 3
              3 25
              25 58
              ;
set F[165] := 10 1
              1 2
              2 15
              15 14
              14 26
              26 59
              ;
set F[166] := 10 1
              1 2
              2 15
              15 14
              14 26
              26 27
              27 60
              ;
set F[167] := 10 9
              9 32
              32 33
              33 30
              30 29
              29 62
              ;
set F[168] := 10 9
              9 32
              32 33
              33 30
              30 63
              ;
set F[169] := 10 9
              9 32
              32 31
              31 64
              ;
set F[170] := 10 9
              9 32
              32 65
              ;
set F[171] := 10 9
              9 32
              32 33
              33 66
              ;
set F[172] := 11 12
              12 8
              8 7
              7 1
              1 34
              ;
set F[173] := 11 12
              12 8
              8 7
              7 1
              1 2
              2 35
              ;
set F[174] := 11 17
              17 5
              5 38
              ;
set F[175] := 11 17
              17 5
              5 6
              6 9
              9 10
              10 43
              ;
set F[176] := 11 12
              12 45
              ;
set F[177] := 11 12
              12 8
              8 7
              7 1
              1 2
              2 15
              15 14
              14 47
              ;
set F[178] := 11 12
              12 8
              8 7
              7 1
              1 2
              2 15
              15 48
              ;
set F[179] := 11 17
              17 50
              ;
set F[180] := 11 12
              12 18
              18 51
              ;
set F[181] := 11 12
              12 8
              8 7
              7 1
              1 2
              2 15
              15 14
              14 26
              26 59
              ;
set F[182] := 11 12
              12 8
              8 7
              7 1
              1 2
              2 15
              15 14
              14 26
              26 27
              27 60
              ;
set F[183] := 11 17
              17 5
              5 6
              6 9
              9 32
              32 33
              33 30
              30 29
              29 62
              ;
set F[184] := 11 17
              17 5
              5 6
              6 9
              9 32
              32 65
              ;
set F[185] := 12 8
              8 7
              7 1
              1 34
              ;
set F[186] := 12 8
              8 7
              7 1
              1 2
              2 35
              ;
set F[187] := 12 8
              8 7
              7 1
              1 4
              4 3
              3 36
              ;
set F[188] := 12 8
              8 7
              7 1
              1 4
              4 37
              ;
set F[189] := 12 11
              11 17
              17 5
              5 38
              ;
set F[190] := 12 11
              11 17
              17 5
              5 6
              6 39
              ;
set F[191] := 12 8
              8 7
              7 40
              ;
set F[192] := 12 8
              8 41
              ;
set F[193] := 12 8
              8 7
              7 1
              1 10
              10 9
              9 42
              ;
set F[194] := 12 8
              8 7
              7 1
              1 10
              10 43
              ;
set F[195] := 12 11
              11 44
              ;
set F[196] := 12 8
              8 7
              7 1
              1 2
              2 15
              15 14
              14 47
              ;
set F[197] := 12 8
              8 7
              7 1
              1 2
              2 15
              15 48
              ;
set F[198] := 12 11
              11 17
              17 50
              ;
set F[199] := 12 18
              18 51
              ;
set F[200] := 12 11
              11 20
              20 53
              ;
set F[201] := 12 11
              11 21
              21 54
              ;
set F[202] := 12 8
              8 7
              7 1
              1 22
              22 55
              ;
set F[203] := 12 8
              8 7
              7 1
              1 23
              23 56
              ;
set F[204] := 12 8
              8 7
              7 1
              1 2
              2 15
              15 14
              14 24
              24 57
              ;
set F[205] := 12 8
              8 7
              7 1
              1 4
              4 3
              3 25
              25 58
              ;
set F[206] := 12 8
              8 7
              7 1
              1 2
              2 15
              15 14
              14 26
              26 59
              ;
set F[207] := 12 8
              8 7
              7 1
              1 2
              2 15
              15 14
              14 26
              26 27
              27 60
              ;
set F[208] := 12 8
              8 7
              7 1
              1 10
              10 9
              9 32
              32 33
              33 30
              30 29
              29 62
              ;
set F[209] := 12 8
              8 7
              7 1
              1 10
              10 9
              9 32
              32 33
              33 30
              30 63
              ;
set F[210] := 12 8
              8 7
              7 1
              1 10
              10 9
              9 32
              32 31
              31 64
              ;
set F[211] := 12 8
              8 7
              7 1
              1 10
              10 9
              9 32
              32 65
              ;
set F[212] := 12 8
              8 7
              7 1
              1 10
              10 9
              9 32
              32 33
              33 66
              ;
set F[213] := 13 32
              32 9
              9 10
              10 1
              1 34
              ;
set F[214] := 13 32
              32 9
              9 10
              10 1
              1 2
              2 35
              ;
set F[215] := 13 32
              32 33
              33 24
              24 25
              25 3
              3 36
              ;
set F[216] := 13 32
              32 9
              9 6
              6 5
              5 38
              ;
set F[217] := 13 32
              32 9
              9 10
              10 1
              1 7
              7 40
              ;
set F[218] := 13 32
              32 9
              9 10
              10 1
              1 7
              7 8
              8 41
              ;
set F[219] := 13 32
              32 9
              9 10
              10 43
              ;
set F[220] := 13 32
              32 9
              9 6
              6 5
              5 17
              17 11
              11 44
              ;
set F[221] := 13 32
              32 9
              9 6
              6 5
              5 17
              17 11
              11 12
              12 45
              ;
set F[222] := 13 32
              32 33
              33 24
              24 14
              14 47
              ;
set F[223] := 13 32
              32 33
              33 24
              24 14
              14 15
              15 48
              ;
set F[224] := 13 32
              32 9
              9 6
              6 5
              5 17
              17 50
              ;
set F[225] := 13 32
              32 9
              9 10
              10 1
              1 19
              19 18
              18 51
              ;
set F[226] := 13 32
              32 33
              33 24
              24 57
              ;
set F[227] := 13 32
              32 33
              33 24
              24 25
              25 58
              ;
set F[228] := 13 32
              32 33
              33 24
              24 14
              14 26
              26 59
              ;
set F[229] := 13 32
              32 33
              33 24
              24 14
              14 26
              26 27
              27 60
              ;
set F[230] := 13 32
              32 33
              33 30
              30 29
              29 62
              ;
set F[231] := 13 32
              32 33
              33 30
              30 63
              ;
set F[232] := 13 32
              32 65
              ;
set F[233] := 13 32
              32 33
              33 66
              ;
set F[234] := 14 15
              15 2
              2 1
              1 34
              ;
set F[235] := 14 15
              15 2
              2 35
              ;
set F[236] := 14 24
              24 25
              25 3
              3 36
              ;
set F[237] := 14 24
              24 33
              33 32
              32 9
              9 6
              6 5
              5 38
              ;
set F[238] := 14 24
              24 33
              33 32
              32 9
              9 6
              6 39
              ;
set F[239] := 14 15
              15 2
              2 1
              1 7
              7 40
              ;
set F[240] := 14 15
              15 2
              2 1
              1 7
              7 8
              8 41
              ;
set F[241] := 14 15
              15 2
              2 1
              1 10
              10 43
              ;
set F[242] := 14 15
              15 2
              2 1
              1 7
              7 8
              8 12
              12 11
              11 44
              ;
set F[243] := 14 15
              15 2
              2 1
              1 7
              7 8
              8 12
              12 45
              ;
set F[244] := 14 15
              15 48
              ;
set F[245] := 14 24
              24 33
              33 32
              32 9
              9 6
              6 5
              5 17
              17 50
              ;
set F[246] := 14 15
              15 2
              2 1
              1 19
              19 18
              18 51
              ;
set F[247] := 14 15
              15 2
              2 1
              1 7
              7 8
              8 12
              12 11
              11 21
              21 54
              ;
set F[248] := 14 24
              24 57
              ;
set F[249] := 14 24
              24 25
              25 58
              ;
set F[250] := 14 26
              26 59
              ;
set F[251] := 14 26
              26 27
              27 60
              ;
set F[252] := 14 26
              26 27
              27 28
              28 29
              29 62
              ;
set F[253] := 14 24
              24 33
              33 30
              30 63
              ;
set F[254] := 14 24
              24 33
              33 32
              32 65
              ;
set F[255] := 14 24
              24 33
              33 66
              ;
set F[256] := 15 2
              2 1
              1 34
              ;
set F[257] := 15 2
              2 1
              1 7
              7 8
              8 12
              12 11
              11 44
              ;
set F[258] := 15 2
              2 1
              1 7
              7 8
              8 12
              12 45
              ;
set F[259] := 15 14
              14 47
              ;
set F[260] := 16 12
              12 8
              8 7
              7 1
              1 34
              ;
set F[261] := 16 12
              12 8
              8 7
              7 1
              1 2
              2 35
              ;
set F[262] := 16 12
              12 8
              8 7
              7 1
              1 4
              4 3
              3 36
              ;
set F[263] := 16 12
              12 11
              11 17
              17 5
              5 38
              ;
set F[264] := 16 12
              12 8
              8 7
              7 40
              ;
set F[265] := 16 12
              12 8
              8 41
              ;
set F[266] := 16 12
              12 8
              8 7
              7 1
              1 10
              10 43
              ;
set F[267] := 16 12
              12 11
              11 44
              ;
set F[268] := 16 12
              12 45
              ;
set F[269] := 16 12
              12 8
              8 7
              7 1
              1 2
              2 15
              15 14
              14 47
              ;
set F[270] := 16 12
              12 8
              8 7
              7 1
              1 2
              2 15
              15 48
              ;
set F[271] := 16 12
              12 11
              11 17
              17 50
              ;
set F[272] := 16 12
              12 18
              18 51
              ;
set F[273] := 16 12
              12 8
              8 7
              7 1
              1 4
              4 3
              3 25
              25 58
              ;
set F[274] := 16 12
              12 8
              8 7
              7 1
              1 2
              2 15
              15 14
              14 26
              26 59
              ;
set F[275] := 16 12
              12 8
              8 7
              7 1
              1 2
              2 15
              15 14
              14 26
              26 27
              27 60
              ;
set F[276] := 16 12
              12 8
              8 7
              7 1
              1 10
              10 9
              9 32
              32 33
              33 30
              30 29
              29 62
              ;
set F[277] := 16 12
              12 8
              8 7
              7 1
              1 10
              10 9
              9 32
              32 33
              33 30
              30 63
              ;
set F[278] := 16 12
              12 8
              8 7
              7 1
              1 10
              10 9
              9 32
              32 65
              ;
set F[279] := 17 5
              5 6
              6 9
              9 10
              10 1
              1 34
              ;
set F[280] := 17 5
              5 6
              6 9
              9 10
              10 1
              1 2
              2 35
              ;
set F[281] := 17 5
              5 6
              6 9
              9 10
              10 1
              1 4
              4 3
              3 36
              ;
set F[282] := 17 5
              5 38
              ;
set F[283] := 17 5
              5 6
              6 39
              ;
set F[284] := 17 11
              11 12
              12 8
              8 7
              7 40
              ;
set F[285] := 17 11
              11 12
              12 8
              8 41
              ;
set F[286] := 17 5
              5 6
              6 9
              9 10
              10 43
              ;
set F[287] := 17 11
              11 44
              ;
set F[288] := 17 11
              11 12
              12 45
              ;
set F[289] := 17 5
              5 6
              6 9
              9 32
              32 33
              33 24
              24 14
              14 47
              ;
set F[290] := 17 5
              5 6
              6 9
              9 10
              10 1
              1 2
              2 15
              15 48
              ;
set F[291] := 17 11
              11 12
              12 18
              18 51
              ;
set F[292] := 17 11
              11 21
              21 54
              ;
set F[293] := 17 5
              5 6
              6 9
              9 32
              32 33
              33 24
              24 57
              ;
set F[294] := 17 5
              5 6
              6 9
              9 32
              32 33
              33 24
              24 25
              25 58
              ;
set F[295] := 17 5
              5 6
              6 9
              9 32
              32 33
              33 24
              24 14
              14 26
              26 59
              ;
set F[296] := 17 5
              5 6
              6 9
              9 32
              32 33
              33 24
              24 14
              14 26
              26 27
              27 60
              ;
set F[297] := 17 5
              5 6
              6 9
              9 32
              32 33
              33 30
              30 29
              29 62
              ;
set F[298] := 17 5
              5 6
              6 9
              9 32
              32 33
              33 30
              30 63
              ;
set F[299] := 17 5
              5 6
              6 9
              9 32
              32 65
              ;
set F[300] := 17 5
              5 6
              6 9
              9 32
              32 33
              33 66
              ;
set F[301] := 18 19
              19 1
              1 34
              ;
set F[302] := 18 19
              19 1
              1 2
              2 35
              ;
set F[303] := 18 19
              19 1
              1 4
              4 3
              3 36
              ;
set F[304] := 18 19
              19 1
              1 4
              4 37
              ;
set F[305] := 18 12
              12 11
              11 17
              17 5
              5 38
              ;
set F[306] := 18 12
              12 11
              11 17
              17 5
              5 6
              6 39
              ;
set F[307] := 18 12
              12 8
              8 7
              7 40
              ;
set F[308] := 18 12
              12 8
              8 41
              ;
set F[309] := 18 19
              19 1
              1 10
              10 43
              ;
set F[310] := 18 12
              12 11
              11 44
              ;
set F[311] := 18 12
              12 45
              ;
set F[312] := 18 19
              19 1
              1 2
              2 15
              15 14
              14 47
              ;
set F[313] := 18 19
              19 1
              1 2
              2 15
              15 48
              ;
set F[314] := 18 12
              12 11
              11 17
              17 50
              ;
set F[315] := 18 12
              12 11
              11 21
              21 54
              ;
set F[316] := 18 19
              19 1
              1 22
              22 55
              ;
set F[317] := 18 19
              19 1
              1 2
              2 15
              15 14
              14 24
              24 57
              ;
set F[318] := 18 19
              19 1
              1 4
              4 3
              3 25
              25 58
              ;
set F[319] := 18 19
              19 1
              1 2
              2 15
              15 14
              14 26
              26 59
              ;
set F[320] := 18 19
              19 1
              1 2
              2 15
              15 14
              14 26
              26 27
              27 60
              ;
set F[321] := 18 19
              19 1
              1 10
              10 9
              9 32
              32 33
              33 30
              30 29
              29 62
              ;
set F[322] := 18 19
              19 1
              1 10
              10 9
              9 32
              32 33
              33 30
              30 63
              ;
set F[323] := 18 19
              19 1
              1 10
              10 9
              9 32
              32 31
              31 64
              ;
set F[324] := 18 19
              19 1
              1 10
              10 9
              9 32
              32 65
              ;
set F[325] := 18 19
              19 1
              1 10
              10 9
              9 32
              32 33
              33 66
              ;
set F[326] := 19 1
              1 34
              ;
set F[327] := 19 1
              1 2
              2 35
              ;
set F[328] := 19 1
              1 4
              4 3
              3 36
              ;
set F[329] := 19 1
              1 4
              4 37
              ;
set F[330] := 19 1
              1 10
              10 9
              9 6
              6 5
              5 38
              ;
set F[331] := 19 1
              1 10
              10 9
              9 6
              6 39
              ;
set F[332] := 19 1
              1 7
              7 40
              ;
set F[333] := 19 1
              1 7
              7 8
              8 41
              ;
set F[334] := 19 1
              1 10
              10 43
              ;
set F[335] := 19 18
              18 12
              12 11
              11 44
              ;
set F[336] := 19 18
              18 12
              12 45
              ;
set F[337] := 19 1
              1 2
              2 15
              15 14
              14 47
              ;
set F[338] := 19 1
              1 2
              2 15
              15 48
              ;
set F[339] := 19 18
              18 12
              12 11
              11 17
              17 50
              ;
set F[340] := 19 18
              18 51
              ;
set F[341] := 19 18
              18 12
              12 11
              11 20
              20 53
              ;
set F[342] := 19 18
              18 12
              12 11
              11 21
              21 54
              ;
set F[343] := 19 1
              1 22
              22 55
              ;
set F[344] := 19 1
              1 2
              2 15
              15 14
              14 24
              24 57
              ;
set F[345] := 19 1
              1 4
              4 3
              3 25
              25 58
              ;
set F[346] := 19 1
              1 2
              2 15
              15 14
              14 26
              26 59
              ;
set F[347] := 19 1
              1 2
              2 15
              15 14
              14 26
              26 27
              27 60
              ;
set F[348] := 19 1
              1 10
              10 9
              9 32
              32 33
              33 30
              30 29
              29 62
              ;
set F[349] := 19 1
              1 10
              10 9
              9 32
              32 33
              33 30
              30 63
              ;
set F[350] := 19 1
              1 10
              10 9
              9 32
              32 31
              31 64
              ;
set F[351] := 19 1
              1 10
              10 9
              9 32
              32 65
              ;
set F[352] := 19 1
              1 10
              10 9
              9 32
              32 33
              33 66
              ;
set F[353] := 20 11
              11 12
              12 8
              8 7
              7 1
              1 34
              ;
set F[354] := 20 11
              11 12
              12 8
              8 7
              7 1
              1 2
              2 35
              ;
set F[355] := 20 11
              11 12
              12 8
              8 7
              7 1
              1 4
              4 3
              3 36
              ;
set F[356] := 20 11
              11 17
              17 5
              5 38
              ;
set F[357] := 20 11
              11 17
              17 5
              5 6
              6 9
              9 10
              10 43
              ;
set F[358] := 20 11
              11 44
              ;
set F[359] := 20 11
              11 12
              12 45
              ;
set F[360] := 20 11
              11 12
              12 8
              8 7
              7 1
              1 2
              2 15
              15 14
              14 47
              ;
set F[361] := 20 11
              11 12
              12 8
              8 7
              7 1
              1 2
              2 15
              15 48
              ;
set F[362] := 20 11
              11 17
              17 50
              ;
set F[363] := 20 11
              11 12
              12 18
              18 51
              ;
set F[364] := 20 11
              11 12
              12 8
              8 7
              7 1
              1 2
              2 15
              15 14
              14 26
              26 59
              ;
set F[365] := 20 11
              11 12
              12 8
              8 7
              7 1
              1 2
              2 15
              15 14
              14 26
              26 27
              27 60
              ;
set F[366] := 20 11
              11 17
              17 5
              5 6
              6 9
              9 32
              32 33
              33 30
              30 29
              29 62
              ;
set F[367] := 20 11
              11 17
              17 5
              5 6
              6 9
              9 32
              32 33
              33 30
              30 63
              ;
set F[368] := 20 11
              11 17
              17 5
              5 6
              6 9
              9 32
              32 65
              ;
set F[369] := 21 11
              11 12
              12 8
              8 7
              7 1
              1 34
              ;
set F[370] := 21 11
              11 44
              ;
set F[371] := 21 11
              11 12
              12 45
              ;
set F[372] := 21 11
              11 12
              12 8
              8 7
              7 1
              1 2
              2 15
              15 14
              14 47
              ;
set F[373] := 22 1
              1 34
              ;
set F[374] := 22 1
              1 2
              2 35
              ;
set F[375] := 22 1
              1 4
              4 3
              3 36
              ;
set F[376] := 22 1
              1 10
              10 9
              9 6
              6 5
              5 38
              ;
set F[377] := 22 1
              1 7
              7 40
              ;
set F[378] := 22 1
              1 7
              7 8
              8 41
              ;
set F[379] := 22 1
              1 10
              10 43
              ;
set F[380] := 22 1
              1 7
              7 8
              8 12
              12 11
              11 44
              ;
set F[381] := 22 1
              1 7
              7 8
              8 12
              12 45
              ;
set F[382] := 22 1
              1 2
              2 15
              15 14
              14 47
              ;
set F[383] := 22 1
              1 2
              2 15
              15 48
              ;
set F[384] := 22 1
              1 7
              7 8
              8 12
              12 11
              11 17
              17 50
              ;
set F[385] := 22 1
              1 19
              19 18
              18 51
              ;
set F[386] := 22 1
              1 7
              7 8
              8 12
              12 11
              11 21
              21 54
              ;
set F[387] := 22 1
              1 2
              2 15
              15 14
              14 24
              24 57
              ;
set F[388] := 22 1
              1 4
              4 3
              3 25
              25 58
              ;
set F[389] := 22 1
              1 2
              2 15
              15 14
              14 26
              26 59
              ;
set F[390] := 22 1
              1 2
              2 15
              15 14
              14 26
              26 27
              27 60
              ;
set F[391] := 22 1
              1 10
              10 9
              9 32
              32 33
              33 30
              30 29
              29 62
              ;
set F[392] := 22 1
              1 10
              10 9
              9 32
              32 33
              33 30
              30 63
              ;
set F[393] := 22 1
              1 10
              10 9
              9 32
              32 65
              ;
set F[394] := 22 1
              1 10
              10 9
              9 32
              32 33
              33 66
              ;
set F[395] := 23 1
              1 7
              7 8
              8 12
              12 11
              11 44
              ;
set F[396] := 23 1
              1 7
              7 8
              8 12
              12 45
              ;
set F[397] := 24 14
              14 15
              15 2
              2 1
              1 34
              ;
set F[398] := 24 14
              14 15
              15 2
              2 35
              ;
set F[399] := 24 25
              25 3
              3 36
              ;
set F[400] := 24 25
              25 3
              3 4
              4 37
              ;
set F[401] := 24 33
              33 32
              32 9
              9 6
              6 5
              5 38
              ;
set F[402] := 24 33
              33 32
              32 9
              9 6
              6 39
              ;
set F[403] := 24 14
              14 15
              15 2
              2 1
              1 7
              7 40
              ;
set F[404] := 24 14
              14 15
              15 2
              2 1
              1 7
              7 8
              8 41
              ;
set F[405] := 24 33
              33 32
              32 9
              9 10
              10 43
              ;
set F[406] := 24 33
              33 32
              32 9
              9 6
              6 5
              5 17
              17 11
              11 44
              ;
set F[407] := 24 14
              14 15
              15 2
              2 1
              1 7
              7 8
              8 12
              12 45
              ;
set F[408] := 24 14
              14 47
              ;
set F[409] := 24 14
              14 15
              15 48
              ;
set F[410] := 24 33
              33 32
              32 9
              9 6
              6 5
              5 17
              17 50
              ;
set F[411] := 24 14
              14 15
              15 2
              2 1
              1 19
              19 18
              18 51
              ;
set F[412] := 24 33
              33 32
              32 9
              9 6
              6 5
              5 17
              17 11
              11 21
              21 54
              ;
set F[413] := 24 14
              14 15
              15 2
              2 1
              1 22
              22 55
              ;
set F[414] := 24 25
              25 58
              ;
set F[415] := 24 14
              14 26
              26 59
              ;
set F[416] := 24 14
              14 26
              26 27
              27 60
              ;
set F[417] := 24 33
              33 30
              30 29
              29 62
              ;
set F[418] := 24 33
              33 30
              30 63
              ;
set F[419] := 24 33
              33 32
              32 31
              31 64
              ;
set F[420] := 24 33
              33 32
              32 65
              ;
set F[421] := 24 33
              33 66
              ;
set F[422] := 25 3
              3 4
              4 1
              1 34
              ;
set F[423] := 25 3
              3 4
              4 1
              1 2
              2 35
              ;
set F[424] := 25 3
              3 36
              ;
set F[425] := 25 3
              3 4
              4 37
              ;
set F[426] := 25 24
              24 33
              33 32
              32 9
              9 6
              6 5
              5 38
              ;
set F[427] := 25 24
              24 33
              33 32
              32 9
              9 6
              6 39
              ;
set F[428] := 25 3
              3 4
              4 1
              1 7
              7 40
              ;
set F[429] := 25 3
              3 4
              4 1
              1 7
              7 8
              8 41
              ;
set F[430] := 25 24
              24 33
              33 32
              32 9
              9 42
              ;
set F[431] := 25 3
              3 4
              4 1
              1 10
              10 43
              ;
set F[432] := 25 3
              3 4
              4 1
              1 7
              7 8
              8 12
              12 11
              11 44
              ;
set F[433] := 25 3
              3 4
              4 1
              1 7
              7 8
              8 12
              12 45
              ;
set F[434] := 25 24
              24 14
              14 47
              ;
set F[435] := 25 24
              24 14
              14 15
              15 48
              ;
set F[436] := 25 24
              24 33
              33 32
              32 9
              9 6
              6 5
              5 17
              17 50
              ;
set F[437] := 25 3
              3 4
              4 1
              1 19
              19 18
              18 51
              ;
set F[438] := 25 3
              3 4
              4 1
              1 7
              7 8
              8 12
              12 11
              11 20
              20 53
              ;
set F[439] := 25 3
              3 4
              4 1
              1 7
              7 8
              8 12
              12 11
              11 21
              21 54
              ;
set F[440] := 25 3
              3 4
              4 1
              1 22
              22 55
              ;
set F[441] := 25 24
              24 57
              ;
set F[442] := 25 24
              24 14
              14 26
              26 59
              ;
set F[443] := 25 24
              24 14
              14 26
              26 27
              27 60
              ;
set F[444] := 25 24
              24 33
              33 30
              30 29
              29 62
              ;
set F[445] := 25 24
              24 33
              33 30
              30 63
              ;
set F[446] := 25 24
              24 33
              33 32
              32 31
              31 64
              ;
set F[447] := 25 24
              24 33
              33 32
              32 65
              ;
set F[448] := 25 24
              24 33
              33 66
              ;
set F[449] := 26 14
              14 15
              15 2
              2 1
              1 34
              ;
set F[450] := 26 14
              14 15
              15 2
              2 35
              ;
set F[451] := 26 14
              14 24
              24 25
              25 3
              3 36
              ;
set F[452] := 26 14
              14 15
              15 2
              2 1
              1 4
              4 37
              ;
set F[453] := 26 14
              14 24
              24 33
              33 32
              32 9
              9 6
              6 5
              5 38
              ;
set F[454] := 26 14
              14 24
              24 33
              33 32
              32 9
              9 6
              6 39
              ;
set F[455] := 26 14
              14 15
              15 2
              2 1
              1 7
              7 40
              ;
set F[456] := 26 14
              14 15
              15 2
              2 1
              1 7
              7 8
              8 41
              ;
set F[457] := 26 14
              14 15
              15 2
              2 1
              1 10
              10 43
              ;
set F[458] := 26 14
              14 15
              15 2
              2 1
              1 7
              7 8
              8 12
              12 11
              11 44
              ;
set F[459] := 26 14
              14 15
              15 2
              2 1
              1 7
              7 8
              8 12
              12 45
              ;
set F[460] := 26 14
              14 47
              ;
set F[461] := 26 14
              14 15
              15 48
              ;
set F[462] := 26 14
              14 24
              24 33
              33 32
              32 9
              9 6
              6 5
              5 17
              17 50
              ;
set F[463] := 26 14
              14 15
              15 2
              2 1
              1 19
              19 18
              18 51
              ;
set F[464] := 26 14
              14 15
              15 2
              2 1
              1 7
              7 8
              8 12
              12 11
              11 21
              21 54
              ;
set F[465] := 26 14
              14 15
              15 2
              2 1
              1 22
              22 55
              ;
set F[466] := 26 14
              14 24
              24 57
              ;
set F[467] := 26 14
              14 24
              24 25
              25 58
              ;
set F[468] := 26 27
              27 60
              ;
set F[469] := 26 27
              27 28
              28 29
              29 62
              ;
set F[470] := 26 14
              14 24
              24 33
              33 30
              30 63
              ;
set F[471] := 26 14
              14 24
              24 33
              33 32
              32 31
              31 64
              ;
set F[472] := 26 14
              14 24
              24 33
              33 32
              32 65
              ;
set F[473] := 26 14
              14 24
              24 33
              33 66
              ;
set F[474] := 27 26
              26 14
              14 15
              15 2
              2 1
              1 34
              ;
set F[475] := 27 26
              26 14
              14 15
              15 2
              2 35
              ;
set F[476] := 27 26
              26 14
              14 24
              24 25
              25 3
              3 36
              ;
set F[477] := 27 26
              26 14
              14 15
              15 2
              2 1
              1 4
              4 37
              ;
set F[478] := 27 26
              26 14
              14 24
              24 33
              33 32
              32 9
              9 6
              6 5
              5 38
              ;
set F[479] := 27 26
              26 14
              14 24
              24 33
              33 32
              32 9
              9 6
              6 39
              ;
set F[480] := 27 26
              26 14
              14 15
              15 2
              2 1
              1 7
              7 40
              ;
set F[481] := 27 26
              26 14
              14 15
              15 2
              2 1
              1 7
              7 8
              8 41
              ;
set F[482] := 27 26
              26 14
              14 15
              15 2
              2 1
              1 10
              10 43
              ;
set F[483] := 27 26
              26 14
              14 15
              15 2
              2 1
              1 7
              7 8
              8 12
              12 11
              11 44
              ;
set F[484] := 27 26
              26 14
              14 15
              15 2
              2 1
              1 7
              7 8
              8 12
              12 45
              ;
set F[485] := 27 26
              26 14
              14 47
              ;
set F[486] := 27 26
              26 14
              14 15
              15 48
              ;
set F[487] := 27 26
              26 14
              14 24
              24 33
              33 32
              32 9
              9 6
              6 5
              5 17
              17 50
              ;
set F[488] := 27 26
              26 14
              14 15
              15 2
              2 1
              1 19
              19 18
              18 51
              ;
set F[489] := 27 26
              26 14
              14 15
              15 2
              2 1
              1 7
              7 8
              8 12
              12 11
              11 20
              20 53
              ;
set F[490] := 27 26
              26 14
              14 15
              15 2
              2 1
              1 7
              7 8
              8 12
              12 11
              11 21
              21 54
              ;
set F[491] := 27 26
              26 14
              14 15
              15 2
              2 1
              1 22
              22 55
              ;
set F[492] := 27 26
              26 14
              14 24
              24 57
              ;
set F[493] := 27 26
              26 14
              14 24
              24 25
              25 58
              ;
set F[494] := 27 26
              26 59
              ;
set F[495] := 27 28
              28 29
              29 62
              ;
set F[496] := 27 28
              28 29
              29 30
              30 63
              ;
set F[497] := 27 26
              26 14
              14 24
              24 33
              33 32
              32 31
              31 64
              ;
set F[498] := 27 26
              26 14
              14 24
              24 33
              33 32
              32 65
              ;
set F[499] := 27 26
              26 14
              14 24
              24 33
              33 66
              ;
set F[500] := 28 27
              27 26
              26 14
              14 15
              15 2
              2 1
              1 34
              ;
set F[501] := 28 27
              27 26
              26 14
              14 15
              15 2
              2 35
              ;
set F[502] := 28 27
              27 26
              26 14
              14 24
              24 25
              25 3
              3 36
              ;
set F[503] := 28 29
              29 30
              30 33
              33 32
              32 9
              9 6
              6 5
              5 38
              ;
set F[504] := 28 27
              27 26
              26 14
              14 15
              15 2
              2 1
              1 7
              7 40
              ;
set F[505] := 28 27
              27 26
              26 14
              14 15
              15 2
              2 1
              1 7
              7 8
              8 41
              ;
set F[506] := 28 29
              29 30
              30 33
              33 32
              32 9
              9 10
              10 43
              ;
set F[507] := 28 29
              29 30
              30 33
              33 32
              32 9
              9 6
              6 5
              5 17
              17 11
              11 44
              ;
set F[508] := 28 27
              27 26
              26 14
              14 15
              15 2
              2 1
              1 7
              7 8
              8 12
              12 45
              ;
set F[509] := 28 27
              27 26
              26 14
              14 47
              ;
set F[510] := 28 27
              27 26
              26 14
              14 15
              15 48
              ;
set F[511] := 28 29
              29 30
              30 33
              33 32
              32 9
              9 6
              6 5
              5 17
              17 50
              ;
set F[512] := 28 27
              27 26
              26 14
              14 15
              15 2
              2 1
              1 19
              19 18
              18 51
              ;
set F[513] := 28 27
              27 26
              26 14
              14 24
              24 57
              ;
set F[514] := 28 27
              27 26
              26 14
              14 24
              24 25
              25 58
              ;
set F[515] := 28 27
              27 26
              26 59
              ;
set F[516] := 28 27
              27 60
              ;
set F[517] := 28 29
              29 62
              ;
set F[518] := 28 29
              29 30
              30 63
              ;
set F[519] := 28 29
              29 30
              30 33
              33 32
              32 65
              ;
set F[520] := 28 29
              29 30
              30 33
              33 66
              ;
set F[521] := 29 30
              30 33
              33 32
              32 9
              9 10
              10 1
              1 34
              ;
set F[522] := 29 28
              28 27
              27 26
              26 14
              14 15
              15 2
              2 35
              ;
set F[523] := 29 30
              30 33
              33 24
              24 25
              25 3
              3 36
              ;
set F[524] := 29 30
              30 33
              33 24
              24 25
              25 3
              3 4
              4 37
              ;
set F[525] := 29 30
              30 33
              33 32
              32 9
              9 6
              6 5
              5 38
              ;
set F[526] := 29 30
              30 33
              33 32
              32 9
              9 6
              6 39
              ;
set F[527] := 29 30
              30 33
              33 32
              32 9
              9 10
              10 1
              1 7
              7 40
              ;
set F[528] := 29 30
              30 33
              33 32
              32 9
              9 10
              10 1
              1 7
              7 8
              8 41
              ;
set F[529] := 29 30
              30 33
              33 32
              32 9
              9 10
              10 43
              ;
set F[530] := 29 30
              30 33
              33 32
              32 9
              9 6
              6 5
              5 17
              17 11
              11 44
              ;
set F[531] := 29 30
              30 33
              33 32
              32 9
              9 6
              6 5
              5 17
              17 11
              11 12
              12 45
              ;
set F[532] := 29 28
              28 27
              27 26
              26 14
              14 47
              ;
set F[533] := 29 28
              28 27
              27 26
              26 14
              14 15
              15 48
              ;
set F[534] := 29 30
              30 33
              33 32
              32 9
              9 6
              6 5
              5 17
              17 50
              ;
set F[535] := 29 30
              30 33
              33 32
              32 9
              9 10
              10 1
              1 19
              19 18
              18 51
              ;
set F[536] := 29 30
              30 33
              33 32
              32 9
              9 6
              6 5
              5 17
              17 11
              11 20
              20 53
              ;
set F[537] := 29 30
              30 33
              33 32
              32 9
              9 6
              6 5
              5 17
              17 11
              11 21
              21 54
              ;
set F[538] := 29 30
              30 33
              33 32
              32 9
              9 10
              10 1
              1 22
              22 55
              ;
set F[539] := 29 30
              30 33
              33 24
              24 57
              ;
set F[540] := 29 30
              30 33
              33 24
              24 25
              25 58
              ;
set F[541] := 29 28
              28 27
              27 26
              26 59
              ;
set F[542] := 29 28
              28 27
              27 60
              ;
set F[543] := 29 30
              30 63
              ;
set F[544] := 29 30
              30 33
              33 32
              32 31
              31 64
              ;
set F[545] := 29 30
              30 33
              33 32
              32 65
              ;
set F[546] := 29 30
              30 33
              33 66
              ;
set F[547] := 30 33
              33 32
              32 9
              9 10
              10 1
              1 34
              ;
set F[548] := 30 33
              33 24
              24 14
              14 15
              15 2
              2 35
              ;
set F[549] := 30 33
              33 24
              24 25
              25 3
              3 36
              ;
set F[550] := 30 33
              33 24
              24 25
              25 3
              3 4
              4 37
              ;
set F[551] := 30 33
              33 32
              32 9
              9 6
              6 5
              5 38
              ;
set F[552] := 30 33
              33 32
              32 9
              9 6
              6 39
              ;
set F[553] := 30 33
              33 32
              32 9
              9 10
              10 1
              1 7
              7 40
              ;
set F[554] := 30 33
              33 32
              32 9
              9 10
              10 1
              1 7
              7 8
              8 41
              ;
set F[555] := 30 33
              33 32
              32 9
              9 42
              ;
set F[556] := 30 33
              33 32
              32 9
              9 10
              10 43
              ;
set F[557] := 30 33
              33 32
              32 9
              9 6
              6 5
              5 17
              17 11
              11 44
              ;
set F[558] := 30 33
              33 32
              32 9
              9 6
              6 5
              5 17
              17 11
              11 12
              12 45
              ;
set F[559] := 30 33
              33 24
              24 14
              14 47
              ;
set F[560] := 30 33
              33 24
              24 14
              14 15
              15 48
              ;
set F[561] := 30 33
              33 32
              32 9
              9 6
              6 5
              5 17
              17 50
              ;
set F[562] := 30 33
              33 32
              32 9
              9 10
              10 1
              1 19
              19 18
              18 51
              ;
set F[563] := 30 33
              33 32
              32 9
              9 6
              6 5
              5 17
              17 11
              11 20
              20 53
              ;
set F[564] := 30 33
              33 32
              32 9
              9 6
              6 5
              5 17
              17 11
              11 21
              21 54
              ;
set F[565] := 30 33
              33 32
              32 9
              9 10
              10 1
              1 22
              22 55
              ;
set F[566] := 30 33
              33 24
              24 57
              ;
set F[567] := 30 33
              33 24
              24 25
              25 58
              ;
set F[568] := 30 29
              29 28
              28 27
              27 26
              26 59
              ;
set F[569] := 30 29
              29 28
              28 27
              27 60
              ;
set F[570] := 30 29
              29 62
              ;
set F[571] := 30 33
              33 32
              32 31
              31 64
              ;
set F[572] := 30 33
              33 32
              32 65
              ;
set F[573] := 30 33
              33 66
              ;
set F[574] := 31 32
              32 9
              9 10
              10 1
              1 34
              ;
set F[575] := 31 32
              32 9
              9 10
              10 1
              1 2
              2 35
              ;
set F[576] := 31 32
              32 9
              9 10
              10 43
              ;
set F[577] := 31 32
              32 9
              9 6
              6 5
              5 17
              17 11
              11 44
              ;
set F[578] := 31 32
              32 9
              9 6
              6 5
              5 17
              17 11
              11 12
              12 45
              ;
set F[579] := 31 32
              32 33
              33 24
              24 14
              14 47
              ;
set F[580] := 31 32
              32 33
              33 24
              24 14
              14 15
              15 48
              ;
set F[581] := 31 32
              32 33
              33 24
              24 14
              14 26
              26 27
              27 60
              ;
set F[582] := 31 32
              32 65
              ;
set F[583] := 32 9
              9 10
              10 1
              1 34
              ;
set F[584] := 32 9
              9 10
              10 1
              1 2
              2 35
              ;
set F[585] := 32 33
              33 24
              24 25
              25 3
              3 36
              ;
set F[586] := 32 9
              9 10
              10 1
              1 4
              4 37
              ;
set F[587] := 32 9
              9 6
              6 5
              5 38
              ;
set F[588] := 32 9
              9 6
              6 39
              ;
set F[589] := 32 9
              9 10
              10 1
              1 7
              7 40
              ;
set F[590] := 32 9
              9 10
              10 1
              1 7
              7 8
              8 41
              ;
set F[591] := 32 9
              9 10
              10 43
              ;
set F[592] := 32 9
              9 6
              6 5
              5 17
              17 11
              11 44
              ;
set F[593] := 32 9
              9 6
              6 5
              5 17
              17 11
              11 12
              12 45
              ;
set F[594] := 32 33
              33 24
              24 14
              14 47
              ;
set F[595] := 32 33
              33 24
              24 14
              14 15
              15 48
              ;
set F[596] := 32 9
              9 6
              6 5
              5 17
              17 50
              ;
set F[597] := 32 9
              9 10
              10 1
              1 19
              19 18
              18 51
              ;
set F[598] := 32 9
              9 6
              6 5
              5 17
              17 11
              11 21
              21 54
              ;
set F[599] := 32 9
              9 10
              10 1
              1 22
              22 55
              ;
set F[600] := 32 33
              33 24
              24 57
              ;
set F[601] := 32 33
              33 24
              24 25
              25 58
              ;
set F[602] := 32 33
              33 24
              24 14
              14 26
              26 59
              ;
set F[603] := 32 33
              33 24
              24 14
              14 26
              26 27
              27 60
              ;
set F[604] := 32 33
              33 30
              30 29
              29 62
              ;
set F[605] := 32 33
              33 30
              30 63
              ;
set F[606] := 32 31
              31 64
              ;
set F[607] := 32 33
              33 66
              ;
set F[608] := 33 32
              32 9
              9 10
              10 1
              1 34
              ;
set F[609] := 33 24
              24 14
              14 15
              15 2
              2 35
              ;
set F[610] := 33 24
              24 25
              25 3
              3 36
              ;
set F[611] := 33 24
              24 25
              25 3
              3 4
              4 37
              ;
set F[612] := 33 32
              32 9
              9 6
              6 5
              5 38
              ;
set F[613] := 33 32
              32 9
              9 6
              6 39
              ;
set F[614] := 33 32
              32 9
              9 10
              10 1
              1 7
              7 40
              ;
set F[615] := 33 32
              32 9
              9 10
              10 1
              1 7
              7 8
              8 41
              ;
set F[616] := 33 32
              32 9
              9 42
              ;
set F[617] := 33 32
              32 9
              9 10
              10 43
              ;
set F[618] := 33 32
              32 9
              9 6
              6 5
              5 17
              17 11
              11 44
              ;
set F[619] := 33 32
              32 9
              9 6
              6 5
              5 17
              17 11
              11 12
              12 45
              ;
set F[620] := 33 24
              24 14
              14 47
              ;
set F[621] := 33 24
              24 14
              14 15
              15 48
              ;
set F[622] := 33 32
              32 9
              9 6
              6 5
              5 17
              17 50
              ;
set F[623] := 33 32
              32 9
              9 10
              10 1
              1 19
              19 18
              18 51
              ;
set F[624] := 33 32
              32 9
              9 6
              6 5
              5 17
              17 11
              11 20
              20 53
              ;
set F[625] := 33 32
              32 9
              9 6
              6 5
              5 17
              17 11
              11 21
              21 54
              ;
set F[626] := 33 32
              32 9
              9 10
              10 1
              1 22
              22 55
              ;
set F[627] := 33 24
              24 57
              ;
set F[628] := 33 24
              24 25
              25 58
              ;
set F[629] := 33 24
              24 14
              14 26
              26 59
              ;
set F[630] := 33 24
              24 14
              14 26
              26 27
              27 60
              ;
set F[631] := 33 30
              30 29
              29 62
              ;
set F[632] := 33 30
              30 63
              ;
set F[633] := 33 32
              32 31
              31 64
              ;
set F[634] := 33 32
              32 65
              ;
set Last[1] := 2 35;
set Last[2] := 5 38;
set Last[3] := 10 43;
set Last[4] := 11 44;
set Last[5] := 12 45;
set Last[6] := 14 47;
set Last[7] := 15 48;
set Last[8] := 18 51;
set Last[9] := 27 60;
set Last[10] := 29 62;
set Last[11] := 32 65;
set Last[12] := 1 34;
set Last[13] := 5 38;
set Last[14] := 10 43;
set Last[15] := 11 44;
set Last[16] := 12 45;
set Last[17] := 14 47;
set Last[18] := 15 48;
set Last[19] := 27 60;
set Last[20] := 29 62;
set Last[21] := 32 65;
set Last[22] := 1 34;
set Last[23] := 2 35;
set Last[24] := 10 43;
set Last[25] := 11 44;
set Last[26] := 12 45;
set Last[27] := 14 47;
set Last[28] := 15 48;
set Last[29] := 27 60;
set Last[30] := 32 65;
set Last[31] := 1 34;
set Last[32] := 2 35;
set Last[33] := 3 36;
set Last[34] := 5 38;
set Last[35] := 10 43;
set Last[36] := 11 44;
set Last[37] := 12 45;
set Last[38] := 14 47;
set Last[39] := 15 48;
set Last[40] := 17 50;
set Last[41] := 18 51;
set Last[42] := 26 59;
set Last[43] := 27 60;
set Last[44] := 29 62;
set Last[45] := 32 65;
set Last[46] := 1 34;
set Last[47] := 2 35;
set Last[48] := 3 36;
set Last[49] := 4 37;
set Last[50] := 6 39;
set Last[51] := 7 40;
set Last[52] := 8 41;
set Last[53] := 10 43;
set Last[54] := 11 44;
set Last[55] := 12 45;
set Last[56] := 14 47;
set Last[57] := 15 48;
set Last[58] := 17 50;
set Last[59] := 18 51;
set Last[60] := 20 53;
set Last[61] := 21 54;
set Last[62] := 22 55;
set Last[63] := 24 57;
set Last[64] := 25 58;
set Last[65] := 26 59;
set Last[66] := 27 60;
set Last[67] := 29 62;
set Last[68] := 30 63;
set Last[69] := 31 64;
set Last[70] := 32 65;
set Last[71] := 33 66;
set Last[72] := 1 34;
set Last[73] := 2 35;
set Last[74] := 3 36;
set Last[75] := 4 37;
set Last[76] := 5 38;
set Last[77] := 7 40;
set Last[78] := 8 41;
set Last[79] := 10 43;
set Last[80] := 11 44;
set Last[81] := 12 45;
set Last[82] := 14 47;
set Last[83] := 15 48;
set Last[84] := 17 50;
set Last[85] := 18 51;
set Last[86] := 20 53;
set Last[87] := 21 54;
set Last[88] := 22 55;
set Last[89] := 24 57;
set Last[90] := 25 58;
set Last[91] := 26 59;
set Last[92] := 27 60;
set Last[93] := 29 62;
set Last[94] := 30 63;
set Last[95] := 31 64;
set Last[96] := 32 65;
set Last[97] := 33 66;
set Last[98] := 1 34;
set Last[99] := 11 44;
set Last[100] := 12 45;
set Last[101] := 14 47;
set Last[102] := 32 65;
set Last[103] := 1 34;
set Last[104] := 2 35;
set Last[105] := 3 36;
set Last[106] := 5 38;
set Last[107] := 7 40;
set Last[108] := 10 43;
set Last[109] := 11 44;
set Last[110] := 12 45;
set Last[111] := 14 47;
set Last[112] := 15 48;
set Last[113] := 17 50;
set Last[114] := 18 51;
set Last[115] := 25 58;
set Last[116] := 26 59;
set Last[117] := 27 60;
set Last[118] := 29 62;
set Last[119] := 30 63;
set Last[120] := 32 65;
set Last[121] := 1 34;
set Last[122] := 2 35;
set Last[123] := 3 36;
set Last[124] := 4 37;
set Last[125] := 5 38;
set Last[126] := 6 39;
set Last[127] := 7 40;
set Last[128] := 8 41;
set Last[129] := 10 43;
set Last[130] := 11 44;
set Last[131] := 12 45;
set Last[132] := 14 47;
set Last[133] := 15 48;
set Last[134] := 17 50;
set Last[135] := 18 51;
set Last[136] := 20 53;
set Last[137] := 21 54;
set Last[138] := 22 55;
set Last[139] := 24 57;
set Last[140] := 25 58;
set Last[141] := 26 59;
set Last[142] := 27 60;
set Last[143] := 29 62;
set Last[144] := 30 63;
set Last[145] := 31 64;
set Last[146] := 32 65;
set Last[147] := 33 66;
set Last[148] := 1 34;
set Last[149] := 2 35;
set Last[150] := 3 36;
set Last[151] := 5 38;
set Last[152] := 6 39;
set Last[153] := 7 40;
set Last[154] := 8 41;
set Last[155] := 11 44;
set Last[156] := 12 45;
set Last[157] := 14 47;
set Last[158] := 15 48;
set Last[159] := 17 50;
set Last[160] := 18 51;
set Last[161] := 21 54;
set Last[162] := 22 55;
set Last[163] := 24 57;
set Last[164] := 25 58;
set Last[165] := 26 59;
set Last[166] := 27 60;
set Last[167] := 29 62;
set Last[168] := 30 63;
set Last[169] := 31 64;
set Last[170] := 32 65;
set Last[171] := 33 66;
set Last[172] := 1 34;
set Last[173] := 2 35;
set Last[174] := 5 38;
set Last[175] := 10 43;
set Last[176] := 12 45;
set Last[177] := 14 47;
set Last[178] := 15 48;
set Last[179] := 17 50;
set Last[180] := 18 51;
set Last[181] := 26 59;
set Last[182] := 27 60;
set Last[183] := 29 62;
set Last[184] := 32 65;
set Last[185] := 1 34;
set Last[186] := 2 35;
set Last[187] := 3 36;
set Last[188] := 4 37;
set Last[189] := 5 38;
set Last[190] := 6 39;
set Last[191] := 7 40;
set Last[192] := 8 41;
set Last[193] := 9 42;
set Last[194] := 10 43;
set Last[195] := 11 44;
set Last[196] := 14 47;
set Last[197] := 15 48;
set Last[198] := 17 50;
set Last[199] := 18 51;
set Last[200] := 20 53;
set Last[201] := 21 54;
set Last[202] := 22 55;
set Last[203] := 23 56;
set Last[204] := 24 57;
set Last[205] := 25 58;
set Last[206] := 26 59;
set Last[207] := 27 60;
set Last[208] := 29 62;
set Last[209] := 30 63;
set Last[210] := 31 64;
set Last[211] := 32 65;
set Last[212] := 33 66;
set Last[213] := 1 34;
set Last[214] := 2 35;
set Last[215] := 3 36;
set Last[216] := 5 38;
set Last[217] := 7 40;
set Last[218] := 8 41;
set Last[219] := 10 43;
set Last[220] := 11 44;
set Last[221] := 12 45;
set Last[222] := 14 47;
set Last[223] := 15 48;
set Last[224] := 17 50;
set Last[225] := 18 51;
set Last[226] := 24 57;
set Last[227] := 25 58;
set Last[228] := 26 59;
set Last[229] := 27 60;
set Last[230] := 29 62;
set Last[231] := 30 63;
set Last[232] := 32 65;
set Last[233] := 33 66;
set Last[234] := 1 34;
set Last[235] := 2 35;
set Last[236] := 3 36;
set Last[237] := 5 38;
set Last[238] := 6 39;
set Last[239] := 7 40;
set Last[240] := 8 41;
set Last[241] := 10 43;
set Last[242] := 11 44;
set Last[243] := 12 45;
set Last[244] := 15 48;
set Last[245] := 17 50;
set Last[246] := 18 51;
set Last[247] := 21 54;
set Last[248] := 24 57;
set Last[249] := 25 58;
set Last[250] := 26 59;
set Last[251] := 27 60;
set Last[252] := 29 62;
set Last[253] := 30 63;
set Last[254] := 32 65;
set Last[255] := 33 66;
set Last[256] := 1 34;
set Last[257] := 11 44;
set Last[258] := 12 45;
set Last[259] := 14 47;
set Last[260] := 1 34;
set Last[261] := 2 35;
set Last[262] := 3 36;
set Last[263] := 5 38;
set Last[264] := 7 40;
set Last[265] := 8 41;
set Last[266] := 10 43;
set Last[267] := 11 44;
set Last[268] := 12 45;
set Last[269] := 14 47;
set Last[270] := 15 48;
set Last[271] := 17 50;
set Last[272] := 18 51;
set Last[273] := 25 58;
set Last[274] := 26 59;
set Last[275] := 27 60;
set Last[276] := 29 62;
set Last[277] := 30 63;
set Last[278] := 32 65;
set Last[279] := 1 34;
set Last[280] := 2 35;
set Last[281] := 3 36;
set Last[282] := 5 38;
set Last[283] := 6 39;
set Last[284] := 7 40;
set Last[285] := 8 41;
set Last[286] := 10 43;
set Last[287] := 11 44;
set Last[288] := 12 45;
set Last[289] := 14 47;
set Last[290] := 15 48;
set Last[291] := 18 51;
set Last[292] := 21 54;
set Last[293] := 24 57;
set Last[294] := 25 58;
set Last[295] := 26 59;
set Last[296] := 27 60;
set Last[297] := 29 62;
set Last[298] := 30 63;
set Last[299] := 32 65;
set Last[300] := 33 66;
set Last[301] := 1 34;
set Last[302] := 2 35;
set Last[303] := 3 36;
set Last[304] := 4 37;
set Last[305] := 5 38;
set Last[306] := 6 39;
set Last[307] := 7 40;
set Last[308] := 8 41;
set Last[309] := 10 43;
set Last[310] := 11 44;
set Last[311] := 12 45;
set Last[312] := 14 47;
set Last[313] := 15 48;
set Last[314] := 17 50;
set Last[315] := 21 54;
set Last[316] := 22 55;
set Last[317] := 24 57;
set Last[318] := 25 58;
set Last[319] := 26 59;
set Last[320] := 27 60;
set Last[321] := 29 62;
set Last[322] := 30 63;
set Last[323] := 31 64;
set Last[324] := 32 65;
set Last[325] := 33 66;
set Last[326] := 1 34;
set Last[327] := 2 35;
set Last[328] := 3 36;
set Last[329] := 4 37;
set Last[330] := 5 38;
set Last[331] := 6 39;
set Last[332] := 7 40;
set Last[333] := 8 41;
set Last[334] := 10 43;
set Last[335] := 11 44;
set Last[336] := 12 45;
set Last[337] := 14 47;
set Last[338] := 15 48;
set Last[339] := 17 50;
set Last[340] := 18 51;
set Last[341] := 20 53;
set Last[342] := 21 54;
set Last[343] := 22 55;
set Last[344] := 24 57;
set Last[345] := 25 58;
set Last[346] := 26 59;
set Last[347] := 27 60;
set Last[348] := 29 62;
set Last[349] := 30 63;
set Last[350] := 31 64;
set Last[351] := 32 65;
set Last[352] := 33 66;
set Last[353] := 1 34;
set Last[354] := 2 35;
set Last[355] := 3 36;
set Last[356] := 5 38;
set Last[357] := 10 43;
set Last[358] := 11 44;
set Last[359] := 12 45;
set Last[360] := 14 47;
set Last[361] := 15 48;
set Last[362] := 17 50;
set Last[363] := 18 51;
set Last[364] := 26 59;
set Last[365] := 27 60;
set Last[366] := 29 62;
set Last[367] := 30 63;
set Last[368] := 32 65;
set Last[369] := 1 34;
set Last[370] := 11 44;
set Last[371] := 12 45;
set Last[372] := 14 47;
set Last[373] := 1 34;
set Last[374] := 2 35;
set Last[375] := 3 36;
set Last[376] := 5 38;
set Last[377] := 7 40;
set Last[378] := 8 41;
set Last[379] := 10 43;
set Last[380] := 11 44;
set Last[381] := 12 45;
set Last[382] := 14 47;
set Last[383] := 15 48;
set Last[384] := 17 50;
set Last[385] := 18 51;
set Last[386] := 21 54;
set Last[387] := 24 57;
set Last[388] := 25 58;
set Last[389] := 26 59;
set Last[390] := 27 60;
set Last[391] := 29 62;
set Last[392] := 30 63;
set Last[393] := 32 65;
set Last[394] := 33 66;
set Last[395] := 11 44;
set Last[396] := 12 45;
set Last[397] := 1 34;
set Last[398] := 2 35;
set Last[399] := 3 36;
set Last[400] := 4 37;
set Last[401] := 5 38;
set Last[402] := 6 39;
set Last[403] := 7 40;
set Last[404] := 8 41;
set Last[405] := 10 43;
set Last[406] := 11 44;
set Last[407] := 12 45;
set Last[408] := 14 47;
set Last[409] := 15 48;
set Last[410] := 17 50;
set Last[411] := 18 51;
set Last[412] := 21 54;
set Last[413] := 22 55;
set Last[414] := 25 58;
set Last[415] := 26 59;
set Last[416] := 27 60;
set Last[417] := 29 62;
set Last[418] := 30 63;
set Last[419] := 31 64;
set Last[420] := 32 65;
set Last[421] := 33 66;
set Last[422] := 1 34;
set Last[423] := 2 35;
set Last[424] := 3 36;
set Last[425] := 4 37;
set Last[426] := 5 38;
set Last[427] := 6 39;
set Last[428] := 7 40;
set Last[429] := 8 41;
set Last[430] := 9 42;
set Last[431] := 10 43;
set Last[432] := 11 44;
set Last[433] := 12 45;
set Last[434] := 14 47;
set Last[435] := 15 48;
set Last[436] := 17 50;
set Last[437] := 18 51;
set Last[438] := 20 53;
set Last[439] := 21 54;
set Last[440] := 22 55;
set Last[441] := 24 57;
set Last[442] := 26 59;
set Last[443] := 27 60;
set Last[444] := 29 62;
set Last[445] := 30 63;
set Last[446] := 31 64;
set Last[447] := 32 65;
set Last[448] := 33 66;
set Last[449] := 1 34;
set Last[450] := 2 35;
set Last[451] := 3 36;
set Last[452] := 4 37;
set Last[453] := 5 38;
set Last[454] := 6 39;
set Last[455] := 7 40;
set Last[456] := 8 41;
set Last[457] := 10 43;
set Last[458] := 11 44;
set Last[459] := 12 45;
set Last[460] := 14 47;
set Last[461] := 15 48;
set Last[462] := 17 50;
set Last[463] := 18 51;
set Last[464] := 21 54;
set Last[465] := 22 55;
set Last[466] := 24 57;
set Last[467] := 25 58;
set Last[468] := 27 60;
set Last[469] := 29 62;
set Last[470] := 30 63;
set Last[471] := 31 64;
set Last[472] := 32 65;
set Last[473] := 33 66;
set Last[474] := 1 34;
set Last[475] := 2 35;
set Last[476] := 3 36;
set Last[477] := 4 37;
set Last[478] := 5 38;
set Last[479] := 6 39;
set Last[480] := 7 40;
set Last[481] := 8 41;
set Last[482] := 10 43;
set Last[483] := 11 44;
set Last[484] := 12 45;
set Last[485] := 14 47;
set Last[486] := 15 48;
set Last[487] := 17 50;
set Last[488] := 18 51;
set Last[489] := 20 53;
set Last[490] := 21 54;
set Last[491] := 22 55;
set Last[492] := 24 57;
set Last[493] := 25 58;
set Last[494] := 26 59;
set Last[495] := 29 62;
set Last[496] := 30 63;
set Last[497] := 31 64;
set Last[498] := 32 65;
set Last[499] := 33 66;
set Last[500] := 1 34;
set Last[501] := 2 35;
set Last[502] := 3 36;
set Last[503] := 5 38;
set Last[504] := 7 40;
set Last[505] := 8 41;
set Last[506] := 10 43;
set Last[507] := 11 44;
set Last[508] := 12 45;
set Last[509] := 14 47;
set Last[510] := 15 48;
set Last[511] := 17 50;
set Last[512] := 18 51;
set Last[513] := 24 57;
set Last[514] := 25 58;
set Last[515] := 26 59;
set Last[516] := 27 60;
set Last[517] := 29 62;
set Last[518] := 30 63;
set Last[519] := 32 65;
set Last[520] := 33 66;
set Last[521] := 1 34;
set Last[522] := 2 35;
set Last[523] := 3 36;
set Last[524] := 4 37;
set Last[525] := 5 38;
set Last[526] := 6 39;
set Last[527] := 7 40;
set Last[528] := 8 41;
set Last[529] := 10 43;
set Last[530] := 11 44;
set Last[531] := 12 45;
set Last[532] := 14 47;
set Last[533] := 15 48;
set Last[534] := 17 50;
set Last[535] := 18 51;
set Last[536] := 20 53;
set Last[537] := 21 54;
set Last[538] := 22 55;
set Last[539] := 24 57;
set Last[540] := 25 58;
set Last[541] := 26 59;
set Last[542] := 27 60;
set Last[543] := 30 63;
set Last[544] := 31 64;
set Last[545] := 32 65;
set Last[546] := 33 66;
set Last[547] := 1 34;
set Last[548] := 2 35;
set Last[549] := 3 36;
set Last[550] := 4 37;
set Last[551] := 5 38;
set Last[552] := 6 39;
set Last[553] := 7 40;
set Last[554] := 8 41;
set Last[555] := 9 42;
set Last[556] := 10 43;
set Last[557] := 11 44;
set Last[558] := 12 45;
set Last[559] := 14 47;
set Last[560] := 15 48;
set Last[561] := 17 50;
set Last[562] := 18 51;
set Last[563] := 20 53;
set Last[564] := 21 54;
set Last[565] := 22 55;
set Last[566] := 24 57;
set Last[567] := 25 58;
set Last[568] := 26 59;
set Last[569] := 27 60;
set Last[570] := 29 62;
set Last[571] := 31 64;
set Last[572] := 32 65;
set Last[573] := 33 66;
set Last[574] := 1 34;
set Last[575] := 2 35;
set Last[576] := 10 43;
set Last[577] := 11 44;
set Last[578] := 12 45;
set Last[579] := 14 47;
set Last[580] := 15 48;
set Last[581] := 27 60;
set Last[582] := 32 65;
set Last[583] := 1 34;
set Last[584] := 2 35;
set Last[585] := 3 36;
set Last[586] := 4 37;
set Last[587] := 5 38;
set Last[588] := 6 39;
set Last[589] := 7 40;
set Last[590] := 8 41;
set Last[591] := 10 43;
set Last[592] := 11 44;
set Last[593] := 12 45;
set Last[594] := 14 47;
set Last[595] := 15 48;
set Last[596] := 17 50;
set Last[597] := 18 51;
set Last[598] := 21 54;
set Last[599] := 22 55;
set Last[600] := 24 57;
set Last[601] := 25 58;
set Last[602] := 26 59;
set Last[603] := 27 60;
set Last[604] := 29 62;
set Last[605] := 30 63;
set Last[606] := 31 64;
set Last[607] := 33 66;
set Last[608] := 1 34;
set Last[609] := 2 35;
set Last[610] := 3 36;
set Last[611] := 4 37;
set Last[612] := 5 38;
set Last[613] := 6 39;
set Last[614] := 7 40;
set Last[615] := 8 41;
set Last[616] := 9 42;
set Last[617] := 10 43;
set Last[618] := 11 44;
set Last[619] := 12 45;
set Last[620] := 14 47;
set Last[621] := 15 48;
set Last[622] := 17 50;
set Last[623] := 18 51;
set Last[624] := 20 53;
set Last[625] := 21 54;
set Last[626] := 22 55;
set Last[627] := 24 57;
set Last[628] := 25 58;
set Last[629] := 26 59;
set Last[630] := 27 60;
set Last[631] := 29 62;
set Last[632] := 30 63;
set Last[633] := 31 64;
set Last[634] := 32 65;

param q := 5;

end;
