data;

set V := 1 2 3 4 5 6 7 8 9 10 11 12 13 14 15 16 17 18 21 22 24 25 28 29 30 31 32 33 34 36;

set A := 1 6
         1 7
         2 7
         2 11
         2 13
         3 8
         3 10
         3 21
         4 5
         4 6
         4 22
         5 4
         5 8
         6 1
         6 4
         6 24
         7 1
         7 2
         7 12
         7 25
         8 3
         8 5
         8 14
         9 10
         9 18
         10 3
         10 9
         10 28
         11 2
         11 29
         12 7
         12 13
         12 30
         13 2
         13 12
         13 18
         13 31
         14 8
         14 15
         14 32
         15 14
         15 16
         15 17
         15 33
         16 15
         16 17
         16 34
         17 15
         17 16
         17 18
         18 9
         18 13
         18 17
         18 36
         ;

set S := 1 2 3 4 5 6 7 8 9 10 11 12 13 14 15 16 17 18 19 20 21 22 23 24 25 26 27 28 29 30 31 32 33 34 35 36 37 38 39 40 41 42 43 44 45 46 47 48 49 50 51 52 53 54 55 56 57 58 59 60 61 62 63 64 65 66 67 68 69 70 71 72 73 74 75 76 77 78 79 80 81 82 83 84 85 86 87 88 89 90 91 92 93 94 95 96 97 98 99 100 101 102 103 104 105 106 107 108 109 110 111 112 113 114 115 116 117 118 119 120 121 122 123;

set F[1] := 1 6
            6 4
            4 22
            ;
set F[2] := 1 6
            6 4
            4 5
            5 8
            8 14
            14 15
            15 33
            ;
set F[3] := 2 13
            13 18
            18 9
            9 10
            10 3
            3 21
            ;
set F[4] := 2 7
            7 1
            1 6
            6 4
            4 22
            ;
set F[5] := 2 7
            7 1
            1 6
            6 24
            ;
set F[6] := 2 7
            7 25
            ;
set F[7] := 2 13
            13 18
            18 9
            9 10
            10 28
            ;
set F[8] := 2 11
            11 29
            ;
set F[9] := 2 13
            13 12
            12 30
            ;
set F[10] := 2 13
             13 31
             ;
set F[11] := 2 13
             13 18
             18 17
             17 15
             15 14
             14 32
             ;
set F[12] := 2 13
             13 18
             18 17
             17 15
             15 33
             ;
set F[13] := 2 13
             13 18
             18 17
             17 16
             16 34
             ;
set F[14] := 2 13
             13 18
             18 36
             ;
set F[15] := 4 5
             5 8
             8 3
             3 21
             ;
set F[16] := 4 6
             6 24
             ;
set F[17] := 4 5
             5 8
             8 3
             3 10
             10 28
             ;
set F[18] := 4 6
             6 1
             1 7
             7 12
             12 30
             ;
set F[19] := 4 6
             6 1
             1 7
             7 2
             2 13
             13 31
             ;
set F[20] := 4 5
             5 8
             8 14
             14 15
             15 33
             ;
set F[21] := 4 5
             5 8
             8 14
             14 15
             15 16
             16 34
             ;
set F[22] := 5 8
             8 14
             14 15
             15 33
             ;
set F[23] := 6 4
             4 5
             5 8
             8 3
             3 21
             ;
set F[24] := 6 4
             4 22
             ;
set F[25] := 6 4
             4 5
             5 8
             8 3
             3 10
             10 28
             ;
set F[26] := 6 1
             1 7
             7 2
             2 11
             11 29
             ;
set F[27] := 6 1
             1 7
             7 12
             12 30
             ;
set F[28] := 6 1
             1 7
             7 2
             2 13
             13 31
             ;
set F[29] := 6 4
             4 5
             5 8
             8 14
             14 32
             ;
set F[30] := 6 4
             4 5
             5 8
             8 14
             14 15
             15 33
             ;
set F[31] := 6 4
             4 5
             5 8
             8 14
             14 15
             15 16
             16 34
             ;
set F[32] := 6 1
             1 7
             7 2
             2 13
             13 18
             18 36
             ;
set F[33] := 7 1
             1 6
             6 4
             4 5
             5 8
             8 3
             3 21
             ;
set F[34] := 7 1
             1 6
             6 4
             4 22
             ;
set F[35] := 7 1
             1 6
             6 24
             ;
set F[36] := 7 2
             2 13
             13 18
             18 9
             9 10
             10 28
             ;
set F[37] := 7 12
             12 30
             ;
set F[38] := 7 2
             2 13
             13 31
             ;
set F[39] := 7 2
             2 13
             13 18
             18 17
             17 15
             15 33
             ;
set F[40] := 7 2
             2 13
             13 18
             18 17
             17 16
             16 34
             ;
set F[41] := 7 2
             2 13
             13 18
             18 36
             ;
set F[42] := 8 3
             3 21
             ;
set F[43] := 8 5
             5 4
             4 22
             ;
set F[44] := 8 5
             5 4
             4 6
             6 24
             ;
set F[45] := 8 3
             3 10
             10 28
             ;
set F[46] := 8 3
             3 10
             10 9
             9 18
             18 13
             13 2
             2 11
             11 29
             ;
set F[47] := 8 3
             3 10
             10 9
             9 18
             18 13
             13 12
             12 30
             ;
set F[48] := 8 3
             3 10
             10 9
             9 18
             18 13
             13 31
             ;
set F[49] := 8 14
             14 32
             ;
set F[50] := 8 14
             14 15
             15 33
             ;
set F[51] := 8 14
             14 15
             15 16
             16 34
             ;
set F[52] := 8 3
             3 10
             10 9
             9 18
             18 36
             ;
set F[53] := 9 10
             10 3
             3 21
             ;
set F[54] := 9 10
             10 3
             3 8
             8 5
             5 4
             4 22
             ;
set F[55] := 9 10
             10 3
             3 8
             8 5
             5 4
             4 6
             6 24
             ;
set F[56] := 9 10
             10 28
             ;
set F[57] := 9 18
             18 13
             13 2
             2 11
             11 29
             ;
set F[58] := 9 18
             18 13
             13 12
             12 30
             ;
set F[59] := 9 18
             18 13
             13 31
             ;
set F[60] := 9 10
             10 3
             3 8
             8 14
             14 32
             ;
set F[61] := 9 18
             18 17
             17 15
             15 33
             ;
set F[62] := 9 18
             18 17
             17 16
             16 34
             ;
set F[63] := 9 18
             18 36
             ;
set F[64] := 10 3
             3 21
             ;
set F[65] := 10 3
             3 8
             8 5
             5 4
             4 22
             ;
set F[66] := 10 3
             3 8
             8 5
             5 4
             4 6
             6 24
             ;
set F[67] := 10 9
             9 18
             18 13
             13 12
             12 30
             ;
set F[68] := 10 9
             9 18
             18 13
             13 31
             ;
set F[69] := 10 3
             3 8
             8 14
             14 15
             15 33
             ;
set F[70] := 10 9
             9 18
             18 17
             17 16
             16 34
             ;
set F[71] := 10 9
             9 18
             18 36
             ;
set F[72] := 11 2
             2 13
             13 18
             18 9
             9 10
             10 3
             3 21
             ;
set F[73] := 11 2
             2 7
             7 1
             1 6
             6 4
             4 22
             ;
set F[74] := 11 2
             2 7
             7 1
             1 6
             6 24
             ;
set F[75] := 11 2
             2 13
             13 18
             18 9
             9 10
             10 28
             ;
set F[76] := 11 2
             2 13
             13 12
             12 30
             ;
set F[77] := 11 2
             2 13
             13 31
             ;
set F[78] := 11 2
             2 13
             13 18
             18 17
             17 15
             15 14
             14 32
             ;
set F[79] := 11 2
             2 13
             13 18
             18 17
             17 15
             15 33
             ;
set F[80] := 11 2
             2 13
             13 18
             18 17
             17 16
             16 34
             ;
set F[81] := 11 2
             2 13
             13 18
             18 36
             ;
set F[82] := 12 13
             13 18
             18 9
             9 10
             10 3
             3 21
             ;
set F[83] := 12 7
             7 1
             1 6
             6 4
             4 22
             ;
set F[84] := 12 7
             7 1
             1 6
             6 24
             ;
set F[85] := 12 13
             13 18
             18 9
             9 10
             10 28
             ;
set F[86] := 12 13
             13 31
             ;
set F[87] := 12 13
             13 18
             18 17
             17 15
             15 33
             ;
set F[88] := 12 13
             13 18
             18 17
             17 16
             16 34
             ;
set F[89] := 12 13
             13 18
             18 36
             ;
set F[90] := 13 18
             18 17
             17 15
             15 33
             ;
set F[91] := 15 14
             14 8
             8 3
             3 21
             ;
set F[92] := 15 14
             14 8
             8 5
             5 4
             4 22
             ;
set F[93] := 15 14
             14 8
             8 5
             5 4
             4 6
             6 24
             ;
set F[94] := 15 14
             14 8
             8 3
             3 10
             10 28
             ;
set F[95] := 15 17
             17 18
             18 13
             13 2
             2 11
             11 29
             ;
set F[96] := 15 17
             17 18
             18 13
             13 12
             12 30
             ;
set F[97] := 15 17
             17 18
             18 13
             13 31
             ;
set F[98] := 15 14
             14 32
             ;
set F[99] := 15 16
             16 34
             ;
set F[100] := 15 17
              17 18
              18 36
              ;
set F[101] := 16 15
              15 14
              14 8
              8 3
              3 21
              ;
set F[102] := 16 15
              15 14
              14 8
              8 5
              5 4
              4 22
              ;
set F[103] := 16 15
              15 14
              14 8
              8 5
              5 4
              4 6
              6 24
              ;
set F[104] := 16 17
              17 18
              18 9
              9 10
              10 28
              ;
set F[105] := 16 17
              17 18
              18 13
              13 2
              2 11
              11 29
              ;
set F[106] := 16 17
              17 18
              18 13
              13 12
              12 30
              ;
set F[107] := 16 17
              17 18
              18 13
              13 31
              ;
set F[108] := 16 15
              15 14
              14 32
              ;
set F[109] := 16 15
              15 33
              ;
set F[110] := 16 17
              17 18
              18 36
              ;
set F[111] := 17 15
              15 14
              14 8
              8 3
              3 21
              ;
set F[112] := 17 15
              15 14
              14 8
              8 5
              5 4
              4 22
              ;
set F[113] := 17 15
              15 14
              14 8
              8 5
              5 4
              4 6
              6 24
              ;
set F[114] := 17 18
              18 9
              9 10
              10 28
              ;
set F[115] := 17 18
              18 13
              13 2
              2 11
              11 29
              ;
set F[116] := 17 18
              18 13
              13 12
              12 30
              ;
set F[117] := 17 18
              18 13
              13 31
              ;
set F[118] := 17 15
              15 14
              14 32
              ;
set F[119] := 17 15
              15 33
              ;
set F[120] := 17 16
              16 34
              ;
set F[121] := 17 18
              18 36
              ;
set F[122] := 18 9
              9 10
              10 3
              3 8
              8 5
              5 4
              4 22
              ;
set F[123] := 18 17
              17 15
              15 33
              ;
set Last[1] := 4 22;
set Last[2] := 15 33;
set Last[3] := 3 21;
set Last[4] := 4 22;
set Last[5] := 6 24;
set Last[6] := 7 25;
set Last[7] := 10 28;
set Last[8] := 11 29;
set Last[9] := 12 30;
set Last[10] := 13 31;
set Last[11] := 14 32;
set Last[12] := 15 33;
set Last[13] := 16 34;
set Last[14] := 18 36;
set Last[15] := 3 21;
set Last[16] := 6 24;
set Last[17] := 10 28;
set Last[18] := 12 30;
set Last[19] := 13 31;
set Last[20] := 15 33;
set Last[21] := 16 34;
set Last[22] := 15 33;
set Last[23] := 3 21;
set Last[24] := 4 22;
set Last[25] := 10 28;
set Last[26] := 11 29;
set Last[27] := 12 30;
set Last[28] := 13 31;
set Last[29] := 14 32;
set Last[30] := 15 33;
set Last[31] := 16 34;
set Last[32] := 18 36;
set Last[33] := 3 21;
set Last[34] := 4 22;
set Last[35] := 6 24;
set Last[36] := 10 28;
set Last[37] := 12 30;
set Last[38] := 13 31;
set Last[39] := 15 33;
set Last[40] := 16 34;
set Last[41] := 18 36;
set Last[42] := 3 21;
set Last[43] := 4 22;
set Last[44] := 6 24;
set Last[45] := 10 28;
set Last[46] := 11 29;
set Last[47] := 12 30;
set Last[48] := 13 31;
set Last[49] := 14 32;
set Last[50] := 15 33;
set Last[51] := 16 34;
set Last[52] := 18 36;
set Last[53] := 3 21;
set Last[54] := 4 22;
set Last[55] := 6 24;
set Last[56] := 10 28;
set Last[57] := 11 29;
set Last[58] := 12 30;
set Last[59] := 13 31;
set Last[60] := 14 32;
set Last[61] := 15 33;
set Last[62] := 16 34;
set Last[63] := 18 36;
set Last[64] := 3 21;
set Last[65] := 4 22;
set Last[66] := 6 24;
set Last[67] := 12 30;
set Last[68] := 13 31;
set Last[69] := 15 33;
set Last[70] := 16 34;
set Last[71] := 18 36;
set Last[72] := 3 21;
set Last[73] := 4 22;
set Last[74] := 6 24;
set Last[75] := 10 28;
set Last[76] := 12 30;
set Last[77] := 13 31;
set Last[78] := 14 32;
set Last[79] := 15 33;
set Last[80] := 16 34;
set Last[81] := 18 36;
set Last[82] := 3 21;
set Last[83] := 4 22;
set Last[84] := 6 24;
set Last[85] := 10 28;
set Last[86] := 13 31;
set Last[87] := 15 33;
set Last[88] := 16 34;
set Last[89] := 18 36;
set Last[90] := 15 33;
set Last[91] := 3 21;
set Last[92] := 4 22;
set Last[93] := 6 24;
set Last[94] := 10 28;
set Last[95] := 11 29;
set Last[96] := 12 30;
set Last[97] := 13 31;
set Last[98] := 14 32;
set Last[99] := 16 34;
set Last[100] := 18 36;
set Last[101] := 3 21;
set Last[102] := 4 22;
set Last[103] := 6 24;
set Last[104] := 10 28;
set Last[105] := 11 29;
set Last[106] := 12 30;
set Last[107] := 13 31;
set Last[108] := 14 32;
set Last[109] := 15 33;
set Last[110] := 18 36;
set Last[111] := 3 21;
set Last[112] := 4 22;
set Last[113] := 6 24;
set Last[114] := 10 28;
set Last[115] := 11 29;
set Last[116] := 12 30;
set Last[117] := 13 31;
set Last[118] := 14 32;
set Last[119] := 15 33;
set Last[120] := 16 34;
set Last[121] := 18 36;
set Last[122] := 4 22;
set Last[123] := 15 33;

param q := 5;

end;
