data;

set V := 1 2 3 4 5 6 7 8 9 10 11 12 13 14 15 16 17 18 19 20 21 22 23 24 26 27 28 29 30;

set A := 1 4
         1 7
         1 14
         1 16
         2 10
         2 13
         2 17
         3 14
         3 18
         4 1
         4 19
         5 12
         5 13
         5 20
         6 7
         6 9
         6 21
         7 1
         7 6
         7 22
         8 9
         8 11
         8 23
         9 6
         9 8
         9 24
         10 2
         10 11
         11 8
         11 10
         11 26
         12 5
         12 15
         12 27
         13 2
         13 5
         13 28
         14 1
         14 3
         14 15
         14 29
         15 12
         15 14
         15 30
         ;

set S := 1 2 3 4 5 6 7 8 9 10 11 12 13 14 15 16 17 18 19 20 21 22 23 24 25 26 27 28 29 30 31 32 33 34 35 36 37 38 39 40 41 42 43 44 45 46 47 48 49 50 51 52 53 54 55 56 57 58 59 60 61 62 63 64 65 66 67 68 69 70 71 72 73 74 75 76 77 78 79 80 81 82 83 84 85 86 87 88 89 90 91 92 93 94 95 96 97 98 99 100 101 102 103 104 105 106 107 108 109 110 111 112 113 114 115 116 117 118 119 120 121 122 123 124 125 126;

set F[1] := 1 14
            14 15
            15 12
            12 5
            5 13
            13 2
            2 17
            ;
set F[2] := 1 14
            14 3
            3 18
            ;
set F[3] := 1 4
            4 19
            ;
set F[4] := 1 14
            14 15
            15 12
            12 5
            5 20
            ;
set F[5] := 1 7
            7 6
            6 21
            ;
set F[6] := 1 7
            7 22
            ;
set F[7] := 1 7
            7 6
            6 9
            9 8
            8 23
            ;
set F[8] := 1 7
            7 6
            6 9
            9 24
            ;
set F[9] := 1 7
            7 6
            6 9
            9 8
            8 11
            11 26
            ;
set F[10] := 1 14
             14 15
             15 12
             12 27
             ;
set F[11] := 1 14
             14 15
             15 12
             12 5
             5 13
             13 28
             ;
set F[12] := 1 14
             14 29
             ;
set F[13] := 1 14
             14 15
             15 30
             ;
set F[14] := 2 13
             13 5
             5 12
             12 15
             15 14
             14 1
             1 16
             ;
set F[15] := 2 13
             13 28
             ;
set F[16] := 2 13
             13 5
             5 12
             12 15
             15 14
             14 29
             ;
set F[17] := 3 14
             14 1
             1 16
             ;
set F[18] := 3 14
             14 15
             15 12
             12 5
             5 13
             13 2
             2 17
             ;
set F[19] := 3 14
             14 1
             1 7
             7 22
             ;
set F[20] := 3 14
             14 1
             1 7
             7 6
             6 9
             9 8
             8 23
             ;
set F[21] := 3 14
             14 1
             1 7
             7 6
             6 9
             9 8
             8 11
             11 26
             ;
set F[22] := 3 14
             14 15
             15 12
             12 5
             5 13
             13 28
             ;
set F[23] := 3 14
             14 29
             ;
set F[24] := 4 1
             1 16
             ;
set F[25] := 4 1
             1 14
             14 15
             15 12
             12 5
             5 13
             13 2
             2 17
             ;
set F[26] := 4 1
             1 7
             7 6
             6 9
             9 8
             8 23
             ;
set F[27] := 4 1
             1 14
             14 15
             15 12
             12 5
             5 13
             13 28
             ;
set F[28] := 4 1
             1 14
             14 29
             ;
set F[29] := 6 7
             7 1
             1 16
             ;
set F[30] := 6 9
             9 8
             8 11
             11 10
             10 2
             2 17
             ;
set F[31] := 6 7
             7 1
             1 4
             4 19
             ;
set F[32] := 6 7
             7 22
             ;
set F[33] := 6 9
             9 8
             8 23
             ;
set F[34] := 6 9
             9 8
             8 11
             11 26
             ;
set F[35] := 6 9
             9 8
             8 11
             11 10
             10 2
             2 13
             13 28
             ;
set F[36] := 6 7
             7 1
             1 14
             14 29
             ;
set F[37] := 6 7
             7 1
             1 14
             14 15
             15 30
             ;
set F[38] := 7 1
             1 16
             ;
set F[39] := 7 6
             6 9
             9 8
             8 11
             11 10
             10 2
             2 17
             ;
set F[40] := 7 1
             1 4
             4 19
             ;
set F[41] := 7 1
             1 14
             14 15
             15 12
             12 5
             5 20
             ;
set F[42] := 7 6
             6 9
             9 8
             8 23
             ;
set F[43] := 7 6
             6 9
             9 8
             8 11
             11 26
             ;
set F[44] := 7 1
             1 14
             14 15
             15 12
             12 5
             5 13
             13 28
             ;
set F[45] := 7 1
             1 14
             14 29
             ;
set F[46] := 7 1
             1 14
             14 15
             15 30
             ;
set F[47] := 8 9
             9 6
             6 7
             7 1
             1 16
             ;
set F[48] := 8 11
             11 10
             10 2
             2 17
             ;
set F[49] := 8 9
             9 6
             6 7
             7 1
             1 14
             14 3
             3 18
             ;
set F[50] := 8 9
             9 6
             6 7
             7 1
             1 4
             4 19
             ;
set F[51] := 8 11
             11 10
             10 2
             2 13
             13 5
             5 20
             ;
set F[52] := 8 9
             9 6
             6 21
             ;
set F[53] := 8 9
             9 6
             6 7
             7 22
             ;
set F[54] := 8 9
             9 24
             ;
set F[55] := 8 11
             11 26
             ;
set F[56] := 8 11
             11 10
             10 2
             2 13
             13 28
             ;
set F[57] := 8 9
             9 6
             6 7
             7 1
             1 14
             14 29
             ;
set F[58] := 8 9
             9 6
             6 7
             7 1
             1 14
             14 15
             15 30
             ;
set F[59] := 9 6
             6 7
             7 1
             1 16
             ;
set F[60] := 9 8
             8 11
             11 10
             10 2
             2 17
             ;
set F[61] := 9 6
             6 7
             7 1
             1 14
             14 3
             3 18
             ;
set F[62] := 9 6
             6 7
             7 1
             1 4
             4 19
             ;
set F[63] := 9 8
             8 11
             11 10
             10 2
             2 13
             13 5
             5 20
             ;
set F[64] := 9 6
             6 21
             ;
set F[65] := 9 6
             6 7
             7 22
             ;
set F[66] := 9 8
             8 23
             ;
set F[67] := 9 8
             8 11
             11 26
             ;
set F[68] := 9 8
             8 11
             11 10
             10 2
             2 13
             13 28
             ;
set F[69] := 9 6
             6 7
             7 1
             1 14
             14 29
             ;
set F[70] := 9 6
             6 7
             7 1
             1 14
             14 15
             15 30
             ;
set F[71] := 10 11
             11 8
             8 9
             9 6
             6 7
             7 1
             1 16
             ;
set F[72] := 10 2
             2 17
             ;
set F[73] := 10 2
             2 13
             13 5
             5 12
             12 15
             15 14
             14 3
             3 18
             ;
set F[74] := 10 11
             11 8
             8 9
             9 6
             6 7
             7 1
             1 4
             4 19
             ;
set F[75] := 10 2
             2 13
             13 5
             5 20
             ;
set F[76] := 10 11
             11 8
             8 9
             9 6
             6 21
             ;
set F[77] := 10 11
             11 8
             8 9
             9 6
             6 7
             7 22
             ;
set F[78] := 10 11
             11 8
             8 23
             ;
set F[79] := 10 11
             11 8
             8 9
             9 24
             ;
set F[80] := 10 11
             11 26
             ;
set F[81] := 10 2
             2 13
             13 28
             ;
set F[82] := 10 2
             2 13
             13 5
             5 12
             12 15
             15 14
             14 29
             ;
set F[83] := 10 2
             2 13
             13 5
             5 12
             12 15
             15 30
             ;
set F[84] := 11 8
             8 9
             9 6
             6 7
             7 1
             1 16
             ;
set F[85] := 11 10
             10 2
             2 17
             ;
set F[86] := 11 8
             8 9
             9 6
             6 7
             7 1
             1 4
             4 19
             ;
set F[87] := 11 10
             10 2
             2 13
             13 5
             5 20
             ;
set F[88] := 11 8
             8 9
             9 6
             6 7
             7 22
             ;
set F[89] := 11 8
             8 23
             ;
set F[90] := 11 10
             10 2
             2 13
             13 28
             ;
set F[91] := 11 8
             8 9
             9 6
             6 7
             7 1
             1 14
             14 29
             ;
set F[92] := 11 10
             10 2
             2 13
             13 5
             5 12
             12 15
             15 30
             ;
set F[93] := 13 5
             5 12
             12 15
             15 14
             14 1
             1 16
             ;
set F[94] := 13 2
             2 17
             ;
set F[95] := 13 5
             5 12
             12 15
             15 14
             14 3
             3 18
             ;
set F[96] := 13 5
             5 12
             12 15
             15 14
             14 1
             1 4
             4 19
             ;
set F[97] := 13 5
             5 20
             ;
set F[98] := 13 2
             2 10
             10 11
             11 8
             8 9
             9 6
             6 21
             ;
set F[99] := 13 5
             5 12
             12 15
             15 14
             14 1
             1 7
             7 22
             ;
set F[100] := 13 2
              2 10
              10 11
              11 8
              8 23
              ;
set F[101] := 13 2
              2 10
              10 11
              11 8
              8 9
              9 24
              ;
set F[102] := 13 2
              2 10
              10 11
              11 26
              ;
set F[103] := 13 5
              5 12
              12 15
              15 14
              14 29
              ;
set F[104] := 13 5
              5 12
              12 15
              15 30
              ;
set F[105] := 14 1
              1 16
              ;
set F[106] := 14 15
              15 12
              12 5
              5 13
              13 2
              2 17
              ;
set F[107] := 14 3
              3 18
              ;
set F[108] := 14 1
              1 4
              4 19
              ;
set F[109] := 14 15
              15 12
              12 5
              5 20
              ;
set F[110] := 14 1
              1 7
              7 6
              6 21
              ;
set F[111] := 14 1
              1 7
              7 22
              ;
set F[112] := 14 1
              1 7
              7 6
              6 9
              9 8
              8 23
              ;
set F[113] := 14 1
              1 7
              7 6
              6 9
              9 24
              ;
set F[114] := 14 1
              1 7
              7 6
              6 9
              9 8
              8 11
              11 26
              ;
set F[115] := 14 15
              15 12
              12 27
              ;
set F[116] := 14 15
              15 12
              12 5
              5 13
              13 28
              ;
set F[117] := 14 15
              15 30
              ;
set F[118] := 15 14
              14 1
              1 16
              ;
set F[119] := 15 12
              12 5
              5 13
              13 2
              2 17
              ;
set F[120] := 15 14
              14 1
              1 4
              4 19
              ;
set F[121] := 15 12
              12 5
              5 20
              ;
set F[122] := 15 14
              14 1
              1 7
              7 22
              ;
set F[123] := 15 14
              14 1
              1 7
              7 6
              6 9
              9 8
              8 23
              ;
set F[124] := 15 12
              12 5
              5 13
              13 2
              2 10
              10 11
              11 26
              ;
set F[125] := 15 12
              12 5
              5 13
              13 28
              ;
set F[126] := 15 14
              14 29
              ;
set Last[1] := 2 17;
set Last[2] := 3 18;
set Last[3] := 4 19;
set Last[4] := 5 20;
set Last[5] := 6 21;
set Last[6] := 7 22;
set Last[7] := 8 23;
set Last[8] := 9 24;
set Last[9] := 11 26;
set Last[10] := 12 27;
set Last[11] := 13 28;
set Last[12] := 14 29;
set Last[13] := 15 30;
set Last[14] := 1 16;
set Last[15] := 13 28;
set Last[16] := 14 29;
set Last[17] := 1 16;
set Last[18] := 2 17;
set Last[19] := 7 22;
set Last[20] := 8 23;
set Last[21] := 11 26;
set Last[22] := 13 28;
set Last[23] := 14 29;
set Last[24] := 1 16;
set Last[25] := 2 17;
set Last[26] := 8 23;
set Last[27] := 13 28;
set Last[28] := 14 29;
set Last[29] := 1 16;
set Last[30] := 2 17;
set Last[31] := 4 19;
set Last[32] := 7 22;
set Last[33] := 8 23;
set Last[34] := 11 26;
set Last[35] := 13 28;
set Last[36] := 14 29;
set Last[37] := 15 30;
set Last[38] := 1 16;
set Last[39] := 2 17;
set Last[40] := 4 19;
set Last[41] := 5 20;
set Last[42] := 8 23;
set Last[43] := 11 26;
set Last[44] := 13 28;
set Last[45] := 14 29;
set Last[46] := 15 30;
set Last[47] := 1 16;
set Last[48] := 2 17;
set Last[49] := 3 18;
set Last[50] := 4 19;
set Last[51] := 5 20;
set Last[52] := 6 21;
set Last[53] := 7 22;
set Last[54] := 9 24;
set Last[55] := 11 26;
set Last[56] := 13 28;
set Last[57] := 14 29;
set Last[58] := 15 30;
set Last[59] := 1 16;
set Last[60] := 2 17;
set Last[61] := 3 18;
set Last[62] := 4 19;
set Last[63] := 5 20;
set Last[64] := 6 21;
set Last[65] := 7 22;
set Last[66] := 8 23;
set Last[67] := 11 26;
set Last[68] := 13 28;
set Last[69] := 14 29;
set Last[70] := 15 30;
set Last[71] := 1 16;
set Last[72] := 2 17;
set Last[73] := 3 18;
set Last[74] := 4 19;
set Last[75] := 5 20;
set Last[76] := 6 21;
set Last[77] := 7 22;
set Last[78] := 8 23;
set Last[79] := 9 24;
set Last[80] := 11 26;
set Last[81] := 13 28;
set Last[82] := 14 29;
set Last[83] := 15 30;
set Last[84] := 1 16;
set Last[85] := 2 17;
set Last[86] := 4 19;
set Last[87] := 5 20;
set Last[88] := 7 22;
set Last[89] := 8 23;
set Last[90] := 13 28;
set Last[91] := 14 29;
set Last[92] := 15 30;
set Last[93] := 1 16;
set Last[94] := 2 17;
set Last[95] := 3 18;
set Last[96] := 4 19;
set Last[97] := 5 20;
set Last[98] := 6 21;
set Last[99] := 7 22;
set Last[100] := 8 23;
set Last[101] := 9 24;
set Last[102] := 11 26;
set Last[103] := 14 29;
set Last[104] := 15 30;
set Last[105] := 1 16;
set Last[106] := 2 17;
set Last[107] := 3 18;
set Last[108] := 4 19;
set Last[109] := 5 20;
set Last[110] := 6 21;
set Last[111] := 7 22;
set Last[112] := 8 23;
set Last[113] := 9 24;
set Last[114] := 11 26;
set Last[115] := 12 27;
set Last[116] := 13 28;
set Last[117] := 15 30;
set Last[118] := 1 16;
set Last[119] := 2 17;
set Last[120] := 4 19;
set Last[121] := 5 20;
set Last[122] := 7 22;
set Last[123] := 8 23;
set Last[124] := 11 26;
set Last[125] := 13 28;
set Last[126] := 14 29;

param q := 5;

end;
