data;

set V := 1 2 3 4 5 6 7 8 9 10 11 12 13 14 15 16 17 18 19 20 21 22 23 24 25 26 27 28 29 30 31 32;

set A := 1 3
         1 4
         1 17
         2 5
         2 8
         2 18
         3 1
         3 6
         3 8
         3 19
         4 1
         4 20
         5 2
         5 7
         5 8
         5 11
         5 21
         6 1
         6 3
         6 22
         7 5
         7 8
         7 11
         7 16
         7 23
         8 2
         8 3
         8 5
         8 7
         8 24
         9 10
         9 15
         9 25
         10 9
         10 11
         10 26
         11 5
         11 7
         11 10
         11 27
         12 13
         12 15
         12 28
         13 12
         13 14
         13 16
         13 29
         14 13
         14 15
         14 30
         15 9
         15 12
         15 14
         15 31
         16 7
         16 13
         16 32
         ;

set S := 1 2 3 4 5 6 7 8 9 10 11 12 13 14 15 16 17 18 19 20 21 22 23 24 25 26 27 28 29 30 31 32 33 34 35 36 37 38 39 40 41 42 43 44 45 46 47 48 49 50 51 52 53 54 55 56 57 58 59 60 61 62 63 64 65 66 67 68 69 70 71 72 73 74 75 76 77 78 79 80 81 82 83 84 85 86 87 88 89 90 91 92 93 94 95 96 97 98 99 100 101 102 103 104 105 106 107 108 109 110 111 112 113 114 115 116 117 118 119 120 121 122 123 124 125 126 127 128 129 130 131 132 133 134 135 136 137 138 139 140 141 142 143 144 145 146 147 148 149 150 151 152 153 154 155 156 157 158 159 160 161 162 163 164 165 166 167 168 169 170 171 172 173 174 175 176 177 178 179 180 181 182 183 184 185 186 187 188 189 190 191 192;

set F[1] := 1 3
            3 8
            8 2
            2 18
            ;
set F[2] := 1 3
            3 19
            ;
set F[3] := 1 4
            4 20
            ;
set F[4] := 1 3
            3 8
            8 5
            5 21
            ;
set F[5] := 1 3
            3 8
            8 7
            7 23
            ;
set F[6] := 1 3
            3 8
            8 24
            ;
set F[7] := 1 3
            3 8
            8 5
            5 11
            11 10
            10 9
            9 25
            ;
set F[8] := 1 3
            3 8
            8 5
            5 11
            11 27
            ;
set F[9] := 1 3
            3 8
            8 7
            7 16
            16 13
            13 12
            12 28
            ;
set F[10] := 1 3
             3 8
             8 7
             7 16
             16 13
             13 29
             ;
set F[11] := 1 3
             3 8
             8 7
             7 16
             16 13
             13 14
             14 30
             ;
set F[12] := 1 3
             3 8
             8 5
             5 11
             11 10
             10 9
             9 15
             15 31
             ;
set F[13] := 1 3
             3 8
             8 7
             7 16
             16 32
             ;
set F[14] := 2 8
             8 3
             3 1
             1 17
             ;
set F[15] := 2 8
             8 3
             3 19
             ;
set F[16] := 2 8
             8 3
             3 1
             1 4
             4 20
             ;
set F[17] := 2 5
             5 21
             ;
set F[18] := 2 5
             5 7
             7 23
             ;
set F[19] := 2 8
             8 24
             ;
set F[20] := 2 5
             5 11
             11 10
             10 9
             9 25
             ;
set F[21] := 2 5
             5 11
             11 27
             ;
set F[22] := 2 5
             5 7
             7 16
             16 13
             13 12
             12 28
             ;
set F[23] := 2 5
             5 7
             7 16
             16 13
             13 29
             ;
set F[24] := 2 5
             5 7
             7 16
             16 13
             13 14
             14 30
             ;
set F[25] := 2 5
             5 11
             11 10
             10 9
             9 15
             15 31
             ;
set F[26] := 2 5
             5 7
             7 16
             16 32
             ;
set F[27] := 3 1
             1 17
             ;
set F[28] := 3 8
             8 2
             2 18
             ;
set F[29] := 3 1
             1 4
             4 20
             ;
set F[30] := 3 8
             8 5
             5 21
             ;
set F[31] := 3 6
             6 22
             ;
set F[32] := 3 8
             8 7
             7 23
             ;
set F[33] := 3 8
             8 24
             ;
set F[34] := 3 8
             8 5
             5 11
             11 10
             10 9
             9 25
             ;
set F[35] := 3 8
             8 5
             5 11
             11 10
             10 26
             ;
set F[36] := 3 8
             8 5
             5 11
             11 27
             ;
set F[37] := 3 8
             8 7
             7 16
             16 13
             13 12
             12 28
             ;
set F[38] := 3 8
             8 7
             7 16
             16 13
             13 29
             ;
set F[39] := 3 8
             8 7
             7 16
             16 13
             13 14
             14 30
             ;
set F[40] := 3 8
             8 5
             5 11
             11 10
             10 9
             9 15
             15 31
             ;
set F[41] := 3 8
             8 7
             7 16
             16 32
             ;
set F[42] := 4 1
             1 3
             3 8
             8 2
             2 18
             ;
set F[43] := 4 1
             1 3
             3 19
             ;
set F[44] := 4 1
             1 3
             3 8
             8 5
             5 21
             ;
set F[45] := 4 1
             1 3
             3 8
             8 24
             ;
set F[46] := 4 1
             1 3
             3 8
             8 5
             5 11
             11 27
             ;
set F[47] := 4 1
             1 3
             3 8
             8 7
             7 16
             16 13
             13 12
             12 28
             ;
set F[48] := 4 1
             1 3
             3 8
             8 7
             7 16
             16 13
             13 29
             ;
set F[49] := 4 1
             1 3
             3 8
             8 7
             7 16
             16 13
             13 14
             14 30
             ;
set F[50] := 4 1
             1 3
             3 8
             8 5
             5 11
             11 10
             10 9
             9 15
             15 31
             ;
set F[51] := 4 1
             1 3
             3 8
             8 7
             7 16
             16 32
             ;
set F[52] := 5 8
             8 3
             3 19
             ;
set F[53] := 5 8
             8 24
             ;
set F[54] := 5 7
             7 16
             16 13
             13 29
             ;
set F[55] := 5 11
             11 10
             10 9
             9 15
             15 31
             ;
set F[56] := 6 1
             1 17
             ;
set F[57] := 6 3
             3 8
             8 2
             2 18
             ;
set F[58] := 6 3
             3 19
             ;
set F[59] := 6 1
             1 4
             4 20
             ;
set F[60] := 6 3
             3 8
             8 5
             5 21
             ;
set F[61] := 6 3
             3 8
             8 7
             7 23
             ;
set F[62] := 6 3
             3 8
             8 24
             ;
set F[63] := 6 3
             3 8
             8 5
             5 11
             11 10
             10 9
             9 25
             ;
set F[64] := 6 3
             3 8
             8 5
             5 11
             11 10
             10 26
             ;
set F[65] := 6 3
             3 8
             8 5
             5 11
             11 27
             ;
set F[66] := 6 3
             3 8
             8 7
             7 16
             16 13
             13 12
             12 28
             ;
set F[67] := 6 3
             3 8
             8 7
             7 16
             16 13
             13 29
             ;
set F[68] := 6 3
             3 8
             8 7
             7 16
             16 13
             13 14
             14 30
             ;
set F[69] := 6 3
             3 8
             8 5
             5 11
             11 10
             10 9
             9 15
             15 31
             ;
set F[70] := 6 3
             3 8
             8 7
             7 16
             16 32
             ;
set F[71] := 7 8
             8 3
             3 1
             1 17
             ;
set F[72] := 7 5
             5 2
             2 18
             ;
set F[73] := 7 8
             8 3
             3 19
             ;
set F[74] := 7 8
             8 3
             3 1
             1 4
             4 20
             ;
set F[75] := 7 5
             5 21
             ;
set F[76] := 7 8
             8 24
             ;
set F[77] := 7 11
             11 10
             10 9
             9 25
             ;
set F[78] := 7 11
             11 27
             ;
set F[79] := 7 16
             16 13
             13 12
             12 28
             ;
set F[80] := 7 16
             16 13
             13 29
             ;
set F[81] := 7 16
             16 13
             13 14
             14 30
             ;
set F[82] := 7 11
             11 10
             10 9
             9 15
             15 31
             ;
set F[83] := 7 16
             16 32
             ;
set F[84] := 8 3
             3 1
             1 17
             ;
set F[85] := 8 2
             2 18
             ;
set F[86] := 8 3
             3 19
             ;
set F[87] := 8 5
             5 21
             ;
set F[88] := 8 7
             7 23
             ;
set F[89] := 8 5
             5 11
             11 10
             10 9
             9 25
             ;
set F[90] := 8 5
             5 11
             11 27
             ;
set F[91] := 8 7
             7 16
             16 13
             13 12
             12 28
             ;
set F[92] := 8 7
             7 16
             16 13
             13 29
             ;
set F[93] := 8 7
             7 16
             16 13
             13 14
             14 30
             ;
set F[94] := 8 5
             5 11
             11 10
             10 9
             9 15
             15 31
             ;
set F[95] := 8 7
             7 16
             16 32
             ;
set F[96] := 9 10
             10 11
             11 5
             5 8
             8 3
             3 1
             1 17
             ;
set F[97] := 9 10
             10 11
             11 5
             5 2
             2 18
             ;
set F[98] := 9 10
             10 11
             11 5
             5 8
             8 3
             3 19
             ;
set F[99] := 9 10
             10 11
             11 5
             5 8
             8 3
             3 1
             1 4
             4 20
             ;
set F[100] := 9 10
              10 11
              11 5
              5 21
              ;
set F[101] := 9 10
              10 11
              11 5
              5 8
              8 3
              3 6
              6 22
              ;
set F[102] := 9 10
              10 11
              11 7
              7 23
              ;
set F[103] := 9 10
              10 11
              11 5
              5 8
              8 24
              ;
set F[104] := 9 10
              10 11
              11 27
              ;
set F[105] := 9 15
              15 12
              12 28
              ;
set F[106] := 9 15
              15 12
              12 13
              13 29
              ;
set F[107] := 9 15
              15 14
              14 30
              ;
set F[108] := 9 15
              15 31
              ;
set F[109] := 9 10
              10 11
              11 7
              7 16
              16 32
              ;
set F[110] := 10 11
              11 5
              5 2
              2 18
              ;
set F[111] := 10 11
              11 5
              5 8
              8 3
              3 19
              ;
set F[112] := 10 11
              11 5
              5 21
              ;
set F[113] := 10 11
              11 5
              5 8
              8 24
              ;
set F[114] := 10 11
              11 27
              ;
set F[115] := 10 9
              9 15
              15 12
              12 28
              ;
set F[116] := 10 9
              9 15
              15 12
              12 13
              13 29
              ;
set F[117] := 10 9
              9 15
              15 14
              14 30
              ;
set F[118] := 10 9
              9 15
              15 31
              ;
set F[119] := 10 11
              11 7
              7 16
              16 32
              ;
set F[120] := 11 5
              5 8
              8 3
              3 1
              1 17
              ;
set F[121] := 11 5
              5 2
              2 18
              ;
set F[122] := 11 5
              5 8
              8 3
              3 19
              ;
set F[123] := 11 5
              5 8
              8 3
              3 1
              1 4
              4 20
              ;
set F[124] := 11 5
              5 21
              ;
set F[125] := 11 5
              5 8
              8 3
              3 6
              6 22
              ;
set F[126] := 11 7
              7 23
              ;
set F[127] := 11 5
              5 8
              8 24
              ;
set F[128] := 11 10
              10 9
              9 25
              ;
set F[129] := 11 10
              10 26
              ;
set F[130] := 11 7
              7 16
              16 13
              13 12
              12 28
              ;
set F[131] := 11 7
              7 16
              16 13
              13 29
              ;
set F[132] := 11 7
              7 16
              16 13
              13 14
              14 30
              ;
set F[133] := 11 10
              10 9
              9 15
              15 31
              ;
set F[134] := 11 7
              7 16
              16 32
              ;
set F[135] := 12 13
              13 16
              16 7
              7 8
              8 3
              3 19
              ;
set F[136] := 12 13
              13 16
              16 7
              7 5
              5 21
              ;
set F[137] := 12 13
              13 16
              16 7
              7 8
              8 24
              ;
set F[138] := 12 13
              13 29
              ;
set F[139] := 12 15
              15 31
              ;
set F[140] := 13 16
              16 7
              7 8
              8 3
              3 1
              1 17
              ;
set F[141] := 13 16
              16 7
              7 5
              5 2
              2 18
              ;
set F[142] := 13 16
              16 7
              7 8
              8 3
              3 19
              ;
set F[143] := 13 16
              16 7
              7 8
              8 3
              3 1
              1 4
              4 20
              ;
set F[144] := 13 16
              16 7
              7 5
              5 21
              ;
set F[145] := 13 16
              16 7
              7 8
              8 3
              3 6
              6 22
              ;
set F[146] := 13 16
              16 7
              7 23
              ;
set F[147] := 13 16
              16 7
              7 8
              8 24
              ;
set F[148] := 13 12
              12 15
              15 9
              9 25
              ;
set F[149] := 13 12
              12 15
              15 9
              9 10
              10 26
              ;
set F[150] := 13 16
              16 7
              7 11
              11 27
              ;
set F[151] := 13 12
              12 28
              ;
set F[152] := 13 14
              14 30
              ;
set F[153] := 13 12
              12 15
              15 31
              ;
set F[154] := 13 16
              16 32
              ;
set F[155] := 14 13
              13 16
              16 7
              7 8
              8 3
              3 1
              1 17
              ;
set F[156] := 14 13
              13 16
              16 7
              7 5
              5 2
              2 18
              ;
set F[157] := 14 13
              13 16
              16 7
              7 8
              8 3
              3 19
              ;
set F[158] := 14 13
              13 16
              16 7
              7 8
              8 3
              3 1
              1 4
              4 20
              ;
set F[159] := 14 13
              13 16
              16 7
              7 5
              5 21
              ;
set F[160] := 14 13
              13 16
              16 7
              7 8
              8 3
              3 6
              6 22
              ;
set F[161] := 14 13
              13 16
              16 7
              7 23
              ;
set F[162] := 14 13
              13 16
              16 7
              7 8
              8 24
              ;
set F[163] := 14 15
              15 9
              9 25
              ;
set F[164] := 14 15
              15 9
              9 10
              10 26
              ;
set F[165] := 14 13
              13 16
              16 7
              7 11
              11 27
              ;
set F[166] := 14 13
              13 12
              12 28
              ;
set F[167] := 14 13
              13 29
              ;
set F[168] := 14 15
              15 31
              ;
set F[169] := 14 13
              13 16
              16 32
              ;
set F[170] := 15 9
              9 10
              10 11
              11 5
              5 2
              2 18
              ;
set F[171] := 15 9
              9 10
              10 11
              11 5
              5 8
              8 3
              3 19
              ;
set F[172] := 15 9
              9 10
              10 11
              11 5
              5 21
              ;
set F[173] := 15 9
              9 10
              10 11
              11 5
              5 8
              8 24
              ;
set F[174] := 15 9
              9 10
              10 11
              11 27
              ;
set F[175] := 15 12
              12 28
              ;
set F[176] := 15 12
              12 13
              13 29
              ;
set F[177] := 15 14
              14 30
              ;
set F[178] := 15 12
              12 13
              13 16
              16 32
              ;
set F[179] := 16 7
              7 8
              8 3
              3 1
              1 17
              ;
set F[180] := 16 7
              7 5
              5 2
              2 18
              ;
set F[181] := 16 7
              7 8
              8 3
              3 19
              ;
set F[182] := 16 7
              7 8
              8 3
              3 1
              1 4
              4 20
              ;
set F[183] := 16 7
              7 5
              5 21
              ;
set F[184] := 16 7
              7 8
              8 3
              3 6
              6 22
              ;
set F[185] := 16 7
              7 23
              ;
set F[186] := 16 7
              7 8
              8 24
              ;
set F[187] := 16 7
              7 11
              11 10
              10 9
              9 25
              ;
set F[188] := 16 7
              7 11
              11 27
              ;
set F[189] := 16 13
              13 12
              12 28
              ;
set F[190] := 16 13
              13 29
              ;
set F[191] := 16 13
              13 14
              14 30
              ;
set F[192] := 16 13
              13 12
              12 15
              15 31
              ;
set Last[1] := 2 18;
set Last[2] := 3 19;
set Last[3] := 4 20;
set Last[4] := 5 21;
set Last[5] := 7 23;
set Last[6] := 8 24;
set Last[7] := 9 25;
set Last[8] := 11 27;
set Last[9] := 12 28;
set Last[10] := 13 29;
set Last[11] := 14 30;
set Last[12] := 15 31;
set Last[13] := 16 32;
set Last[14] := 1 17;
set Last[15] := 3 19;
set Last[16] := 4 20;
set Last[17] := 5 21;
set Last[18] := 7 23;
set Last[19] := 8 24;
set Last[20] := 9 25;
set Last[21] := 11 27;
set Last[22] := 12 28;
set Last[23] := 13 29;
set Last[24] := 14 30;
set Last[25] := 15 31;
set Last[26] := 16 32;
set Last[27] := 1 17;
set Last[28] := 2 18;
set Last[29] := 4 20;
set Last[30] := 5 21;
set Last[31] := 6 22;
set Last[32] := 7 23;
set Last[33] := 8 24;
set Last[34] := 9 25;
set Last[35] := 10 26;
set Last[36] := 11 27;
set Last[37] := 12 28;
set Last[38] := 13 29;
set Last[39] := 14 30;
set Last[40] := 15 31;
set Last[41] := 16 32;
set Last[42] := 2 18;
set Last[43] := 3 19;
set Last[44] := 5 21;
set Last[45] := 8 24;
set Last[46] := 11 27;
set Last[47] := 12 28;
set Last[48] := 13 29;
set Last[49] := 14 30;
set Last[50] := 15 31;
set Last[51] := 16 32;
set Last[52] := 3 19;
set Last[53] := 8 24;
set Last[54] := 13 29;
set Last[55] := 15 31;
set Last[56] := 1 17;
set Last[57] := 2 18;
set Last[58] := 3 19;
set Last[59] := 4 20;
set Last[60] := 5 21;
set Last[61] := 7 23;
set Last[62] := 8 24;
set Last[63] := 9 25;
set Last[64] := 10 26;
set Last[65] := 11 27;
set Last[66] := 12 28;
set Last[67] := 13 29;
set Last[68] := 14 30;
set Last[69] := 15 31;
set Last[70] := 16 32;
set Last[71] := 1 17;
set Last[72] := 2 18;
set Last[73] := 3 19;
set Last[74] := 4 20;
set Last[75] := 5 21;
set Last[76] := 8 24;
set Last[77] := 9 25;
set Last[78] := 11 27;
set Last[79] := 12 28;
set Last[80] := 13 29;
set Last[81] := 14 30;
set Last[82] := 15 31;
set Last[83] := 16 32;
set Last[84] := 1 17;
set Last[85] := 2 18;
set Last[86] := 3 19;
set Last[87] := 5 21;
set Last[88] := 7 23;
set Last[89] := 9 25;
set Last[90] := 11 27;
set Last[91] := 12 28;
set Last[92] := 13 29;
set Last[93] := 14 30;
set Last[94] := 15 31;
set Last[95] := 16 32;
set Last[96] := 1 17;
set Last[97] := 2 18;
set Last[98] := 3 19;
set Last[99] := 4 20;
set Last[100] := 5 21;
set Last[101] := 6 22;
set Last[102] := 7 23;
set Last[103] := 8 24;
set Last[104] := 11 27;
set Last[105] := 12 28;
set Last[106] := 13 29;
set Last[107] := 14 30;
set Last[108] := 15 31;
set Last[109] := 16 32;
set Last[110] := 2 18;
set Last[111] := 3 19;
set Last[112] := 5 21;
set Last[113] := 8 24;
set Last[114] := 11 27;
set Last[115] := 12 28;
set Last[116] := 13 29;
set Last[117] := 14 30;
set Last[118] := 15 31;
set Last[119] := 16 32;
set Last[120] := 1 17;
set Last[121] := 2 18;
set Last[122] := 3 19;
set Last[123] := 4 20;
set Last[124] := 5 21;
set Last[125] := 6 22;
set Last[126] := 7 23;
set Last[127] := 8 24;
set Last[128] := 9 25;
set Last[129] := 10 26;
set Last[130] := 12 28;
set Last[131] := 13 29;
set Last[132] := 14 30;
set Last[133] := 15 31;
set Last[134] := 16 32;
set Last[135] := 3 19;
set Last[136] := 5 21;
set Last[137] := 8 24;
set Last[138] := 13 29;
set Last[139] := 15 31;
set Last[140] := 1 17;
set Last[141] := 2 18;
set Last[142] := 3 19;
set Last[143] := 4 20;
set Last[144] := 5 21;
set Last[145] := 6 22;
set Last[146] := 7 23;
set Last[147] := 8 24;
set Last[148] := 9 25;
set Last[149] := 10 26;
set Last[150] := 11 27;
set Last[151] := 12 28;
set Last[152] := 14 30;
set Last[153] := 15 31;
set Last[154] := 16 32;
set Last[155] := 1 17;
set Last[156] := 2 18;
set Last[157] := 3 19;
set Last[158] := 4 20;
set Last[159] := 5 21;
set Last[160] := 6 22;
set Last[161] := 7 23;
set Last[162] := 8 24;
set Last[163] := 9 25;
set Last[164] := 10 26;
set Last[165] := 11 27;
set Last[166] := 12 28;
set Last[167] := 13 29;
set Last[168] := 15 31;
set Last[169] := 16 32;
set Last[170] := 2 18;
set Last[171] := 3 19;
set Last[172] := 5 21;
set Last[173] := 8 24;
set Last[174] := 11 27;
set Last[175] := 12 28;
set Last[176] := 13 29;
set Last[177] := 14 30;
set Last[178] := 16 32;
set Last[179] := 1 17;
set Last[180] := 2 18;
set Last[181] := 3 19;
set Last[182] := 4 20;
set Last[183] := 5 21;
set Last[184] := 6 22;
set Last[185] := 7 23;
set Last[186] := 8 24;
set Last[187] := 9 25;
set Last[188] := 11 27;
set Last[189] := 12 28;
set Last[190] := 13 29;
set Last[191] := 14 30;
set Last[192] := 15 31;

param q := 5;

end;
