data;

set V := 1 2 3 4 5 6 7 8 9 10 11 12 13 14 15 16 17 18 19 21 22 23 24 25 26 27 28 29 30 31 32 33 34 35 36 37 38 39 40 41 43 44 45 46 47 48 49 50 51 52 54 55 57 58 59 61 62 64 65 66;

set A := 1 4
         1 6
         1 22
         1 34
         2 15
         2 35
         3 4
         3 31
         3 36
         4 1
         4 3
         4 37
         5 7
         5 38
         6 1
         6 5
         6 33
         6 39
         7 2
         7 5
         7 8
         7 40
         8 2
         8 7
         8 10
         8 33
         8 41
         9 7
         10 8
         10 11
         10 12
         10 43
         11 10
         11 26
         11 44
         12 10
         12 26
         12 28
         12 45
         13 24
         13 25
         13 28
         13 29
         13 46
         14 29
         14 47
         15 48
         16 17
         16 49
         17 16
         17 18
         17 19
         17 23
         17 50
         18 17
         18 19
         18 51
         19 17
         19 18
         19 30
         19 31
         19 52
         21 22
         21 23
         21 54
         22 1
         22 21
         22 55
         23 17
         23 21
         24 13
         24 33
         24 57
         25 13
         25 32
         25 58
         26 11
         26 12
         26 59
         27 11
         28 12
         28 13
         28 61
         29 13
         29 14
         29 30
         29 62
         30 19
         30 29
         31 3
         31 19
         31 32
         31 64
         32 25
         32 31
         32 33
         32 65
         33 6
         33 8
         33 24
         33 32
         33 66
         ;

set S := 1 2 3 4 5 6 7 8 9 10 11 12 13 14 15 16 17 18 19 20 21 22 23 24 25 26 27 28 29 30 31 32 33 34 35 36 37 38 39 40 41 42 43 44 45 46 47 48 49 50 51 52 53 54 55 56 57 58 59 60 61 62 63 64 65 66 67 68 69 70 71 72 73 74 75 76 77 78 79 80 81 82 83 84 85 86 87 88 89 90 91 92 93 94 95 96 97 98 99 100 101 102 103 104 105 106 107 108 109 110 111 112 113 114 115 116 117 118 119 120 121 122 123 124 125 126 127 128 129 130 131 132 133 134 135 136 137 138 139 140 141 142 143 144 145 146 147 148 149 150 151 152 153 154 155 156 157 158 159 160 161 162 163 164 165 166 167 168 169 170 171 172 173 174 175 176 177 178 179 180 181 182 183 184 185 186 187 188 189 190 191 192 193 194 195 196 197 198 199 200 201 202 203 204 205 206 207 208 209 210 211 212 213 214 215 216 217 218 219 220 221 222 223 224 225 226 227 228 229 230 231 232 233 234 235 236 237 238 239 240 241 242 243 244 245 246 247 248 249 250 251 252 253 254 255 256 257 258 259 260 261 262 263 264 265 266 267 268 269 270 271 272 273 274 275 276 277 278 279 280 281 282 283 284 285 286 287 288 289 290 291 292 293 294 295 296 297 298 299 300 301 302 303 304 305 306 307 308 309 310 311 312 313 314 315 316 317 318 319 320 321 322 323 324 325 326 327 328 329 330 331 332 333 334 335 336 337 338 339 340 341 342 343 344 345 346 347 348 349 350 351 352 353 354 355 356 357 358 359 360 361 362 363 364 365 366 367 368 369 370 371 372 373 374 375 376 377 378 379 380 381 382 383 384 385 386 387 388 389 390 391 392 393 394 395 396 397 398 399 400 401 402 403 404 405 406 407 408 409 410 411 412 413 414 415 416 417 418 419 420 421 422 423;

set F[1] := 1 6
            6 5
            5 7
            7 2
            2 35
            ;
set F[2] := 1 4
            4 3
            3 36
            ;
set F[3] := 1 6
            6 5
            5 38
            ;
set F[4] := 1 6
            6 39
            ;
set F[5] := 1 6
            6 5
            5 7
            7 40
            ;
set F[6] := 1 6
            6 33
            33 8
            8 10
            10 11
            11 44
            ;
set F[7] := 1 6
            6 33
            33 24
            24 13
            13 46
            ;
set F[8] := 1 22
            22 21
            21 23
            23 17
            17 50
            ;
set F[9] := 1 4
            4 3
            3 31
            31 19
            19 18
            18 51
            ;
set F[10] := 1 6
             6 33
             33 8
             8 10
             10 11
             11 26
             26 59
             ;
set F[11] := 1 6
             6 33
             33 24
             24 13
             13 28
             28 61
             ;
set F[12] := 1 6
             6 33
             33 24
             24 13
             13 29
             29 62
             ;
set F[13] := 1 6
             6 33
             33 32
             32 65
             ;
set F[14] := 1 6
             6 33
             33 66
             ;
set F[15] := 3 4
             4 1
             1 34
             ;
set F[16] := 3 31
             31 32
             32 33
             33 8
             8 2
             2 35
             ;
set F[17] := 3 4
             4 1
             1 6
             6 5
             5 38
             ;
set F[18] := 3 4
             4 1
             1 6
             6 39
             ;
set F[19] := 3 4
             4 1
             1 6
             6 5
             5 7
             7 40
             ;
set F[20] := 3 31
             31 32
             32 33
             33 8
             8 10
             10 11
             11 44
             ;
set F[21] := 3 31
             31 32
             32 25
             25 13
             13 46
             ;
set F[22] := 3 31
             31 19
             19 17
             17 50
             ;
set F[23] := 3 31
             31 19
             19 18
             18 51
             ;
set F[24] := 3 31
             31 32
             32 25
             25 13
             13 28
             28 12
             12 26
             26 59
             ;
set F[25] := 3 31
             31 32
             32 25
             25 13
             13 28
             28 61
             ;
set F[26] := 3 31
             31 19
             19 30
             30 29
             29 62
             ;
set F[27] := 3 31
             31 32
             32 65
             ;
set F[28] := 3 31
             31 32
             32 33
             33 66
             ;
set F[29] := 4 1
             1 34
             ;
set F[30] := 4 1
             1 6
             6 39
             ;
set F[31] := 4 1
             1 6
             6 5
             5 7
             7 40
             ;
set F[32] := 4 1
             1 6
             6 33
             33 24
             24 13
             13 46
             ;
set F[33] := 4 3
             3 31
             31 19
             19 17
             17 50
             ;
set F[34] := 4 3
             3 31
             31 19
             19 18
             18 51
             ;
set F[35] := 4 1
             1 6
             6 33
             33 8
             8 10
             10 11
             11 26
             26 59
             ;
set F[36] := 4 3
             3 31
             31 19
             19 30
             30 29
             29 62
             ;
set F[37] := 4 3
             3 31
             31 32
             32 65
             ;
set F[38] := 4 1
             1 6
             6 33
             33 66
             ;
set F[39] := 8 33
             33 6
             6 1
             1 34
             ;
set F[40] := 8 2
             2 35
             ;
set F[41] := 8 33
             33 32
             32 31
             31 3
             3 36
             ;
set F[42] := 8 33
             33 6
             6 1
             1 4
             4 37
             ;
set F[43] := 8 7
             7 5
             5 38
             ;
set F[44] := 8 33
             33 6
             6 39
             ;
set F[45] := 8 7
             7 40
             ;
set F[46] := 8 10
             10 43
             ;
set F[47] := 8 10
             10 11
             11 44
             ;
set F[48] := 8 10
             10 12
             12 45
             ;
set F[49] := 8 33
             33 24
             24 13
             13 46
             ;
set F[50] := 8 2
             2 15
             15 48
             ;
set F[51] := 8 33
             33 32
             32 31
             31 19
             19 17
             17 50
             ;
set F[52] := 8 33
             33 32
             32 31
             31 19
             19 18
             18 51
             ;
set F[53] := 8 33
             33 32
             32 31
             31 19
             19 52
             ;
set F[54] := 8 33
             33 6
             6 1
             1 22
             22 21
             21 54
             ;
set F[55] := 8 33
             33 6
             6 1
             1 22
             22 55
             ;
set F[56] := 8 33
             33 32
             32 25
             25 58
             ;
set F[57] := 8 10
             10 11
             11 26
             26 59
             ;
set F[58] := 8 10
             10 12
             12 28
             28 61
             ;
set F[59] := 8 33
             33 24
             24 13
             13 29
             29 62
             ;
set F[60] := 8 33
             33 32
             32 31
             31 64
             ;
set F[61] := 8 33
             33 32
             32 65
             ;
set F[62] := 8 33
             33 66
             ;
set F[63] := 9 7
             7 8
             8 33
             33 32
             32 31
             31 19
             19 17
             17 50
             ;
set F[64] := 10 8
             8 33
             33 6
             6 1
             1 34
             ;
set F[65] := 10 8
             8 2
             2 35
             ;
set F[66] := 10 8
             8 33
             33 32
             32 31
             31 3
             3 36
             ;
set F[67] := 10 8
             8 33
             33 6
             6 1
             1 4
             4 37
             ;
set F[68] := 10 8
             8 7
             7 5
             5 38
             ;
set F[69] := 10 8
             8 33
             33 6
             6 39
             ;
set F[70] := 10 8
             8 7
             7 40
             ;
set F[71] := 10 8
             8 41
             ;
set F[72] := 10 11
             11 44
             ;
set F[73] := 10 12
             12 45
             ;
set F[74] := 10 12
             12 28
             28 13
             13 46
             ;
set F[75] := 10 12
             12 28
             28 13
             13 29
             29 14
             14 47
             ;
set F[76] := 10 8
             8 2
             2 15
             15 48
             ;
set F[77] := 10 8
             8 33
             33 32
             32 31
             31 19
             19 17
             17 16
             16 49
             ;
set F[78] := 10 8
             8 33
             33 32
             32 31
             31 19
             19 17
             17 50
             ;
set F[79] := 10 8
             8 33
             33 32
             32 31
             31 19
             19 18
             18 51
             ;
set F[80] := 10 8
             8 33
             33 32
             32 31
             31 19
             19 52
             ;
set F[81] := 10 8
             8 33
             33 6
             6 1
             1 22
             22 21
             21 54
             ;
set F[82] := 10 8
             8 33
             33 6
             6 1
             1 22
             22 55
             ;
set F[83] := 10 8
             8 33
             33 24
             24 57
             ;
set F[84] := 10 8
             8 33
             33 32
             32 25
             25 58
             ;
set F[85] := 10 11
             11 26
             26 59
             ;
set F[86] := 10 12
             12 28
             28 61
             ;
set F[87] := 10 12
             12 28
             28 13
             13 29
             29 62
             ;
set F[88] := 10 8
             8 33
             33 32
             32 31
             31 64
             ;
set F[89] := 10 8
             8 33
             33 32
             32 65
             ;
set F[90] := 10 8
             8 33
             33 66
             ;
set F[91] := 11 10
             10 8
             8 33
             33 6
             6 1
             1 34
             ;
set F[92] := 11 10
             10 8
             8 2
             2 35
             ;
set F[93] := 11 10
             10 8
             8 33
             33 32
             32 31
             31 3
             3 36
             ;
set F[94] := 11 10
             10 8
             8 33
             33 6
             6 1
             1 4
             4 37
             ;
set F[95] := 11 10
             10 8
             8 7
             7 5
             5 38
             ;
set F[96] := 11 10
             10 8
             8 33
             33 6
             6 39
             ;
set F[97] := 11 10
             10 8
             8 7
             7 40
             ;
set F[98] := 11 10
             10 8
             8 41
             ;
set F[99] := 11 10
             10 43
             ;
set F[100] := 11 10
              10 12
              12 45
              ;
set F[101] := 11 10
              10 12
              12 28
              28 13
              13 46
              ;
set F[102] := 11 10
              10 12
              12 28
              28 13
              13 29
              29 14
              14 47
              ;
set F[103] := 11 10
              10 8
              8 2
              2 15
              15 48
              ;
set F[104] := 11 10
              10 8
              8 33
              33 32
              32 31
              31 19
              19 17
              17 16
              16 49
              ;
set F[105] := 11 10
              10 8
              8 33
              33 32
              32 31
              31 19
              19 17
              17 50
              ;
set F[106] := 11 10
              10 8
              8 33
              33 32
              32 31
              31 19
              19 18
              18 51
              ;
set F[107] := 11 10
              10 8
              8 33
              33 32
              32 31
              31 19
              19 52
              ;
set F[108] := 11 10
              10 8
              8 33
              33 6
              6 1
              1 22
              22 21
              21 54
              ;
set F[109] := 11 10
              10 8
              8 33
              33 6
              6 1
              1 22
              22 55
              ;
set F[110] := 11 10
              10 8
              8 33
              33 32
              32 25
              25 58
              ;
set F[111] := 11 26
              26 59
              ;
set F[112] := 11 10
              10 12
              12 28
              28 61
              ;
set F[113] := 11 10
              10 12
              12 28
              28 13
              13 29
              29 62
              ;
set F[114] := 11 10
              10 8
              8 33
              33 32
              32 31
              31 64
              ;
set F[115] := 11 10
              10 8
              8 33
              33 32
              32 65
              ;
set F[116] := 11 10
              10 8
              8 33
              33 66
              ;
set F[117] := 13 24
              24 33
              33 6
              6 1
              1 34
              ;
set F[118] := 13 24
              24 33
              33 8
              8 2
              2 35
              ;
set F[119] := 13 25
              25 32
              32 31
              31 3
              3 36
              ;
set F[120] := 13 25
              25 32
              32 31
              31 3
              3 4
              4 37
              ;
set F[121] := 13 24
              24 33
              33 6
              6 5
              5 38
              ;
set F[122] := 13 24
              24 33
              33 6
              6 39
              ;
set F[123] := 13 24
              24 33
              33 8
              8 7
              7 40
              ;
set F[124] := 13 24
              24 33
              33 8
              8 41
              ;
set F[125] := 13 28
              28 12
              12 10
              10 43
              ;
set F[126] := 13 28
              28 12
              12 10
              10 11
              11 44
              ;
set F[127] := 13 28
              28 12
              12 45
              ;
set F[128] := 13 29
              29 14
              14 47
              ;
set F[129] := 13 24
              24 33
              33 8
              8 2
              2 15
              15 48
              ;
set F[130] := 13 29
              29 30
              30 19
              19 17
              17 16
              16 49
              ;
set F[131] := 13 29
              29 30
              30 19
              19 17
              17 50
              ;
set F[132] := 13 29
              29 30
              30 19
              19 18
              18 51
              ;
set F[133] := 13 29
              29 30
              30 19
              19 52
              ;
set F[134] := 13 29
              29 30
              30 19
              19 17
              17 23
              23 21
              21 54
              ;
set F[135] := 13 24
              24 33
              33 6
              6 1
              1 22
              22 55
              ;
set F[136] := 13 24
              24 57
              ;
set F[137] := 13 25
              25 58
              ;
set F[138] := 13 28
              28 12
              12 26
              26 59
              ;
set F[139] := 13 28
              28 61
              ;
set F[140] := 13 29
              29 62
              ;
set F[141] := 13 25
              25 32
              32 31
              31 64
              ;
set F[142] := 13 25
              25 32
              32 65
              ;
set F[143] := 13 24
              24 33
              33 66
              ;
set F[144] := 14 29
              29 13
              13 24
              24 33
              33 6
              6 1
              1 34
              ;
set F[145] := 14 29
              29 13
              13 24
              24 33
              33 8
              8 2
              2 35
              ;
set F[146] := 14 29
              29 30
              30 19
              19 31
              31 3
              3 36
              ;
set F[147] := 14 29
              29 13
              13 24
              24 33
              33 6
              6 5
              5 38
              ;
set F[148] := 14 29
              29 13
              13 24
              24 33
              33 6
              6 39
              ;
set F[149] := 14 29
              29 13
              13 24
              24 33
              33 8
              8 7
              7 40
              ;
set F[150] := 14 29
              29 13
              13 28
              28 12
              12 10
              10 11
              11 44
              ;
set F[151] := 14 29
              29 13
              13 46
              ;
set F[152] := 14 29
              29 30
              30 19
              19 17
              17 50
              ;
set F[153] := 14 29
              29 30
              30 19
              19 18
              18 51
              ;
set F[154] := 14 29
              29 13
              13 28
              28 12
              12 26
              26 59
              ;
set F[155] := 14 29
              29 13
              13 28
              28 61
              ;
set F[156] := 14 29
              29 62
              ;
set F[157] := 14 29
              29 13
              13 25
              25 32
              32 65
              ;
set F[158] := 14 29
              29 13
              13 24
              24 33
              33 66
              ;
set F[159] := 16 17
              17 23
              23 21
              21 22
              22 1
              1 34
              ;
set F[160] := 16 17
              17 19
              19 31
              31 3
              3 36
              ;
set F[161] := 16 17
              17 19
              19 31
              31 32
              32 33
              33 6
              6 5
              5 38
              ;
set F[162] := 16 17
              17 19
              19 31
              31 32
              32 33
              33 6
              6 39
              ;
set F[163] := 16 17
              17 19
              19 31
              31 32
              32 33
              33 8
              8 7
              7 40
              ;
set F[164] := 16 17
              17 19
              19 30
              30 29
              29 13
              13 46
              ;
set F[165] := 16 17
              17 50
              ;
set F[166] := 16 17
              17 18
              18 51
              ;
set F[167] := 16 17
              17 19
              19 30
              30 29
              29 13
              13 28
              28 12
              12 26
              26 59
              ;
set F[168] := 16 17
              17 19
              19 30
              30 29
              29 13
              13 28
              28 61
              ;
set F[169] := 16 17
              17 19
              19 30
              30 29
              29 62
              ;
set F[170] := 16 17
              17 19
              19 31
              31 32
              32 65
              ;
set F[171] := 16 17
              17 19
              19 31
              31 32
              32 33
              33 66
              ;
set F[172] := 17 23
              23 21
              21 22
              22 1
              1 34
              ;
set F[173] := 17 19
              19 31
              31 32
              32 33
              33 8
              8 2
              2 35
              ;
set F[174] := 17 19
              19 31
              31 3
              3 36
              ;
set F[175] := 17 19
              19 31
              31 3
              3 4
              4 37
              ;
set F[176] := 17 19
              19 31
              31 32
              32 33
              33 6
              6 5
              5 38
              ;
set F[177] := 17 19
              19 31
              31 32
              32 33
              33 6
              6 39
              ;
set F[178] := 17 19
              19 31
              31 32
              32 33
              33 8
              8 7
              7 40
              ;
set F[179] := 17 19
              19 31
              31 32
              32 33
              33 8
              8 41
              ;
set F[180] := 17 19
              19 31
              31 32
              32 33
              33 8
              8 10
              10 43
              ;
set F[181] := 17 19
              19 31
              31 32
              32 33
              33 8
              8 10
              10 11
              11 44
              ;
set F[182] := 17 19
              19 30
              30 29
              29 13
              13 28
              28 12
              12 45
              ;
set F[183] := 17 19
              19 30
              30 29
              29 13
              13 46
              ;
set F[184] := 17 19
              19 31
              31 32
              32 33
              33 8
              8 2
              2 15
              15 48
              ;
set F[185] := 17 18
              18 51
              ;
set F[186] := 17 19
              19 52
              ;
set F[187] := 17 23
              23 21
              21 54
              ;
set F[188] := 17 19
              19 31
              31 32
              32 25
              25 58
              ;
set F[189] := 17 19
              19 30
              30 29
              29 13
              13 28
              28 12
              12 26
              26 59
              ;
set F[190] := 17 19
              19 30
              30 29
              29 13
              13 28
              28 61
              ;
set F[191] := 17 19
              19 30
              30 29
              29 62
              ;
set F[192] := 17 19
              19 31
              31 64
              ;
set F[193] := 17 19
              19 31
              31 32
              32 65
              ;
set F[194] := 17 19
              19 31
              31 32
              32 33
              33 66
              ;
set F[195] := 18 17
              17 23
              23 21
              21 22
              22 1
              1 34
              ;
set F[196] := 18 19
              19 31
              31 32
              32 33
              33 8
              8 2
              2 35
              ;
set F[197] := 18 19
              19 31
              31 3
              3 36
              ;
set F[198] := 18 19
              19 31
              31 3
              3 4
              4 37
              ;
set F[199] := 18 19
              19 31
              31 32
              32 33
              33 6
              6 5
              5 38
              ;
set F[200] := 18 19
              19 31
              31 32
              32 33
              33 6
              6 39
              ;
set F[201] := 18 19
              19 31
              31 32
              32 33
              33 8
              8 7
              7 40
              ;
set F[202] := 18 19
              19 31
              31 32
              32 33
              33 8
              8 41
              ;
set F[203] := 18 19
              19 31
              31 32
              32 33
              33 8
              8 10
              10 43
              ;
set F[204] := 18 19
              19 31
              31 32
              32 33
              33 8
              8 10
              10 11
              11 44
              ;
set F[205] := 18 19
              19 30
              30 29
              29 13
              13 28
              28 12
              12 45
              ;
set F[206] := 18 19
              19 30
              30 29
              29 13
              13 46
              ;
set F[207] := 18 19
              19 31
              31 32
              32 33
              33 8
              8 2
              2 15
              15 48
              ;
set F[208] := 18 17
              17 50
              ;
set F[209] := 18 19
              19 52
              ;
set F[210] := 18 17
              17 23
              23 21
              21 54
              ;
set F[211] := 18 19
              19 31
              31 32
              32 25
              25 58
              ;
set F[212] := 18 19
              19 30
              30 29
              29 13
              13 28
              28 12
              12 26
              26 59
              ;
set F[213] := 18 19
              19 30
              30 29
              29 13
              13 28
              28 61
              ;
set F[214] := 18 19
              19 30
              30 29
              29 62
              ;
set F[215] := 18 19
              19 31
              31 64
              ;
set F[216] := 18 19
              19 31
              31 32
              32 65
              ;
set F[217] := 18 19
              19 31
              31 32
              32 33
              33 66
              ;
set F[218] := 19 31
              31 3
              3 4
              4 1
              1 34
              ;
set F[219] := 19 31
              31 32
              32 33
              33 8
              8 2
              2 35
              ;
set F[220] := 19 31
              31 3
              3 36
              ;
set F[221] := 19 31
              31 3
              3 4
              4 37
              ;
set F[222] := 19 31
              31 32
              32 33
              33 6
              6 5
              5 38
              ;
set F[223] := 19 31
              31 32
              32 33
              33 6
              6 39
              ;
set F[224] := 19 31
              31 32
              32 33
              33 8
              8 7
              7 40
              ;
set F[225] := 19 31
              31 32
              32 33
              33 8
              8 41
              ;
set F[226] := 19 31
              31 32
              32 33
              33 8
              8 10
              10 43
              ;
set F[227] := 19 31
              31 32
              32 33
              33 8
              8 10
              10 11
              11 44
              ;
set F[228] := 19 30
              30 29
              29 13
              13 28
              28 12
              12 45
              ;
set F[229] := 19 30
              30 29
              29 13
              13 46
              ;
set F[230] := 19 31
              31 32
              32 33
              33 8
              8 2
              2 15
              15 48
              ;
set F[231] := 19 17
              17 50
              ;
set F[232] := 19 18
              18 51
              ;
set F[233] := 19 17
              17 23
              23 21
              21 54
              ;
set F[234] := 19 31
              31 32
              32 25
              25 58
              ;
set F[235] := 19 30
              30 29
              29 13
              13 28
              28 12
              12 26
              26 59
              ;
set F[236] := 19 30
              30 29
              29 13
              13 28
              28 61
              ;
set F[237] := 19 30
              30 29
              29 62
              ;
set F[238] := 19 31
              31 64
              ;
set F[239] := 19 31
              31 32
              32 65
              ;
set F[240] := 19 31
              31 32
              32 33
              33 66
              ;
set F[241] := 22 1
              1 34
              ;
set F[242] := 22 1
              1 6
              6 5
              5 7
              7 2
              2 35
              ;
set F[243] := 22 1
              1 4
              4 3
              3 36
              ;
set F[244] := 22 1
              1 4
              4 37
              ;
set F[245] := 22 1
              1 6
              6 5
              5 38
              ;
set F[246] := 22 1
              1 6
              6 39
              ;
set F[247] := 22 1
              1 6
              6 5
              5 7
              7 40
              ;
set F[248] := 22 1
              1 6
              6 33
              33 8
              8 41
              ;
set F[249] := 22 1
              1 6
              6 33
              33 8
              8 10
              10 43
              ;
set F[250] := 22 1
              1 6
              6 33
              33 8
              8 10
              10 11
              11 44
              ;
set F[251] := 22 1
              1 6
              6 33
              33 8
              8 10
              10 12
              12 45
              ;
set F[252] := 22 1
              1 6
              6 33
              33 24
              24 13
              13 46
              ;
set F[253] := 22 1
              1 6
              6 5
              5 7
              7 2
              2 15
              15 48
              ;
set F[254] := 22 21
              21 23
              23 17
              17 50
              ;
set F[255] := 22 21
              21 23
              23 17
              17 18
              18 51
              ;
set F[256] := 22 21
              21 23
              23 17
              17 19
              19 52
              ;
set F[257] := 22 21
              21 54
              ;
set F[258] := 22 1
              1 6
              6 33
              33 32
              32 25
              25 58
              ;
set F[259] := 22 1
              1 6
              6 33
              33 8
              8 10
              10 11
              11 26
              26 59
              ;
set F[260] := 22 1
              1 6
              6 33
              33 24
              24 13
              13 28
              28 61
              ;
set F[261] := 22 1
              1 6
              6 33
              33 24
              24 13
              13 29
              29 62
              ;
set F[262] := 22 1
              1 4
              4 3
              3 31
              31 64
              ;
set F[263] := 22 1
              1 6
              6 33
              33 32
              32 65
              ;
set F[264] := 22 1
              1 6
              6 33
              33 66
              ;
set F[265] := 23 21
              21 22
              22 1
              1 34
              ;
set F[266] := 23 17
              17 19
              19 31
              31 32
              32 33
              33 8
              8 2
              2 35
              ;
set F[267] := 23 17
              17 19
              19 31
              31 3
              3 36
              ;
set F[268] := 23 21
              21 22
              22 1
              1 4
              4 37
              ;
set F[269] := 23 21
              21 22
              22 1
              1 6
              6 5
              5 38
              ;
set F[270] := 23 21
              21 22
              22 1
              1 6
              6 39
              ;
set F[271] := 23 21
              21 22
              22 1
              1 6
              6 5
              5 7
              7 40
              ;
set F[272] := 23 17
              17 19
              19 31
              31 32
              32 33
              33 8
              8 41
              ;
set F[273] := 23 17
              17 19
              19 31
              31 32
              32 33
              33 8
              8 10
              10 43
              ;
set F[274] := 23 17
              17 19
              19 31
              31 32
              32 33
              33 8
              8 10
              10 11
              11 44
              ;
set F[275] := 23 17
              17 19
              19 30
              30 29
              29 13
              13 28
              28 12
              12 45
              ;
set F[276] := 23 17
              17 19
              19 30
              30 29
              29 13
              13 46
              ;
set F[277] := 23 17
              17 19
              19 31
              31 32
              32 33
              33 8
              8 2
              2 15
              15 48
              ;
set F[278] := 23 17
              17 50
              ;
set F[279] := 23 17
              17 18
              18 51
              ;
set F[280] := 23 17
              17 19
              19 52
              ;
set F[281] := 23 21
              21 54
              ;
set F[282] := 23 17
              17 19
              19 31
              31 32
              32 25
              25 58
              ;
set F[283] := 23 17
              17 19
              19 30
              30 29
              29 13
              13 28
              28 12
              12 26
              26 59
              ;
set F[284] := 23 17
              17 19
              19 30
              30 29
              29 13
              13 28
              28 61
              ;
set F[285] := 23 17
              17 19
              19 30
              30 29
              29 62
              ;
set F[286] := 23 17
              17 19
              19 31
              31 64
              ;
set F[287] := 23 17
              17 19
              19 31
              31 32
              32 65
              ;
set F[288] := 23 17
              17 19
              19 31
              31 32
              32 33
              33 66
              ;
set F[289] := 24 33
              33 6
              6 1
              1 34
              ;
set F[290] := 24 33
              33 8
              8 2
              2 35
              ;
set F[291] := 24 33
              33 32
              32 31
              31 3
              3 36
              ;
set F[292] := 24 33
              33 6
              6 5
              5 38
              ;
set F[293] := 24 33
              33 6
              6 39
              ;
set F[294] := 24 33
              33 8
              8 7
              7 40
              ;
set F[295] := 24 33
              33 8
              8 41
              ;
set F[296] := 24 33
              33 8
              8 10
              10 43
              ;
set F[297] := 24 33
              33 8
              8 10
              10 11
              11 44
              ;
set F[298] := 24 13
              13 46
              ;
set F[299] := 24 13
              13 29
              29 30
              30 19
              19 17
              17 50
              ;
set F[300] := 24 13
              13 29
              29 30
              30 19
              19 18
              18 51
              ;
set F[301] := 24 33
              33 6
              6 1
              1 22
              22 21
              21 54
              ;
set F[302] := 24 13
              13 25
              25 58
              ;
set F[303] := 24 13
              13 28
              28 12
              12 26
              26 59
              ;
set F[304] := 24 13
              13 28
              28 61
              ;
set F[305] := 24 13
              13 29
              29 62
              ;
set F[306] := 24 33
              33 32
              32 31
              31 64
              ;
set F[307] := 24 33
              33 32
              32 65
              ;
set F[308] := 24 33
              33 66
              ;
set F[309] := 25 32
              32 33
              33 6
              6 39
              ;
set F[310] := 25 32
              32 33
              33 8
              8 7
              7 40
              ;
set F[311] := 25 32
              32 31
              31 19
              19 17
              17 50
              ;
set F[312] := 25 32
              32 65
              ;
set F[313] := 26 11
              11 10
              10 8
              8 33
              33 6
              6 39
              ;
set F[314] := 26 11
              11 10
              10 8
              8 7
              7 40
              ;
set F[315] := 26 12
              12 28
              28 13
              13 29
              29 30
              30 19
              19 17
              17 50
              ;
set F[316] := 26 11
              11 10
              10 8
              8 33
              33 32
              32 65
              ;
set F[317] := 27 11
              11 10
              10 8
              8 33
              33 6
              6 39
              ;
set F[318] := 27 11
              11 10
              10 8
              8 33
              33 32
              32 31
              31 19
              19 17
              17 50
              ;
set F[319] := 27 11
              11 10
              10 8
              8 33
              33 32
              32 65
              ;
set F[320] := 28 13
              13 24
              24 33
              33 6
              6 1
              1 34
              ;
set F[321] := 28 13
              13 25
              25 32
              32 31
              31 3
              3 36
              ;
set F[322] := 28 12
              12 10
              10 8
              8 7
              7 5
              5 38
              ;
set F[323] := 28 13
              13 24
              24 33
              33 6
              6 39
              ;
set F[324] := 28 12
              12 10
              10 8
              8 7
              7 40
              ;
set F[325] := 28 13
              13 46
              ;
set F[326] := 28 13
              13 29
              29 30
              30 19
              19 17
              17 50
              ;
set F[327] := 28 13
              13 29
              29 30
              30 19
              19 18
              18 51
              ;
set F[328] := 28 12
              12 26
              26 59
              ;
set F[329] := 28 13
              13 29
              29 62
              ;
set F[330] := 28 13
              13 25
              25 32
              32 65
              ;
set F[331] := 28 13
              13 24
              24 33
              33 66
              ;
set F[332] := 29 13
              13 24
              24 33
              33 6
              6 1
              1 34
              ;
set F[333] := 29 13
              13 24
              24 33
              33 8
              8 2
              2 35
              ;
set F[334] := 29 30
              30 19
              19 31
              31 3
              3 36
              ;
set F[335] := 29 30
              30 19
              19 31
              31 3
              3 4
              4 37
              ;
set F[336] := 29 13
              13 24
              24 33
              33 6
              6 5
              5 38
              ;
set F[337] := 29 13
              13 24
              24 33
              33 6
              6 39
              ;
set F[338] := 29 13
              13 24
              24 33
              33 8
              8 7
              7 40
              ;
set F[339] := 29 13
              13 24
              24 33
              33 8
              8 41
              ;
set F[340] := 29 13
              13 28
              28 12
              12 10
              10 43
              ;
set F[341] := 29 13
              13 28
              28 12
              12 10
              10 11
              11 44
              ;
set F[342] := 29 13
              13 28
              28 12
              12 45
              ;
set F[343] := 29 13
              13 46
              ;
set F[344] := 29 14
              14 47
              ;
set F[345] := 29 13
              13 24
              24 33
              33 8
              8 2
              2 15
              15 48
              ;
set F[346] := 29 30
              30 19
              19 17
              17 16
              16 49
              ;
set F[347] := 29 30
              30 19
              19 17
              17 50
              ;
set F[348] := 29 30
              30 19
              19 18
              18 51
              ;
set F[349] := 29 30
              30 19
              19 52
              ;
set F[350] := 29 30
              30 19
              19 17
              17 23
              23 21
              21 54
              ;
set F[351] := 29 13
              13 24
              24 33
              33 6
              6 1
              1 22
              22 55
              ;
set F[352] := 29 13
              13 24
              24 57
              ;
set F[353] := 29 13
              13 25
              25 58
              ;
set F[354] := 29 13
              13 28
              28 12
              12 26
              26 59
              ;
set F[355] := 29 13
              13 28
              28 61
              ;
set F[356] := 29 30
              30 19
              19 31
              31 64
              ;
set F[357] := 29 13
              13 25
              25 32
              32 65
              ;
set F[358] := 29 13
              13 24
              24 33
              33 66
              ;
set F[359] := 31 3
              3 4
              4 1
              1 34
              ;
set F[360] := 31 32
              32 33
              33 8
              8 2
              2 35
              ;
set F[361] := 31 3
              3 36
              ;
set F[362] := 31 3
              3 4
              4 37
              ;
set F[363] := 31 32
              32 33
              33 6
              6 5
              5 38
              ;
set F[364] := 31 32
              32 33
              33 6
              6 39
              ;
set F[365] := 31 32
              32 33
              33 8
              8 7
              7 40
              ;
set F[366] := 31 32
              32 33
              33 8
              8 41
              ;
set F[367] := 31 32
              32 33
              33 8
              8 10
              10 43
              ;
set F[368] := 31 32
              32 33
              33 8
              8 10
              10 11
              11 44
              ;
set F[369] := 31 32
              32 25
              25 13
              13 28
              28 12
              12 45
              ;
set F[370] := 31 32
              32 25
              25 13
              13 46
              ;
set F[371] := 31 19
              19 30
              30 29
              29 14
              14 47
              ;
set F[372] := 31 32
              32 33
              33 8
              8 2
              2 15
              15 48
              ;
set F[373] := 31 19
              19 17
              17 16
              16 49
              ;
set F[374] := 31 19
              19 17
              17 50
              ;
set F[375] := 31 19
              19 18
              18 51
              ;
set F[376] := 31 19
              19 52
              ;
set F[377] := 31 19
              19 17
              17 23
              23 21
              21 54
              ;
set F[378] := 31 3
              3 4
              4 1
              1 22
              22 55
              ;
set F[379] := 31 32
              32 33
              33 24
              24 57
              ;
set F[380] := 31 32
              32 25
              25 58
              ;
set F[381] := 31 32
              32 25
              25 13
              13 28
              28 12
              12 26
              26 59
              ;
set F[382] := 31 32
              32 25
              25 13
              13 28
              28 61
              ;
set F[383] := 31 19
              19 30
              30 29
              29 62
              ;
set F[384] := 31 32
              32 65
              ;
set F[385] := 31 32
              32 33
              33 66
              ;
set F[386] := 32 33
              33 6
              6 1
              1 34
              ;
set F[387] := 32 33
              33 8
              8 2
              2 35
              ;
set F[388] := 32 31
              31 3
              3 36
              ;
set F[389] := 32 33
              33 6
              6 5
              5 38
              ;
set F[390] := 32 33
              33 6
              6 39
              ;
set F[391] := 32 33
              33 8
              8 7
              7 40
              ;
set F[392] := 32 33
              33 8
              8 41
              ;
set F[393] := 32 33
              33 8
              8 10
              10 11
              11 44
              ;
set F[394] := 32 25
              25 13
              13 46
              ;
set F[395] := 32 31
              31 19
              19 17
              17 50
              ;
set F[396] := 32 31
              31 19
              19 18
              18 51
              ;
set F[397] := 32 25
              25 13
              13 28
              28 12
              12 26
              26 59
              ;
set F[398] := 32 25
              25 13
              13 28
              28 61
              ;
set F[399] := 32 25
              25 13
              13 29
              29 62
              ;
set F[400] := 32 33
              33 66
              ;
set F[401] := 33 6
              6 1
              1 34
              ;
set F[402] := 33 8
              8 2
              2 35
              ;
set F[403] := 33 32
              32 31
              31 3
              3 36
              ;
set F[404] := 33 6
              6 1
              1 4
              4 37
              ;
set F[405] := 33 6
              6 5
              5 38
              ;
set F[406] := 33 6
              6 39
              ;
set F[407] := 33 8
              8 7
              7 40
              ;
set F[408] := 33 8
              8 41
              ;
set F[409] := 33 8
              8 10
              10 43
              ;
set F[410] := 33 8
              8 10
              10 11
              11 44
              ;
set F[411] := 33 8
              8 10
              10 12
              12 45
              ;
set F[412] := 33 24
              24 13
              13 46
              ;
set F[413] := 33 8
              8 2
              2 15
              15 48
              ;
set F[414] := 33 32
              32 31
              31 19
              19 17
              17 50
              ;
set F[415] := 33 32
              32 31
              31 19
              19 18
              18 51
              ;
set F[416] := 33 32
              32 31
              31 19
              19 52
              ;
set F[417] := 33 6
              6 1
              1 22
              22 21
              21 54
              ;
set F[418] := 33 32
              32 25
              25 58
              ;
set F[419] := 33 8
              8 10
              10 11
              11 26
              26 59
              ;
set F[420] := 33 24
              24 13
              13 28
              28 61
              ;
set F[421] := 33 24
              24 13
              13 29
              29 62
              ;
set F[422] := 33 32
              32 31
              31 64
              ;
set F[423] := 33 32
              32 65
              ;
set Last[1] := 2 35;
set Last[2] := 3 36;
set Last[3] := 5 38;
set Last[4] := 6 39;
set Last[5] := 7 40;
set Last[6] := 11 44;
set Last[7] := 13 46;
set Last[8] := 17 50;
set Last[9] := 18 51;
set Last[10] := 26 59;
set Last[11] := 28 61;
set Last[12] := 29 62;
set Last[13] := 32 65;
set Last[14] := 33 66;
set Last[15] := 1 34;
set Last[16] := 2 35;
set Last[17] := 5 38;
set Last[18] := 6 39;
set Last[19] := 7 40;
set Last[20] := 11 44;
set Last[21] := 13 46;
set Last[22] := 17 50;
set Last[23] := 18 51;
set Last[24] := 26 59;
set Last[25] := 28 61;
set Last[26] := 29 62;
set Last[27] := 32 65;
set Last[28] := 33 66;
set Last[29] := 1 34;
set Last[30] := 6 39;
set Last[31] := 7 40;
set Last[32] := 13 46;
set Last[33] := 17 50;
set Last[34] := 18 51;
set Last[35] := 26 59;
set Last[36] := 29 62;
set Last[37] := 32 65;
set Last[38] := 33 66;
set Last[39] := 1 34;
set Last[40] := 2 35;
set Last[41] := 3 36;
set Last[42] := 4 37;
set Last[43] := 5 38;
set Last[44] := 6 39;
set Last[45] := 7 40;
set Last[46] := 10 43;
set Last[47] := 11 44;
set Last[48] := 12 45;
set Last[49] := 13 46;
set Last[50] := 15 48;
set Last[51] := 17 50;
set Last[52] := 18 51;
set Last[53] := 19 52;
set Last[54] := 21 54;
set Last[55] := 22 55;
set Last[56] := 25 58;
set Last[57] := 26 59;
set Last[58] := 28 61;
set Last[59] := 29 62;
set Last[60] := 31 64;
set Last[61] := 32 65;
set Last[62] := 33 66;
set Last[63] := 17 50;
set Last[64] := 1 34;
set Last[65] := 2 35;
set Last[66] := 3 36;
set Last[67] := 4 37;
set Last[68] := 5 38;
set Last[69] := 6 39;
set Last[70] := 7 40;
set Last[71] := 8 41;
set Last[72] := 11 44;
set Last[73] := 12 45;
set Last[74] := 13 46;
set Last[75] := 14 47;
set Last[76] := 15 48;
set Last[77] := 16 49;
set Last[78] := 17 50;
set Last[79] := 18 51;
set Last[80] := 19 52;
set Last[81] := 21 54;
set Last[82] := 22 55;
set Last[83] := 24 57;
set Last[84] := 25 58;
set Last[85] := 26 59;
set Last[86] := 28 61;
set Last[87] := 29 62;
set Last[88] := 31 64;
set Last[89] := 32 65;
set Last[90] := 33 66;
set Last[91] := 1 34;
set Last[92] := 2 35;
set Last[93] := 3 36;
set Last[94] := 4 37;
set Last[95] := 5 38;
set Last[96] := 6 39;
set Last[97] := 7 40;
set Last[98] := 8 41;
set Last[99] := 10 43;
set Last[100] := 12 45;
set Last[101] := 13 46;
set Last[102] := 14 47;
set Last[103] := 15 48;
set Last[104] := 16 49;
set Last[105] := 17 50;
set Last[106] := 18 51;
set Last[107] := 19 52;
set Last[108] := 21 54;
set Last[109] := 22 55;
set Last[110] := 25 58;
set Last[111] := 26 59;
set Last[112] := 28 61;
set Last[113] := 29 62;
set Last[114] := 31 64;
set Last[115] := 32 65;
set Last[116] := 33 66;
set Last[117] := 1 34;
set Last[118] := 2 35;
set Last[119] := 3 36;
set Last[120] := 4 37;
set Last[121] := 5 38;
set Last[122] := 6 39;
set Last[123] := 7 40;
set Last[124] := 8 41;
set Last[125] := 10 43;
set Last[126] := 11 44;
set Last[127] := 12 45;
set Last[128] := 14 47;
set Last[129] := 15 48;
set Last[130] := 16 49;
set Last[131] := 17 50;
set Last[132] := 18 51;
set Last[133] := 19 52;
set Last[134] := 21 54;
set Last[135] := 22 55;
set Last[136] := 24 57;
set Last[137] := 25 58;
set Last[138] := 26 59;
set Last[139] := 28 61;
set Last[140] := 29 62;
set Last[141] := 31 64;
set Last[142] := 32 65;
set Last[143] := 33 66;
set Last[144] := 1 34;
set Last[145] := 2 35;
set Last[146] := 3 36;
set Last[147] := 5 38;
set Last[148] := 6 39;
set Last[149] := 7 40;
set Last[150] := 11 44;
set Last[151] := 13 46;
set Last[152] := 17 50;
set Last[153] := 18 51;
set Last[154] := 26 59;
set Last[155] := 28 61;
set Last[156] := 29 62;
set Last[157] := 32 65;
set Last[158] := 33 66;
set Last[159] := 1 34;
set Last[160] := 3 36;
set Last[161] := 5 38;
set Last[162] := 6 39;
set Last[163] := 7 40;
set Last[164] := 13 46;
set Last[165] := 17 50;
set Last[166] := 18 51;
set Last[167] := 26 59;
set Last[168] := 28 61;
set Last[169] := 29 62;
set Last[170] := 32 65;
set Last[171] := 33 66;
set Last[172] := 1 34;
set Last[173] := 2 35;
set Last[174] := 3 36;
set Last[175] := 4 37;
set Last[176] := 5 38;
set Last[177] := 6 39;
set Last[178] := 7 40;
set Last[179] := 8 41;
set Last[180] := 10 43;
set Last[181] := 11 44;
set Last[182] := 12 45;
set Last[183] := 13 46;
set Last[184] := 15 48;
set Last[185] := 18 51;
set Last[186] := 19 52;
set Last[187] := 21 54;
set Last[188] := 25 58;
set Last[189] := 26 59;
set Last[190] := 28 61;
set Last[191] := 29 62;
set Last[192] := 31 64;
set Last[193] := 32 65;
set Last[194] := 33 66;
set Last[195] := 1 34;
set Last[196] := 2 35;
set Last[197] := 3 36;
set Last[198] := 4 37;
set Last[199] := 5 38;
set Last[200] := 6 39;
set Last[201] := 7 40;
set Last[202] := 8 41;
set Last[203] := 10 43;
set Last[204] := 11 44;
set Last[205] := 12 45;
set Last[206] := 13 46;
set Last[207] := 15 48;
set Last[208] := 17 50;
set Last[209] := 19 52;
set Last[210] := 21 54;
set Last[211] := 25 58;
set Last[212] := 26 59;
set Last[213] := 28 61;
set Last[214] := 29 62;
set Last[215] := 31 64;
set Last[216] := 32 65;
set Last[217] := 33 66;
set Last[218] := 1 34;
set Last[219] := 2 35;
set Last[220] := 3 36;
set Last[221] := 4 37;
set Last[222] := 5 38;
set Last[223] := 6 39;
set Last[224] := 7 40;
set Last[225] := 8 41;
set Last[226] := 10 43;
set Last[227] := 11 44;
set Last[228] := 12 45;
set Last[229] := 13 46;
set Last[230] := 15 48;
set Last[231] := 17 50;
set Last[232] := 18 51;
set Last[233] := 21 54;
set Last[234] := 25 58;
set Last[235] := 26 59;
set Last[236] := 28 61;
set Last[237] := 29 62;
set Last[238] := 31 64;
set Last[239] := 32 65;
set Last[240] := 33 66;
set Last[241] := 1 34;
set Last[242] := 2 35;
set Last[243] := 3 36;
set Last[244] := 4 37;
set Last[245] := 5 38;
set Last[246] := 6 39;
set Last[247] := 7 40;
set Last[248] := 8 41;
set Last[249] := 10 43;
set Last[250] := 11 44;
set Last[251] := 12 45;
set Last[252] := 13 46;
set Last[253] := 15 48;
set Last[254] := 17 50;
set Last[255] := 18 51;
set Last[256] := 19 52;
set Last[257] := 21 54;
set Last[258] := 25 58;
set Last[259] := 26 59;
set Last[260] := 28 61;
set Last[261] := 29 62;
set Last[262] := 31 64;
set Last[263] := 32 65;
set Last[264] := 33 66;
set Last[265] := 1 34;
set Last[266] := 2 35;
set Last[267] := 3 36;
set Last[268] := 4 37;
set Last[269] := 5 38;
set Last[270] := 6 39;
set Last[271] := 7 40;
set Last[272] := 8 41;
set Last[273] := 10 43;
set Last[274] := 11 44;
set Last[275] := 12 45;
set Last[276] := 13 46;
set Last[277] := 15 48;
set Last[278] := 17 50;
set Last[279] := 18 51;
set Last[280] := 19 52;
set Last[281] := 21 54;
set Last[282] := 25 58;
set Last[283] := 26 59;
set Last[284] := 28 61;
set Last[285] := 29 62;
set Last[286] := 31 64;
set Last[287] := 32 65;
set Last[288] := 33 66;
set Last[289] := 1 34;
set Last[290] := 2 35;
set Last[291] := 3 36;
set Last[292] := 5 38;
set Last[293] := 6 39;
set Last[294] := 7 40;
set Last[295] := 8 41;
set Last[296] := 10 43;
set Last[297] := 11 44;
set Last[298] := 13 46;
set Last[299] := 17 50;
set Last[300] := 18 51;
set Last[301] := 21 54;
set Last[302] := 25 58;
set Last[303] := 26 59;
set Last[304] := 28 61;
set Last[305] := 29 62;
set Last[306] := 31 64;
set Last[307] := 32 65;
set Last[308] := 33 66;
set Last[309] := 6 39;
set Last[310] := 7 40;
set Last[311] := 17 50;
set Last[312] := 32 65;
set Last[313] := 6 39;
set Last[314] := 7 40;
set Last[315] := 17 50;
set Last[316] := 32 65;
set Last[317] := 6 39;
set Last[318] := 17 50;
set Last[319] := 32 65;
set Last[320] := 1 34;
set Last[321] := 3 36;
set Last[322] := 5 38;
set Last[323] := 6 39;
set Last[324] := 7 40;
set Last[325] := 13 46;
set Last[326] := 17 50;
set Last[327] := 18 51;
set Last[328] := 26 59;
set Last[329] := 29 62;
set Last[330] := 32 65;
set Last[331] := 33 66;
set Last[332] := 1 34;
set Last[333] := 2 35;
set Last[334] := 3 36;
set Last[335] := 4 37;
set Last[336] := 5 38;
set Last[337] := 6 39;
set Last[338] := 7 40;
set Last[339] := 8 41;
set Last[340] := 10 43;
set Last[341] := 11 44;
set Last[342] := 12 45;
set Last[343] := 13 46;
set Last[344] := 14 47;
set Last[345] := 15 48;
set Last[346] := 16 49;
set Last[347] := 17 50;
set Last[348] := 18 51;
set Last[349] := 19 52;
set Last[350] := 21 54;
set Last[351] := 22 55;
set Last[352] := 24 57;
set Last[353] := 25 58;
set Last[354] := 26 59;
set Last[355] := 28 61;
set Last[356] := 31 64;
set Last[357] := 32 65;
set Last[358] := 33 66;
set Last[359] := 1 34;
set Last[360] := 2 35;
set Last[361] := 3 36;
set Last[362] := 4 37;
set Last[363] := 5 38;
set Last[364] := 6 39;
set Last[365] := 7 40;
set Last[366] := 8 41;
set Last[367] := 10 43;
set Last[368] := 11 44;
set Last[369] := 12 45;
set Last[370] := 13 46;
set Last[371] := 14 47;
set Last[372] := 15 48;
set Last[373] := 16 49;
set Last[374] := 17 50;
set Last[375] := 18 51;
set Last[376] := 19 52;
set Last[377] := 21 54;
set Last[378] := 22 55;
set Last[379] := 24 57;
set Last[380] := 25 58;
set Last[381] := 26 59;
set Last[382] := 28 61;
set Last[383] := 29 62;
set Last[384] := 32 65;
set Last[385] := 33 66;
set Last[386] := 1 34;
set Last[387] := 2 35;
set Last[388] := 3 36;
set Last[389] := 5 38;
set Last[390] := 6 39;
set Last[391] := 7 40;
set Last[392] := 8 41;
set Last[393] := 11 44;
set Last[394] := 13 46;
set Last[395] := 17 50;
set Last[396] := 18 51;
set Last[397] := 26 59;
set Last[398] := 28 61;
set Last[399] := 29 62;
set Last[400] := 33 66;
set Last[401] := 1 34;
set Last[402] := 2 35;
set Last[403] := 3 36;
set Last[404] := 4 37;
set Last[405] := 5 38;
set Last[406] := 6 39;
set Last[407] := 7 40;
set Last[408] := 8 41;
set Last[409] := 10 43;
set Last[410] := 11 44;
set Last[411] := 12 45;
set Last[412] := 13 46;
set Last[413] := 15 48;
set Last[414] := 17 50;
set Last[415] := 18 51;
set Last[416] := 19 52;
set Last[417] := 21 54;
set Last[418] := 25 58;
set Last[419] := 26 59;
set Last[420] := 28 61;
set Last[421] := 29 62;
set Last[422] := 31 64;
set Last[423] := 32 65;

param q := 5;

end;
