data;

set V := 1 2 3 4 5 6 7 8 9 10 11 12 13 14 15 16 17 18 19 20 21 22 23 24 25 26 27 28 29 30 31 32 33 34 35 36 37 38 39 40 41 42 43 44 45 46 47 48 49 50;

set A := 1 2
         1 3
         1 4
         1 6
         1 10
         1 26
         2 1
         2 5
         2 7
         2 8
         2 27
         3 1
         3 15
         3 21
         3 28
         4 1
         4 13
         4 14
         4 15
         4 25
         4 29
         5 2
         5 6
         5 30
         6 1
         6 5
         6 9
         6 10
         6 31
         7 2
         7 32
         8 2
         8 33
         9 6
         9 34
         10 1
         10 6
         10 35
         11 25
         11 36
         12 25
         12 37
         13 4
         13 38
         14 4
         14 39
         15 3
         15 4
         15 22
         15 40
         16 17
         16 25
         16 41
         17 16
         17 42
         18 25
         18 43
         19 23
         19 44
         20 22
         20 45
         21 3
         21 46
         22 15
         22 20
         22 23
         22 47
         23 19
         23 22
         23 24
         23 48
         24 23
         24 25
         24 49
         25 4
         25 11
         25 12
         25 16
         25 18
         25 24
         25 50
         ;

set S := 1 2 3 4 5 6 7 8 9 10 11 12 13 14 15 16 17 18 19 20 21 22 23 24 25 26 27 28 29 30 31 32 33 34 35 36 37 38 39 40 41 42 43 44 45 46 47 48 49 50 51 52 53 54 55 56 57 58 59 60 61 62 63 64 65 66 67 68 69 70 71 72 73 74 75 76 77 78 79 80 81 82 83 84 85 86 87 88 89 90 91 92 93 94 95 96 97 98 99 100 101 102 103 104 105 106 107 108 109 110 111 112 113 114 115 116 117 118 119 120 121 122 123 124 125 126 127 128 129 130 131 132 133 134 135 136 137 138 139 140 141 142 143 144 145 146 147 148 149 150 151 152 153 154 155 156 157 158 159 160 161 162 163 164 165 166 167 168 169 170 171 172 173 174 175 176 177 178 179 180 181 182 183 184 185 186 187 188 189 190 191 192 193 194 195 196 197 198 199 200 201 202 203 204 205 206 207 208 209 210 211 212 213 214 215 216 217 218 219 220 221 222 223 224 225 226 227 228 229 230 231 232 233 234 235 236 237 238 239 240 241 242 243 244 245 246 247 248 249 250 251 252 253 254 255 256 257 258 259 260 261 262 263 264 265 266 267 268 269 270 271 272 273 274 275 276 277 278 279 280 281 282 283 284 285 286 287 288 289 290 291 292 293 294 295 296 297 298 299 300 301 302 303 304 305 306 307 308 309 310 311 312 313 314 315 316 317 318 319 320 321 322 323 324 325 326 327 328 329 330 331 332 333 334 335 336 337 338 339 340 341 342 343 344 345 346 347 348 349 350 351 352 353 354 355 356 357 358 359 360 361 362 363 364 365 366 367 368 369 370 371 372 373 374 375 376 377 378 379 380 381 382 383 384 385 386 387 388 389 390 391 392 393 394 395 396 397 398 399 400 401 402 403 404 405 406 407 408 409 410 411 412 413 414 415 416 417 418 419 420 421 422 423 424 425 426 427 428 429 430 431 432 433 434 435 436 437 438 439 440 441 442 443 444 445 446 447 448 449 450 451 452 453 454 455 456 457 458 459 460 461 462 463 464 465 466 467 468 469 470 471 472 473 474 475 476 477 478 479 480;

set F[1] := 1 2
            2 27
            ;
set F[2] := 1 3
            3 28
            ;
set F[3] := 1 4
            4 29
            ;
set F[4] := 1 2
            2 5
            5 30
            ;
set F[5] := 1 6
            6 31
            ;
set F[6] := 1 2
            2 7
            7 32
            ;
set F[7] := 1 2
            2 8
            8 33
            ;
set F[8] := 1 6
            6 9
            9 34
            ;
set F[9] := 1 10
            10 35
            ;
set F[10] := 1 4
             4 25
             25 11
             11 36
             ;
set F[11] := 1 4
             4 25
             25 12
             12 37
             ;
set F[12] := 1 4
             4 13
             13 38
             ;
set F[13] := 1 4
             4 14
             14 39
             ;
set F[14] := 1 3
             3 15
             15 40
             ;
set F[15] := 1 4
             4 25
             25 16
             16 41
             ;
set F[16] := 1 4
             4 25
             25 16
             16 17
             17 42
             ;
set F[17] := 1 4
             4 25
             25 18
             18 43
             ;
set F[18] := 1 3
             3 15
             15 22
             22 23
             23 19
             19 44
             ;
set F[19] := 1 3
             3 15
             15 22
             22 20
             20 45
             ;
set F[20] := 1 3
             3 21
             21 46
             ;
set F[21] := 1 3
             3 15
             15 22
             22 47
             ;
set F[22] := 1 3
             3 15
             15 22
             22 23
             23 48
             ;
set F[23] := 1 4
             4 25
             25 24
             24 49
             ;
set F[24] := 1 4
             4 25
             25 50
             ;
set F[25] := 2 1
             1 26
             ;
set F[26] := 2 1
             1 3
             3 28
             ;
set F[27] := 2 1
             1 4
             4 29
             ;
set F[28] := 2 5
             5 30
             ;
set F[29] := 2 1
             1 6
             6 31
             ;
set F[30] := 2 7
             7 32
             ;
set F[31] := 2 8
             8 33
             ;
set F[32] := 2 1
             1 6
             6 9
             9 34
             ;
set F[33] := 2 1
             1 10
             10 35
             ;
set F[34] := 2 1
             1 4
             4 25
             25 11
             11 36
             ;
set F[35] := 2 1
             1 4
             4 25
             25 12
             12 37
             ;
set F[36] := 2 1
             1 4
             4 13
             13 38
             ;
set F[37] := 2 1
             1 4
             4 14
             14 39
             ;
set F[38] := 2 1
             1 3
             3 15
             15 40
             ;
set F[39] := 2 1
             1 4
             4 25
             25 16
             16 41
             ;
set F[40] := 2 1
             1 4
             4 25
             25 16
             16 17
             17 42
             ;
set F[41] := 2 1
             1 4
             4 25
             25 18
             18 43
             ;
set F[42] := 2 1
             1 3
             3 15
             15 22
             22 23
             23 19
             19 44
             ;
set F[43] := 2 1
             1 3
             3 15
             15 22
             22 20
             20 45
             ;
set F[44] := 2 1
             1 3
             3 21
             21 46
             ;
set F[45] := 2 1
             1 3
             3 15
             15 22
             22 47
             ;
set F[46] := 2 1
             1 3
             3 15
             15 22
             22 23
             23 48
             ;
set F[47] := 2 1
             1 4
             4 25
             25 24
             24 49
             ;
set F[48] := 2 1
             1 4
             4 25
             25 50
             ;
set F[49] := 3 1
             1 26
             ;
set F[50] := 3 1
             1 2
             2 27
             ;
set F[51] := 3 1
             1 4
             4 25
             25 50
             ;
set F[52] := 4 1
             1 26
             ;
set F[53] := 4 1
             1 2
             2 27
             ;
set F[54] := 4 1
             1 3
             3 28
             ;
set F[55] := 4 1
             1 2
             2 5
             5 30
             ;
set F[56] := 4 1
             1 6
             6 31
             ;
set F[57] := 4 1
             1 2
             2 7
             7 32
             ;
set F[58] := 4 1
             1 2
             2 8
             8 33
             ;
set F[59] := 4 1
             1 6
             6 9
             9 34
             ;
set F[60] := 4 1
             1 10
             10 35
             ;
set F[61] := 4 25
             25 11
             11 36
             ;
set F[62] := 4 25
             25 12
             12 37
             ;
set F[63] := 4 13
             13 38
             ;
set F[64] := 4 14
             14 39
             ;
set F[65] := 4 15
             15 40
             ;
set F[66] := 4 25
             25 16
             16 41
             ;
set F[67] := 4 25
             25 16
             16 17
             17 42
             ;
set F[68] := 4 25
             25 18
             18 43
             ;
set F[69] := 4 25
             25 24
             24 23
             23 19
             19 44
             ;
set F[70] := 4 15
             15 22
             22 20
             20 45
             ;
set F[71] := 4 1
             1 3
             3 21
             21 46
             ;
set F[72] := 4 15
             15 22
             22 47
             ;
set F[73] := 4 25
             25 24
             24 23
             23 48
             ;
set F[74] := 4 25
             25 24
             24 49
             ;
set F[75] := 4 25
             25 50
             ;
set F[76] := 5 2
             2 1
             1 26
             ;
set F[77] := 5 2
             2 27
             ;
set F[78] := 5 2
             2 1
             1 3
             3 28
             ;
set F[79] := 5 2
             2 1
             1 4
             4 29
             ;
set F[80] := 5 6
             6 31
             ;
set F[81] := 5 2
             2 7
             7 32
             ;
set F[82] := 5 2
             2 8
             8 33
             ;
set F[83] := 5 6
             6 9
             9 34
             ;
set F[84] := 5 6
             6 10
             10 35
             ;
set F[85] := 5 2
             2 1
             1 4
             4 25
             25 11
             11 36
             ;
set F[86] := 5 2
             2 1
             1 4
             4 25
             25 12
             12 37
             ;
set F[87] := 5 2
             2 1
             1 4
             4 13
             13 38
             ;
set F[88] := 5 2
             2 1
             1 4
             4 14
             14 39
             ;
set F[89] := 5 2
             2 1
             1 3
             3 15
             15 40
             ;
set F[90] := 5 2
             2 1
             1 4
             4 25
             25 16
             16 41
             ;
set F[91] := 5 2
             2 1
             1 4
             4 25
             25 16
             16 17
             17 42
             ;
set F[92] := 5 2
             2 1
             1 4
             4 25
             25 18
             18 43
             ;
set F[93] := 5 2
             2 1
             1 3
             3 15
             15 22
             22 23
             23 19
             19 44
             ;
set F[94] := 5 2
             2 1
             1 3
             3 15
             15 22
             22 20
             20 45
             ;
set F[95] := 5 2
             2 1
             1 3
             3 21
             21 46
             ;
set F[96] := 5 2
             2 1
             1 3
             3 15
             15 22
             22 47
             ;
set F[97] := 5 2
             2 1
             1 3
             3 15
             15 22
             22 23
             23 48
             ;
set F[98] := 5 2
             2 1
             1 4
             4 25
             25 24
             24 49
             ;
set F[99] := 5 2
             2 1
             1 4
             4 25
             25 50
             ;
set F[100] := 6 1
              1 26
              ;
set F[101] := 6 1
              1 2
              2 27
              ;
set F[102] := 6 1
              1 3
              3 28
              ;
set F[103] := 6 1
              1 4
              4 29
              ;
set F[104] := 6 5
              5 30
              ;
set F[105] := 6 1
              1 2
              2 7
              7 32
              ;
set F[106] := 6 1
              1 2
              2 8
              8 33
              ;
set F[107] := 6 9
              9 34
              ;
set F[108] := 6 10
              10 35
              ;
set F[109] := 6 1
              1 4
              4 25
              25 11
              11 36
              ;
set F[110] := 6 1
              1 4
              4 25
              25 12
              12 37
              ;
set F[111] := 6 1
              1 4
              4 13
              13 38
              ;
set F[112] := 6 1
              1 4
              4 14
              14 39
              ;
set F[113] := 6 1
              1 3
              3 15
              15 40
              ;
set F[114] := 6 1
              1 4
              4 25
              25 16
              16 41
              ;
set F[115] := 6 1
              1 4
              4 25
              25 16
              16 17
              17 42
              ;
set F[116] := 6 1
              1 3
              3 15
              15 22
              22 23
              23 19
              19 44
              ;
set F[117] := 6 1
              1 3
              3 15
              15 22
              22 20
              20 45
              ;
set F[118] := 6 1
              1 3
              3 21
              21 46
              ;
set F[119] := 6 1
              1 3
              3 15
              15 22
              22 47
              ;
set F[120] := 6 1
              1 3
              3 15
              15 22
              22 23
              23 48
              ;
set F[121] := 6 1
              1 4
              4 25
              25 24
              24 49
              ;
set F[122] := 6 1
              1 4
              4 25
              25 50
              ;
set F[123] := 7 2
              2 1
              1 26
              ;
set F[124] := 7 2
              2 27
              ;
set F[125] := 7 2
              2 1
              1 3
              3 28
              ;
set F[126] := 7 2
              2 1
              1 4
              4 29
              ;
set F[127] := 7 2
              2 5
              5 30
              ;
set F[128] := 7 2
              2 1
              1 6
              6 31
              ;
set F[129] := 7 2
              2 8
              8 33
              ;
set F[130] := 7 2
              2 1
              1 6
              6 9
              9 34
              ;
set F[131] := 7 2
              2 1
              1 10
              10 35
              ;
set F[132] := 7 2
              2 1
              1 4
              4 25
              25 11
              11 36
              ;
set F[133] := 7 2
              2 1
              1 4
              4 25
              25 12
              12 37
              ;
set F[134] := 7 2
              2 1
              1 4
              4 13
              13 38
              ;
set F[135] := 7 2
              2 1
              1 4
              4 14
              14 39
              ;
set F[136] := 7 2
              2 1
              1 3
              3 15
              15 40
              ;
set F[137] := 7 2
              2 1
              1 4
              4 25
              25 16
              16 41
              ;
set F[138] := 7 2
              2 1
              1 4
              4 25
              25 16
              16 17
              17 42
              ;
set F[139] := 7 2
              2 1
              1 3
              3 15
              15 22
              22 23
              23 19
              19 44
              ;
set F[140] := 7 2
              2 1
              1 3
              3 21
              21 46
              ;
set F[141] := 7 2
              2 1
              1 3
              3 15
              15 22
              22 47
              ;
set F[142] := 7 2
              2 1
              1 3
              3 15
              15 22
              22 23
              23 48
              ;
set F[143] := 7 2
              2 1
              1 4
              4 25
              25 24
              24 49
              ;
set F[144] := 7 2
              2 1
              1 4
              4 25
              25 50
              ;
set F[145] := 8 2
              2 1
              1 26
              ;
set F[146] := 8 2
              2 27
              ;
set F[147] := 8 2
              2 1
              1 3
              3 28
              ;
set F[148] := 8 2
              2 1
              1 4
              4 29
              ;
set F[149] := 8 2
              2 5
              5 30
              ;
set F[150] := 8 2
              2 1
              1 6
              6 31
              ;
set F[151] := 8 2
              2 7
              7 32
              ;
set F[152] := 8 2
              2 1
              1 10
              10 35
              ;
set F[153] := 8 2
              2 1
              1 4
              4 25
              25 12
              12 37
              ;
set F[154] := 8 2
              2 1
              1 4
              4 25
              25 16
              16 41
              ;
set F[155] := 8 2
              2 1
              1 3
              3 15
              15 22
              22 47
              ;
set F[156] := 8 2
              2 1
              1 3
              3 15
              15 22
              22 23
              23 48
              ;
set F[157] := 8 2
              2 1
              1 4
              4 25
              25 24
              24 49
              ;
set F[158] := 8 2
              2 1
              1 4
              4 25
              25 50
              ;
set F[159] := 9 6
              6 1
              1 26
              ;
set F[160] := 9 6
              6 1
              1 2
              2 27
              ;
set F[161] := 9 6
              6 1
              1 3
              3 28
              ;
set F[162] := 9 6
              6 1
              1 4
              4 29
              ;
set F[163] := 9 6
              6 5
              5 30
              ;
set F[164] := 9 6
              6 31
              ;
set F[165] := 9 6
              6 1
              1 2
              2 7
              7 32
              ;
set F[166] := 9 6
              6 1
              1 2
              2 8
              8 33
              ;
set F[167] := 9 6
              6 10
              10 35
              ;
set F[168] := 9 6
              6 1
              1 4
              4 25
              25 12
              12 37
              ;
set F[169] := 9 6
              6 1
              1 3
              3 15
              15 40
              ;
set F[170] := 9 6
              6 1
              1 4
              4 25
              25 16
              16 41
              ;
set F[171] := 9 6
              6 1
              1 3
              3 15
              15 22
              22 47
              ;
set F[172] := 9 6
              6 1
              1 3
              3 15
              15 22
              22 23
              23 48
              ;
set F[173] := 9 6
              6 1
              1 4
              4 25
              25 24
              24 49
              ;
set F[174] := 9 6
              6 1
              1 4
              4 25
              25 50
              ;
set F[175] := 10 1
              1 26
              ;
set F[176] := 10 1
              1 2
              2 27
              ;
set F[177] := 10 1
              1 3
              3 28
              ;
set F[178] := 10 1
              1 4
              4 29
              ;
set F[179] := 10 6
              6 5
              5 30
              ;
set F[180] := 10 6
              6 31
              ;
set F[181] := 10 1
              1 2
              2 7
              7 32
              ;
set F[182] := 10 1
              1 2
              2 8
              8 33
              ;
set F[183] := 10 6
              6 9
              9 34
              ;
set F[184] := 10 1
              1 4
              4 25
              25 11
              11 36
              ;
set F[185] := 10 1
              1 4
              4 25
              25 12
              12 37
              ;
set F[186] := 10 1
              1 4
              4 13
              13 38
              ;
set F[187] := 10 1
              1 4
              4 14
              14 39
              ;
set F[188] := 10 1
              1 3
              3 15
              15 40
              ;
set F[189] := 10 1
              1 4
              4 25
              25 16
              16 41
              ;
set F[190] := 10 1
              1 4
              4 25
              25 16
              16 17
              17 42
              ;
set F[191] := 10 1
              1 4
              4 25
              25 18
              18 43
              ;
set F[192] := 10 1
              1 3
              3 15
              15 22
              22 23
              23 19
              19 44
              ;
set F[193] := 10 1
              1 3
              3 15
              15 22
              22 20
              20 45
              ;
set F[194] := 10 1
              1 3
              3 21
              21 46
              ;
set F[195] := 10 1
              1 3
              3 15
              15 22
              22 47
              ;
set F[196] := 10 1
              1 3
              3 15
              15 22
              22 23
              23 48
              ;
set F[197] := 10 1
              1 4
              4 25
              25 24
              24 49
              ;
set F[198] := 10 1
              1 4
              4 25
              25 50
              ;
set F[199] := 11 25
              25 4
              4 1
              1 26
              ;
set F[200] := 11 25
              25 4
              4 1
              1 2
              2 27
              ;
set F[201] := 11 25
              25 4
              4 1
              1 3
              3 28
              ;
set F[202] := 11 25
              25 4
              4 29
              ;
set F[203] := 11 25
              25 4
              4 1
              1 2
              2 5
              5 30
              ;
set F[204] := 11 25
              25 4
              4 1
              1 6
              6 31
              ;
set F[205] := 11 25
              25 4
              4 1
              1 2
              2 7
              7 32
              ;
set F[206] := 11 25
              25 4
              4 1
              1 2
              2 8
              8 33
              ;
set F[207] := 11 25
              25 4
              4 1
              1 6
              6 9
              9 34
              ;
set F[208] := 11 25
              25 4
              4 1
              1 10
              10 35
              ;
set F[209] := 11 25
              25 12
              12 37
              ;
set F[210] := 11 25
              25 4
              4 14
              14 39
              ;
set F[211] := 11 25
              25 4
              4 15
              15 40
              ;
set F[212] := 11 25
              25 16
              16 41
              ;
set F[213] := 11 25
              25 4
              4 15
              15 22
              22 47
              ;
set F[214] := 11 25
              25 24
              24 23
              23 48
              ;
set F[215] := 11 25
              25 24
              24 49
              ;
set F[216] := 11 25
              25 50
              ;
set F[217] := 12 25
              25 4
              4 1
              1 26
              ;
set F[218] := 12 25
              25 4
              4 1
              1 2
              2 27
              ;
set F[219] := 12 25
              25 4
              4 1
              1 3
              3 28
              ;
set F[220] := 12 25
              25 4
              4 29
              ;
set F[221] := 12 25
              25 4
              4 1
              1 2
              2 5
              5 30
              ;
set F[222] := 12 25
              25 4
              4 1
              1 6
              6 31
              ;
set F[223] := 12 25
              25 4
              4 1
              1 2
              2 7
              7 32
              ;
set F[224] := 12 25
              25 4
              4 1
              1 2
              2 8
              8 33
              ;
set F[225] := 12 25
              25 4
              4 1
              1 6
              6 9
              9 34
              ;
set F[226] := 12 25
              25 4
              4 1
              1 10
              10 35
              ;
set F[227] := 12 25
              25 11
              11 36
              ;
set F[228] := 12 25
              25 4
              4 13
              13 38
              ;
set F[229] := 12 25
              25 4
              4 14
              14 39
              ;
set F[230] := 12 25
              25 4
              4 15
              15 40
              ;
set F[231] := 12 25
              25 16
              16 41
              ;
set F[232] := 12 25
              25 16
              16 17
              17 42
              ;
set F[233] := 12 25
              25 24
              24 23
              23 19
              19 44
              ;
set F[234] := 12 25
              25 4
              4 15
              15 22
              22 20
              20 45
              ;
set F[235] := 12 25
              25 4
              4 1
              1 3
              3 21
              21 46
              ;
set F[236] := 12 25
              25 4
              4 15
              15 22
              22 47
              ;
set F[237] := 12 25
              25 24
              24 23
              23 48
              ;
set F[238] := 12 25
              25 24
              24 49
              ;
set F[239] := 12 25
              25 50
              ;
set F[240] := 13 4
              4 1
              1 26
              ;
set F[241] := 13 4
              4 1
              1 2
              2 27
              ;
set F[242] := 13 4
              4 1
              1 3
              3 28
              ;
set F[243] := 13 4
              4 29
              ;
set F[244] := 13 4
              4 1
              1 2
              2 5
              5 30
              ;
set F[245] := 13 4
              4 1
              1 6
              6 31
              ;
set F[246] := 13 4
              4 1
              1 2
              2 7
              7 32
              ;
set F[247] := 13 4
              4 1
              1 2
              2 8
              8 33
              ;
set F[248] := 13 4
              4 1
              1 6
              6 9
              9 34
              ;
set F[249] := 13 4
              4 1
              1 10
              10 35
              ;
set F[250] := 13 4
              4 25
              25 12
              12 37
              ;
set F[251] := 13 4
              4 15
              15 40
              ;
set F[252] := 13 4
              4 25
              25 16
              16 41
              ;
set F[253] := 13 4
              4 15
              15 22
              22 47
              ;
set F[254] := 13 4
              4 25
              25 24
              24 23
              23 48
              ;
set F[255] := 13 4
              4 25
              25 24
              24 49
              ;
set F[256] := 13 4
              4 25
              25 50
              ;
set F[257] := 14 4
              4 1
              1 26
              ;
set F[258] := 14 4
              4 1
              1 2
              2 27
              ;
set F[259] := 14 4
              4 1
              1 3
              3 28
              ;
set F[260] := 14 4
              4 29
              ;
set F[261] := 14 4
              4 1
              1 2
              2 5
              5 30
              ;
set F[262] := 14 4
              4 1
              1 6
              6 31
              ;
set F[263] := 14 4
              4 1
              1 2
              2 7
              7 32
              ;
set F[264] := 14 4
              4 1
              1 10
              10 35
              ;
set F[265] := 14 4
              4 25
              25 12
              12 37
              ;
set F[266] := 14 4
              4 25
              25 16
              16 41
              ;
set F[267] := 14 4
              4 15
              15 22
              22 47
              ;
set F[268] := 14 4
              4 25
              25 24
              24 23
              23 48
              ;
set F[269] := 14 4
              4 25
              25 24
              24 49
              ;
set F[270] := 14 4
              4 25
              25 50
              ;
set F[271] := 15 3
              3 1
              1 26
              ;
set F[272] := 15 3
              3 1
              1 2
              2 27
              ;
set F[273] := 15 3
              3 28
              ;
set F[274] := 15 4
              4 29
              ;
set F[275] := 15 3
              3 1
              1 2
              2 5
              5 30
              ;
set F[276] := 15 3
              3 1
              1 6
              6 31
              ;
set F[277] := 15 3
              3 1
              1 2
              2 7
              7 32
              ;
set F[278] := 15 3
              3 1
              1 2
              2 8
              8 33
              ;
set F[279] := 15 3
              3 1
              1 6
              6 9
              9 34
              ;
set F[280] := 15 3
              3 1
              1 10
              10 35
              ;
set F[281] := 15 4
              4 25
              25 11
              11 36
              ;
set F[282] := 15 4
              4 25
              25 12
              12 37
              ;
set F[283] := 15 4
              4 13
              13 38
              ;
set F[284] := 15 4
              4 14
              14 39
              ;
set F[285] := 15 4
              4 25
              25 16
              16 41
              ;
set F[286] := 15 4
              4 25
              25 16
              16 17
              17 42
              ;
set F[287] := 15 4
              4 25
              25 18
              18 43
              ;
set F[288] := 15 22
              22 23
              23 19
              19 44
              ;
set F[289] := 15 22
              22 20
              20 45
              ;
set F[290] := 15 3
              3 21
              21 46
              ;
set F[291] := 15 22
              22 47
              ;
set F[292] := 15 22
              22 23
              23 48
              ;
set F[293] := 15 4
              4 25
              25 24
              24 49
              ;
set F[294] := 15 4
              4 25
              25 50
              ;
set F[295] := 16 25
              25 4
              4 1
              1 26
              ;
set F[296] := 16 25
              25 4
              4 1
              1 2
              2 27
              ;
set F[297] := 16 25
              25 4
              4 1
              1 3
              3 28
              ;
set F[298] := 16 25
              25 4
              4 29
              ;
set F[299] := 16 25
              25 4
              4 1
              1 2
              2 5
              5 30
              ;
set F[300] := 16 25
              25 4
              4 1
              1 6
              6 31
              ;
set F[301] := 16 25
              25 4
              4 1
              1 2
              2 7
              7 32
              ;
set F[302] := 16 25
              25 4
              4 1
              1 2
              2 8
              8 33
              ;
set F[303] := 16 25
              25 4
              4 1
              1 6
              6 9
              9 34
              ;
set F[304] := 16 25
              25 4
              4 1
              1 10
              10 35
              ;
set F[305] := 16 25
              25 11
              11 36
              ;
set F[306] := 16 25
              25 12
              12 37
              ;
set F[307] := 16 25
              25 4
              4 13
              13 38
              ;
set F[308] := 16 25
              25 4
              4 14
              14 39
              ;
set F[309] := 16 25
              25 4
              4 15
              15 40
              ;
set F[310] := 16 17
              17 42
              ;
set F[311] := 16 25
              25 18
              18 43
              ;
set F[312] := 16 25
              25 24
              24 23
              23 19
              19 44
              ;
set F[313] := 16 25
              25 4
              4 15
              15 22
              22 20
              20 45
              ;
set F[314] := 16 25
              25 4
              4 1
              1 3
              3 21
              21 46
              ;
set F[315] := 16 25
              25 4
              4 15
              15 22
              22 47
              ;
set F[316] := 16 25
              25 24
              24 23
              23 48
              ;
set F[317] := 16 25
              25 24
              24 49
              ;
set F[318] := 16 25
              25 50
              ;
set F[319] := 17 16
              16 25
              25 4
              4 1
              1 26
              ;
set F[320] := 17 16
              16 25
              25 4
              4 1
              1 2
              2 27
              ;
set F[321] := 17 16
              16 25
              25 4
              4 1
              1 6
              6 31
              ;
set F[322] := 17 16
              16 25
              25 4
              4 1
              1 2
              2 7
              7 32
              ;
set F[323] := 17 16
              16 25
              25 4
              4 1
              1 10
              10 35
              ;
set F[324] := 17 16
              16 25
              25 12
              12 37
              ;
set F[325] := 17 16
              16 41
              ;
set F[326] := 17 16
              16 25
              25 4
              4 15
              15 22
              22 47
              ;
set F[327] := 17 16
              16 25
              25 50
              ;
set F[328] := 18 25
              25 4
              4 1
              1 26
              ;
set F[329] := 18 25
              25 4
              4 1
              1 2
              2 27
              ;
set F[330] := 18 25
              25 4
              4 1
              1 3
              3 28
              ;
set F[331] := 18 25
              25 4
              4 29
              ;
set F[332] := 18 25
              25 4
              4 1
              1 2
              2 5
              5 30
              ;
set F[333] := 18 25
              25 4
              4 1
              1 6
              6 31
              ;
set F[334] := 18 25
              25 4
              4 1
              1 2
              2 7
              7 32
              ;
set F[335] := 18 25
              25 4
              4 1
              1 2
              2 8
              8 33
              ;
set F[336] := 18 25
              25 4
              4 1
              1 10
              10 35
              ;
set F[337] := 18 25
              25 12
              12 37
              ;
set F[338] := 18 25
              25 16
              16 41
              ;
set F[339] := 18 25
              25 4
              4 15
              15 22
              22 47
              ;
set F[340] := 18 25
              25 24
              24 23
              23 48
              ;
set F[341] := 18 25
              25 24
              24 49
              ;
set F[342] := 18 25
              25 50
              ;
set F[343] := 19 23
              23 22
              22 15
              15 3
              3 1
              1 26
              ;
set F[344] := 19 23
              23 22
              22 15
              15 3
              3 1
              1 2
              2 27
              ;
set F[345] := 19 23
              23 22
              22 15
              15 3
              3 28
              ;
set F[346] := 19 23
              23 22
              22 15
              15 4
              4 29
              ;
set F[347] := 19 23
              23 22
              22 15
              15 3
              3 1
              1 2
              2 5
              5 30
              ;
set F[348] := 19 23
              23 22
              22 15
              15 3
              3 1
              1 6
              6 31
              ;
set F[349] := 19 23
              23 22
              22 15
              15 3
              3 1
              1 2
              2 7
              7 32
              ;
set F[350] := 19 23
              23 22
              22 15
              15 3
              3 1
              1 2
              2 8
              8 33
              ;
set F[351] := 19 23
              23 22
              22 15
              15 3
              3 1
              1 10
              10 35
              ;
set F[352] := 19 23
              23 24
              24 25
              25 12
              12 37
              ;
set F[353] := 19 23
              23 22
              22 15
              15 40
              ;
set F[354] := 19 23
              23 24
              24 25
              25 16
              16 41
              ;
set F[355] := 19 23
              23 22
              22 47
              ;
set F[356] := 19 23
              23 48
              ;
set F[357] := 19 23
              23 24
              24 49
              ;
set F[358] := 19 23
              23 24
              24 25
              25 50
              ;
set F[359] := 20 22
              22 15
              15 3
              3 1
              1 26
              ;
set F[360] := 20 22
              22 15
              15 3
              3 1
              1 2
              2 27
              ;
set F[361] := 20 22
              22 15
              15 3
              3 28
              ;
set F[362] := 20 22
              22 15
              15 4
              4 29
              ;
set F[363] := 20 22
              22 15
              15 3
              3 1
              1 2
              2 5
              5 30
              ;
set F[364] := 20 22
              22 15
              15 3
              3 1
              1 6
              6 31
              ;
set F[365] := 20 22
              22 15
              15 3
              3 1
              1 2
              2 7
              7 32
              ;
set F[366] := 20 22
              22 15
              15 3
              3 1
              1 2
              2 8
              8 33
              ;
set F[367] := 20 22
              22 15
              15 3
              3 1
              1 10
              10 35
              ;
set F[368] := 20 22
              22 15
              15 4
              4 25
              25 12
              12 37
              ;
set F[369] := 20 22
              22 15
              15 40
              ;
set F[370] := 20 22
              22 15
              15 4
              4 25
              25 16
              16 41
              ;
set F[371] := 20 22
              22 47
              ;
set F[372] := 20 22
              22 23
              23 48
              ;
set F[373] := 20 22
              22 23
              23 24
              24 49
              ;
set F[374] := 20 22
              22 15
              15 4
              4 25
              25 50
              ;
set F[375] := 21 3
              3 1
              1 26
              ;
set F[376] := 21 3
              3 1
              1 2
              2 27
              ;
set F[377] := 21 3
              3 28
              ;
set F[378] := 21 3
              3 1
              1 4
              4 29
              ;
set F[379] := 21 3
              3 1
              1 2
              2 5
              5 30
              ;
set F[380] := 21 3
              3 1
              1 6
              6 31
              ;
set F[381] := 21 3
              3 1
              1 2
              2 7
              7 32
              ;
set F[382] := 21 3
              3 1
              1 10
              10 35
              ;
set F[383] := 21 3
              3 1
              1 4
              4 25
              25 12
              12 37
              ;
set F[384] := 21 3
              3 1
              1 4
              4 25
              25 16
              16 41
              ;
set F[385] := 21 3
              3 15
              15 22
              22 47
              ;
set F[386] := 21 3
              3 15
              15 22
              22 23
              23 48
              ;
set F[387] := 21 3
              3 1
              1 4
              4 25
              25 24
              24 49
              ;
set F[388] := 21 3
              3 1
              1 4
              4 25
              25 50
              ;
set F[389] := 22 15
              15 3
              3 1
              1 26
              ;
set F[390] := 22 15
              15 3
              3 1
              1 2
              2 27
              ;
set F[391] := 22 15
              15 3
              3 28
              ;
set F[392] := 22 15
              15 4
              4 29
              ;
set F[393] := 22 15
              15 3
              3 1
              1 2
              2 5
              5 30
              ;
set F[394] := 22 15
              15 3
              3 1
              1 6
              6 31
              ;
set F[395] := 22 15
              15 3
              3 1
              1 2
              2 7
              7 32
              ;
set F[396] := 22 15
              15 3
              3 1
              1 2
              2 8
              8 33
              ;
set F[397] := 22 15
              15 3
              3 1
              1 6
              6 9
              9 34
              ;
set F[398] := 22 15
              15 3
              3 1
              1 10
              10 35
              ;
set F[399] := 22 15
              15 4
              4 25
              25 11
              11 36
              ;
set F[400] := 22 15
              15 4
              4 25
              25 12
              12 37
              ;
set F[401] := 22 15
              15 4
              4 13
              13 38
              ;
set F[402] := 22 15
              15 4
              4 14
              14 39
              ;
set F[403] := 22 15
              15 40
              ;
set F[404] := 22 15
              15 4
              4 25
              25 16
              16 41
              ;
set F[405] := 22 15
              15 4
              4 25
              25 16
              16 17
              17 42
              ;
set F[406] := 22 15
              15 4
              4 25
              25 18
              18 43
              ;
set F[407] := 22 23
              23 19
              19 44
              ;
set F[408] := 22 20
              20 45
              ;
set F[409] := 22 15
              15 3
              3 21
              21 46
              ;
set F[410] := 22 23
              23 48
              ;
set F[411] := 22 23
              23 24
              24 49
              ;
set F[412] := 22 15
              15 4
              4 25
              25 50
              ;
set F[413] := 23 22
              22 15
              15 3
              3 1
              1 26
              ;
set F[414] := 23 22
              22 15
              15 3
              3 1
              1 2
              2 27
              ;
set F[415] := 23 22
              22 15
              15 3
              3 28
              ;
set F[416] := 23 22
              22 15
              15 4
              4 29
              ;
set F[417] := 23 22
              22 15
              15 3
              3 1
              1 2
              2 5
              5 30
              ;
set F[418] := 23 22
              22 15
              15 3
              3 1
              1 6
              6 31
              ;
set F[419] := 23 22
              22 15
              15 3
              3 1
              1 2
              2 7
              7 32
              ;
set F[420] := 23 22
              22 15
              15 3
              3 1
              1 2
              2 8
              8 33
              ;
set F[421] := 23 22
              22 15
              15 3
              3 1
              1 6
              6 9
              9 34
              ;
set F[422] := 23 22
              22 15
              15 3
              3 1
              1 10
              10 35
              ;
set F[423] := 23 24
              24 25
              25 11
              11 36
              ;
set F[424] := 23 24
              24 25
              25 12
              12 37
              ;
set F[425] := 23 22
              22 15
              15 4
              4 13
              13 38
              ;
set F[426] := 23 22
              22 15
              15 4
              4 14
              14 39
              ;
set F[427] := 23 22
              22 15
              15 40
              ;
set F[428] := 23 24
              24 25
              25 16
              16 41
              ;
set F[429] := 23 24
              24 25
              25 16
              16 17
              17 42
              ;
set F[430] := 23 19
              19 44
              ;
set F[431] := 23 22
              22 20
              20 45
              ;
set F[432] := 23 22
              22 15
              15 3
              3 21
              21 46
              ;
set F[433] := 23 22
              22 47
              ;
set F[434] := 23 24
              24 49
              ;
set F[435] := 23 24
              24 25
              25 50
              ;
set F[436] := 24 25
              25 4
              4 1
              1 26
              ;
set F[437] := 24 25
              25 4
              4 1
              1 2
              2 27
              ;
set F[438] := 24 23
              23 22
              22 15
              15 3
              3 28
              ;
set F[439] := 24 25
              25 4
              4 29
              ;
set F[440] := 24 25
              25 4
              4 1
              1 2
              2 5
              5 30
              ;
set F[441] := 24 25
              25 4
              4 1
              1 6
              6 31
              ;
set F[442] := 24 25
              25 4
              4 1
              1 2
              2 7
              7 32
              ;
set F[443] := 24 25
              25 4
              4 1
              1 2
              2 8
              8 33
              ;
set F[444] := 24 25
              25 4
              4 1
              1 6
              6 9
              9 34
              ;
set F[445] := 24 25
              25 4
              4 1
              1 10
              10 35
              ;
set F[446] := 24 25
              25 12
              12 37
              ;
set F[447] := 24 25
              25 4
              4 13
              13 38
              ;
set F[448] := 24 25
              25 4
              4 14
              14 39
              ;
set F[449] := 24 23
              23 22
              22 15
              15 40
              ;
set F[450] := 24 25
              25 16
              16 41
              ;
set F[451] := 24 25
              25 16
              16 17
              17 42
              ;
set F[452] := 24 23
              23 19
              19 44
              ;
set F[453] := 24 23
              23 22
              22 15
              15 3
              3 21
              21 46
              ;
set F[454] := 24 23
              23 22
              22 47
              ;
set F[455] := 24 23
              23 48
              ;
set F[456] := 24 25
              25 50
              ;
set F[457] := 25 4
              4 1
              1 26
              ;
set F[458] := 25 4
              4 1
              1 2
              2 27
              ;
set F[459] := 25 4
              4 1
              1 3
              3 28
              ;
set F[460] := 25 4
              4 29
              ;
set F[461] := 25 4
              4 1
              1 2
              2 5
              5 30
              ;
set F[462] := 25 4
              4 1
              1 6
              6 31
              ;
set F[463] := 25 4
              4 1
              1 2
              2 7
              7 32
              ;
set F[464] := 25 4
              4 1
              1 2
              2 8
              8 33
              ;
set F[465] := 25 4
              4 1
              1 6
              6 9
              9 34
              ;
set F[466] := 25 4
              4 1
              1 10
              10 35
              ;
set F[467] := 25 11
              11 36
              ;
set F[468] := 25 12
              12 37
              ;
set F[469] := 25 4
              4 13
              13 38
              ;
set F[470] := 25 4
              4 14
              14 39
              ;
set F[471] := 25 4
              4 15
              15 40
              ;
set F[472] := 25 16
              16 41
              ;
set F[473] := 25 16
              16 17
              17 42
              ;
set F[474] := 25 18
              18 43
              ;
set F[475] := 25 24
              24 23
              23 19
              19 44
              ;
set F[476] := 25 4
              4 15
              15 22
              22 20
              20 45
              ;
set F[477] := 25 4
              4 1
              1 3
              3 21
              21 46
              ;
set F[478] := 25 4
              4 15
              15 22
              22 47
              ;
set F[479] := 25 24
              24 23
              23 48
              ;
set F[480] := 25 24
              24 49
              ;
set Last[1] := 2 27;
set Last[2] := 3 28;
set Last[3] := 4 29;
set Last[4] := 5 30;
set Last[5] := 6 31;
set Last[6] := 7 32;
set Last[7] := 8 33;
set Last[8] := 9 34;
set Last[9] := 10 35;
set Last[10] := 11 36;
set Last[11] := 12 37;
set Last[12] := 13 38;
set Last[13] := 14 39;
set Last[14] := 15 40;
set Last[15] := 16 41;
set Last[16] := 17 42;
set Last[17] := 18 43;
set Last[18] := 19 44;
set Last[19] := 20 45;
set Last[20] := 21 46;
set Last[21] := 22 47;
set Last[22] := 23 48;
set Last[23] := 24 49;
set Last[24] := 25 50;
set Last[25] := 1 26;
set Last[26] := 3 28;
set Last[27] := 4 29;
set Last[28] := 5 30;
set Last[29] := 6 31;
set Last[30] := 7 32;
set Last[31] := 8 33;
set Last[32] := 9 34;
set Last[33] := 10 35;
set Last[34] := 11 36;
set Last[35] := 12 37;
set Last[36] := 13 38;
set Last[37] := 14 39;
set Last[38] := 15 40;
set Last[39] := 16 41;
set Last[40] := 17 42;
set Last[41] := 18 43;
set Last[42] := 19 44;
set Last[43] := 20 45;
set Last[44] := 21 46;
set Last[45] := 22 47;
set Last[46] := 23 48;
set Last[47] := 24 49;
set Last[48] := 25 50;
set Last[49] := 1 26;
set Last[50] := 2 27;
set Last[51] := 25 50;
set Last[52] := 1 26;
set Last[53] := 2 27;
set Last[54] := 3 28;
set Last[55] := 5 30;
set Last[56] := 6 31;
set Last[57] := 7 32;
set Last[58] := 8 33;
set Last[59] := 9 34;
set Last[60] := 10 35;
set Last[61] := 11 36;
set Last[62] := 12 37;
set Last[63] := 13 38;
set Last[64] := 14 39;
set Last[65] := 15 40;
set Last[66] := 16 41;
set Last[67] := 17 42;
set Last[68] := 18 43;
set Last[69] := 19 44;
set Last[70] := 20 45;
set Last[71] := 21 46;
set Last[72] := 22 47;
set Last[73] := 23 48;
set Last[74] := 24 49;
set Last[75] := 25 50;
set Last[76] := 1 26;
set Last[77] := 2 27;
set Last[78] := 3 28;
set Last[79] := 4 29;
set Last[80] := 6 31;
set Last[81] := 7 32;
set Last[82] := 8 33;
set Last[83] := 9 34;
set Last[84] := 10 35;
set Last[85] := 11 36;
set Last[86] := 12 37;
set Last[87] := 13 38;
set Last[88] := 14 39;
set Last[89] := 15 40;
set Last[90] := 16 41;
set Last[91] := 17 42;
set Last[92] := 18 43;
set Last[93] := 19 44;
set Last[94] := 20 45;
set Last[95] := 21 46;
set Last[96] := 22 47;
set Last[97] := 23 48;
set Last[98] := 24 49;
set Last[99] := 25 50;
set Last[100] := 1 26;
set Last[101] := 2 27;
set Last[102] := 3 28;
set Last[103] := 4 29;
set Last[104] := 5 30;
set Last[105] := 7 32;
set Last[106] := 8 33;
set Last[107] := 9 34;
set Last[108] := 10 35;
set Last[109] := 11 36;
set Last[110] := 12 37;
set Last[111] := 13 38;
set Last[112] := 14 39;
set Last[113] := 15 40;
set Last[114] := 16 41;
set Last[115] := 17 42;
set Last[116] := 19 44;
set Last[117] := 20 45;
set Last[118] := 21 46;
set Last[119] := 22 47;
set Last[120] := 23 48;
set Last[121] := 24 49;
set Last[122] := 25 50;
set Last[123] := 1 26;
set Last[124] := 2 27;
set Last[125] := 3 28;
set Last[126] := 4 29;
set Last[127] := 5 30;
set Last[128] := 6 31;
set Last[129] := 8 33;
set Last[130] := 9 34;
set Last[131] := 10 35;
set Last[132] := 11 36;
set Last[133] := 12 37;
set Last[134] := 13 38;
set Last[135] := 14 39;
set Last[136] := 15 40;
set Last[137] := 16 41;
set Last[138] := 17 42;
set Last[139] := 19 44;
set Last[140] := 21 46;
set Last[141] := 22 47;
set Last[142] := 23 48;
set Last[143] := 24 49;
set Last[144] := 25 50;
set Last[145] := 1 26;
set Last[146] := 2 27;
set Last[147] := 3 28;
set Last[148] := 4 29;
set Last[149] := 5 30;
set Last[150] := 6 31;
set Last[151] := 7 32;
set Last[152] := 10 35;
set Last[153] := 12 37;
set Last[154] := 16 41;
set Last[155] := 22 47;
set Last[156] := 23 48;
set Last[157] := 24 49;
set Last[158] := 25 50;
set Last[159] := 1 26;
set Last[160] := 2 27;
set Last[161] := 3 28;
set Last[162] := 4 29;
set Last[163] := 5 30;
set Last[164] := 6 31;
set Last[165] := 7 32;
set Last[166] := 8 33;
set Last[167] := 10 35;
set Last[168] := 12 37;
set Last[169] := 15 40;
set Last[170] := 16 41;
set Last[171] := 22 47;
set Last[172] := 23 48;
set Last[173] := 24 49;
set Last[174] := 25 50;
set Last[175] := 1 26;
set Last[176] := 2 27;
set Last[177] := 3 28;
set Last[178] := 4 29;
set Last[179] := 5 30;
set Last[180] := 6 31;
set Last[181] := 7 32;
set Last[182] := 8 33;
set Last[183] := 9 34;
set Last[184] := 11 36;
set Last[185] := 12 37;
set Last[186] := 13 38;
set Last[187] := 14 39;
set Last[188] := 15 40;
set Last[189] := 16 41;
set Last[190] := 17 42;
set Last[191] := 18 43;
set Last[192] := 19 44;
set Last[193] := 20 45;
set Last[194] := 21 46;
set Last[195] := 22 47;
set Last[196] := 23 48;
set Last[197] := 24 49;
set Last[198] := 25 50;
set Last[199] := 1 26;
set Last[200] := 2 27;
set Last[201] := 3 28;
set Last[202] := 4 29;
set Last[203] := 5 30;
set Last[204] := 6 31;
set Last[205] := 7 32;
set Last[206] := 8 33;
set Last[207] := 9 34;
set Last[208] := 10 35;
set Last[209] := 12 37;
set Last[210] := 14 39;
set Last[211] := 15 40;
set Last[212] := 16 41;
set Last[213] := 22 47;
set Last[214] := 23 48;
set Last[215] := 24 49;
set Last[216] := 25 50;
set Last[217] := 1 26;
set Last[218] := 2 27;
set Last[219] := 3 28;
set Last[220] := 4 29;
set Last[221] := 5 30;
set Last[222] := 6 31;
set Last[223] := 7 32;
set Last[224] := 8 33;
set Last[225] := 9 34;
set Last[226] := 10 35;
set Last[227] := 11 36;
set Last[228] := 13 38;
set Last[229] := 14 39;
set Last[230] := 15 40;
set Last[231] := 16 41;
set Last[232] := 17 42;
set Last[233] := 19 44;
set Last[234] := 20 45;
set Last[235] := 21 46;
set Last[236] := 22 47;
set Last[237] := 23 48;
set Last[238] := 24 49;
set Last[239] := 25 50;
set Last[240] := 1 26;
set Last[241] := 2 27;
set Last[242] := 3 28;
set Last[243] := 4 29;
set Last[244] := 5 30;
set Last[245] := 6 31;
set Last[246] := 7 32;
set Last[247] := 8 33;
set Last[248] := 9 34;
set Last[249] := 10 35;
set Last[250] := 12 37;
set Last[251] := 15 40;
set Last[252] := 16 41;
set Last[253] := 22 47;
set Last[254] := 23 48;
set Last[255] := 24 49;
set Last[256] := 25 50;
set Last[257] := 1 26;
set Last[258] := 2 27;
set Last[259] := 3 28;
set Last[260] := 4 29;
set Last[261] := 5 30;
set Last[262] := 6 31;
set Last[263] := 7 32;
set Last[264] := 10 35;
set Last[265] := 12 37;
set Last[266] := 16 41;
set Last[267] := 22 47;
set Last[268] := 23 48;
set Last[269] := 24 49;
set Last[270] := 25 50;
set Last[271] := 1 26;
set Last[272] := 2 27;
set Last[273] := 3 28;
set Last[274] := 4 29;
set Last[275] := 5 30;
set Last[276] := 6 31;
set Last[277] := 7 32;
set Last[278] := 8 33;
set Last[279] := 9 34;
set Last[280] := 10 35;
set Last[281] := 11 36;
set Last[282] := 12 37;
set Last[283] := 13 38;
set Last[284] := 14 39;
set Last[285] := 16 41;
set Last[286] := 17 42;
set Last[287] := 18 43;
set Last[288] := 19 44;
set Last[289] := 20 45;
set Last[290] := 21 46;
set Last[291] := 22 47;
set Last[292] := 23 48;
set Last[293] := 24 49;
set Last[294] := 25 50;
set Last[295] := 1 26;
set Last[296] := 2 27;
set Last[297] := 3 28;
set Last[298] := 4 29;
set Last[299] := 5 30;
set Last[300] := 6 31;
set Last[301] := 7 32;
set Last[302] := 8 33;
set Last[303] := 9 34;
set Last[304] := 10 35;
set Last[305] := 11 36;
set Last[306] := 12 37;
set Last[307] := 13 38;
set Last[308] := 14 39;
set Last[309] := 15 40;
set Last[310] := 17 42;
set Last[311] := 18 43;
set Last[312] := 19 44;
set Last[313] := 20 45;
set Last[314] := 21 46;
set Last[315] := 22 47;
set Last[316] := 23 48;
set Last[317] := 24 49;
set Last[318] := 25 50;
set Last[319] := 1 26;
set Last[320] := 2 27;
set Last[321] := 6 31;
set Last[322] := 7 32;
set Last[323] := 10 35;
set Last[324] := 12 37;
set Last[325] := 16 41;
set Last[326] := 22 47;
set Last[327] := 25 50;
set Last[328] := 1 26;
set Last[329] := 2 27;
set Last[330] := 3 28;
set Last[331] := 4 29;
set Last[332] := 5 30;
set Last[333] := 6 31;
set Last[334] := 7 32;
set Last[335] := 8 33;
set Last[336] := 10 35;
set Last[337] := 12 37;
set Last[338] := 16 41;
set Last[339] := 22 47;
set Last[340] := 23 48;
set Last[341] := 24 49;
set Last[342] := 25 50;
set Last[343] := 1 26;
set Last[344] := 2 27;
set Last[345] := 3 28;
set Last[346] := 4 29;
set Last[347] := 5 30;
set Last[348] := 6 31;
set Last[349] := 7 32;
set Last[350] := 8 33;
set Last[351] := 10 35;
set Last[352] := 12 37;
set Last[353] := 15 40;
set Last[354] := 16 41;
set Last[355] := 22 47;
set Last[356] := 23 48;
set Last[357] := 24 49;
set Last[358] := 25 50;
set Last[359] := 1 26;
set Last[360] := 2 27;
set Last[361] := 3 28;
set Last[362] := 4 29;
set Last[363] := 5 30;
set Last[364] := 6 31;
set Last[365] := 7 32;
set Last[366] := 8 33;
set Last[367] := 10 35;
set Last[368] := 12 37;
set Last[369] := 15 40;
set Last[370] := 16 41;
set Last[371] := 22 47;
set Last[372] := 23 48;
set Last[373] := 24 49;
set Last[374] := 25 50;
set Last[375] := 1 26;
set Last[376] := 2 27;
set Last[377] := 3 28;
set Last[378] := 4 29;
set Last[379] := 5 30;
set Last[380] := 6 31;
set Last[381] := 7 32;
set Last[382] := 10 35;
set Last[383] := 12 37;
set Last[384] := 16 41;
set Last[385] := 22 47;
set Last[386] := 23 48;
set Last[387] := 24 49;
set Last[388] := 25 50;
set Last[389] := 1 26;
set Last[390] := 2 27;
set Last[391] := 3 28;
set Last[392] := 4 29;
set Last[393] := 5 30;
set Last[394] := 6 31;
set Last[395] := 7 32;
set Last[396] := 8 33;
set Last[397] := 9 34;
set Last[398] := 10 35;
set Last[399] := 11 36;
set Last[400] := 12 37;
set Last[401] := 13 38;
set Last[402] := 14 39;
set Last[403] := 15 40;
set Last[404] := 16 41;
set Last[405] := 17 42;
set Last[406] := 18 43;
set Last[407] := 19 44;
set Last[408] := 20 45;
set Last[409] := 21 46;
set Last[410] := 23 48;
set Last[411] := 24 49;
set Last[412] := 25 50;
set Last[413] := 1 26;
set Last[414] := 2 27;
set Last[415] := 3 28;
set Last[416] := 4 29;
set Last[417] := 5 30;
set Last[418] := 6 31;
set Last[419] := 7 32;
set Last[420] := 8 33;
set Last[421] := 9 34;
set Last[422] := 10 35;
set Last[423] := 11 36;
set Last[424] := 12 37;
set Last[425] := 13 38;
set Last[426] := 14 39;
set Last[427] := 15 40;
set Last[428] := 16 41;
set Last[429] := 17 42;
set Last[430] := 19 44;
set Last[431] := 20 45;
set Last[432] := 21 46;
set Last[433] := 22 47;
set Last[434] := 24 49;
set Last[435] := 25 50;
set Last[436] := 1 26;
set Last[437] := 2 27;
set Last[438] := 3 28;
set Last[439] := 4 29;
set Last[440] := 5 30;
set Last[441] := 6 31;
set Last[442] := 7 32;
set Last[443] := 8 33;
set Last[444] := 9 34;
set Last[445] := 10 35;
set Last[446] := 12 37;
set Last[447] := 13 38;
set Last[448] := 14 39;
set Last[449] := 15 40;
set Last[450] := 16 41;
set Last[451] := 17 42;
set Last[452] := 19 44;
set Last[453] := 21 46;
set Last[454] := 22 47;
set Last[455] := 23 48;
set Last[456] := 25 50;
set Last[457] := 1 26;
set Last[458] := 2 27;
set Last[459] := 3 28;
set Last[460] := 4 29;
set Last[461] := 5 30;
set Last[462] := 6 31;
set Last[463] := 7 32;
set Last[464] := 8 33;
set Last[465] := 9 34;
set Last[466] := 10 35;
set Last[467] := 11 36;
set Last[468] := 12 37;
set Last[469] := 13 38;
set Last[470] := 14 39;
set Last[471] := 15 40;
set Last[472] := 16 41;
set Last[473] := 17 42;
set Last[474] := 18 43;
set Last[475] := 19 44;
set Last[476] := 20 45;
set Last[477] := 21 46;
set Last[478] := 22 47;
set Last[479] := 23 48;
set Last[480] := 24 49;

param q := 5;

end;
