data;

set V := 1 2 3 4 5 6 7 8 9 10 11 12 13 14 15 16 17 18 19 20 21 22 23 24 25 26 27 28 30 31 32 33 34 35 36 37 38 39 40 41 42 43 44 45 46 47 48 50 51 52 53 54 55 56 57 58 59 60 61 62 63 64 65 66 67 69 70 72 73 74 76 77 78 79 81 83 84;

set A := 1 2
         1 4
         1 43
         2 1
         2 41
         2 44
         3 12
         3 34
         3 45
         4 1
         4 6
         4 12
         4 46
         5 6
         5 7
         5 47
         6 4
         6 5
         6 48
         7 5
         7 8
         8 7
         8 9
         8 50
         9 8
         9 10
         9 27
         9 30
         9 51
         10 9
         10 18
         10 52
         11 53
         12 3
         12 4
         12 42
         12 54
         13 55
         14 13
         14 15
         14 17
         14 23
         14 35
         14 56
         15 14
         15 16
         15 57
         16 15
         16 31
         16 58
         17 14
         17 36
         17 59
         18 10
         18 20
         18 60
         19 20
         19 28
         19 61
         20 18
         20 19
         20 62
         21 63
         22 26
         22 28
         22 64
         23 14
         23 65
         24 66
         25 26
         25 32
         25 67
         26 22
         26 25
         27 9
         27 28
         27 69
         28 19
         28 22
         28 27
         28 70
         30 9
         30 31
         30 72
         31 16
         31 21
         31 30
         31 32
         31 73
         32 25
         32 31
         32 74
         33 34
         33 42
         34 11
         34 76
         35 14
         35 24
         35 77
         36 17
         36 37
         36 78
         37 36
         37 38
         37 79
         38 37
         38 39
         39 38
         39 41
         39 81
         40 41
         40 42
         41 2
         41 39
         41 40
         41 83
         42 12
         42 33
         42 40
         42 84
         ;

set S := 1 2 3 4 5 6 7 8 9 10 11 12 13 14 15 16 17 18 19 20 21 22 23 24 25 26 27 28 29 30 31 32 33 34 35 36 37 38 39 40 41 42 43 44 45 46 47 48 49 50 51 52 53 54 55 56 57 58 59 60 61 62 63 64 65 66 67 68 69 70 71 72 73 74 75 76 77 78 79 80 81 82 83 84 85 86 87 88 89 90 91 92 93 94 95 96 97 98 99 100 101 102 103 104 105 106 107 108 109 110 111 112 113 114 115 116 117 118 119 120 121 122 123 124 125 126 127 128 129 130 131 132 133 134 135 136 137 138 139 140 141 142 143 144 145 146 147 148 149 150 151 152 153 154 155 156 157 158 159 160 161 162 163 164 165 166 167 168 169 170 171 172 173 174 175 176 177 178 179 180 181 182 183 184 185 186 187 188 189 190 191 192 193 194 195 196 197 198 199 200 201 202 203 204 205 206 207 208 209 210 211 212 213 214 215 216 217 218 219 220 221 222 223 224 225 226 227 228 229 230 231 232 233 234 235 236 237 238 239 240 241 242 243 244 245 246 247 248 249 250 251 252 253 254 255 256 257 258 259 260 261 262 263 264 265 266 267 268 269 270 271 272 273 274 275 276 277 278 279 280 281 282 283 284 285 286 287 288 289 290 291 292 293 294 295 296 297 298 299 300 301 302 303 304 305 306 307 308 309 310 311 312 313 314 315 316 317 318 319 320 321 322 323 324 325 326 327 328 329 330 331 332 333 334 335 336 337 338 339 340 341 342 343 344 345;

set F[1] := 1 2
            2 44
            ;
set F[2] := 1 4
            4 12
            12 3
            3 45
            ;
set F[3] := 1 4
            4 6
            6 5
            5 47
            ;
set F[4] := 1 4
            4 6
            6 5
            5 7
            7 8
            8 50
            ;
set F[5] := 1 4
            4 6
            6 5
            5 7
            7 8
            8 9
            9 10
            10 52
            ;
set F[6] := 1 4
            4 12
            12 54
            ;
set F[7] := 1 2
            2 41
            41 39
            39 38
            38 37
            37 36
            36 17
            17 14
            14 13
            13 55
            ;
set F[8] := 1 2
            2 41
            41 39
            39 38
            38 37
            37 36
            36 17
            17 14
            14 56
            ;
set F[9] := 1 2
            2 41
            41 39
            39 38
            38 37
            37 36
            36 17
            17 14
            14 15
            15 57
            ;
set F[10] := 1 4
             4 6
             6 5
             5 7
             7 8
             8 9
             9 30
             30 31
             31 16
             16 58
             ;
set F[11] := 1 2
             2 41
             41 39
             39 38
             38 37
             37 36
             36 17
             17 59
             ;
set F[12] := 1 4
             4 6
             6 5
             5 7
             7 8
             8 9
             9 10
             10 18
             18 60
             ;
set F[13] := 1 4
             4 6
             6 5
             5 7
             7 8
             8 9
             9 27
             27 28
             28 19
             19 61
             ;
set F[14] := 1 4
             4 6
             6 5
             5 7
             7 8
             8 9
             9 30
             30 31
             31 21
             21 63
             ;
set F[15] := 1 4
             4 6
             6 5
             5 7
             7 8
             8 9
             9 27
             27 28
             28 22
             22 64
             ;
set F[16] := 1 4
             4 6
             6 5
             5 7
             7 8
             8 9
             9 30
             30 31
             31 32
             32 25
             25 67
             ;
set F[17] := 1 4
             4 6
             6 5
             5 7
             7 8
             8 9
             9 27
             27 28
             28 70
             ;
set F[18] := 1 4
             4 6
             6 5
             5 7
             7 8
             8 9
             9 30
             30 31
             31 73
             ;
set F[19] := 1 4
             4 6
             6 5
             5 7
             7 8
             8 9
             9 30
             30 31
             31 32
             32 74
             ;
set F[20] := 1 4
             4 12
             12 3
             3 34
             34 76
             ;
set F[21] := 1 2
             2 41
             41 39
             39 38
             38 37
             37 36
             36 17
             17 14
             14 35
             35 77
             ;
set F[22] := 1 2
             2 41
             41 39
             39 38
             38 37
             37 79
             ;
set F[23] := 1 2
             2 41
             41 83
             ;
set F[24] := 1 4
             4 12
             12 42
             42 84
             ;
set F[25] := 2 1
             1 43
             ;
set F[26] := 2 1
             1 4
             4 6
             6 5
             5 47
             ;
set F[27] := 2 1
             1 4
             4 6
             6 5
             5 7
             7 8
             8 9
             9 10
             10 52
             ;
set F[28] := 2 41
             41 39
             39 38
             38 37
             37 36
             36 17
             17 14
             14 56
             ;
set F[29] := 2 41
             41 39
             39 38
             38 37
             37 36
             36 17
             17 14
             14 15
             15 57
             ;
set F[30] := 2 41
             41 39
             39 38
             38 37
             37 36
             36 17
             17 59
             ;
set F[31] := 2 1
             1 4
             4 6
             6 5
             5 7
             7 8
             8 9
             9 27
             27 28
             28 19
             19 61
             ;
set F[32] := 2 1
             1 4
             4 6
             6 5
             5 7
             7 8
             8 9
             9 30
             30 31
             31 73
             ;
set F[33] := 2 1
             1 4
             4 6
             6 5
             5 7
             7 8
             8 9
             9 30
             30 31
             31 32
             32 74
             ;
set F[34] := 2 1
             1 4
             4 12
             12 3
             3 34
             34 76
             ;
set F[35] := 2 41
             41 83
             ;
set F[36] := 3 12
             12 4
             4 1
             1 43
             ;
set F[37] := 3 12
             12 4
             4 1
             1 2
             2 44
             ;
set F[38] := 3 12
             12 4
             4 6
             6 5
             5 47
             ;
set F[39] := 3 12
             12 4
             4 6
             6 5
             5 7
             7 8
             8 50
             ;
set F[40] := 3 12
             12 4
             4 6
             6 5
             5 7
             7 8
             8 9
             9 10
             10 52
             ;
set F[41] := 3 12
             12 54
             ;
set F[42] := 3 12
             12 42
             42 40
             40 41
             41 39
             39 38
             38 37
             37 36
             36 17
             17 14
             14 56
             ;
set F[43] := 3 12
             12 4
             4 6
             6 5
             5 7
             7 8
             8 9
             9 30
             30 31
             31 16
             16 15
             15 57
             ;
set F[44] := 3 12
             12 42
             42 40
             40 41
             41 39
             39 38
             38 37
             37 36
             36 17
             17 59
             ;
set F[45] := 3 12
             12 4
             4 6
             6 5
             5 7
             7 8
             8 9
             9 27
             27 28
             28 19
             19 61
             ;
set F[46] := 3 12
             12 4
             4 6
             6 5
             5 7
             7 8
             8 9
             9 27
             27 28
             28 22
             22 64
             ;
set F[47] := 3 12
             12 4
             4 6
             6 5
             5 7
             7 8
             8 9
             9 30
             30 31
             31 32
             32 25
             25 67
             ;
set F[48] := 3 12
             12 4
             4 6
             6 5
             5 7
             7 8
             8 9
             9 27
             27 28
             28 70
             ;
set F[49] := 3 12
             12 4
             4 6
             6 5
             5 7
             7 8
             8 9
             9 30
             30 31
             31 73
             ;
set F[50] := 3 12
             12 4
             4 6
             6 5
             5 7
             7 8
             8 9
             9 30
             30 31
             31 32
             32 74
             ;
set F[51] := 3 34
             34 76
             ;
set F[52] := 3 12
             12 42
             42 40
             40 41
             41 39
             39 38
             38 37
             37 79
             ;
set F[53] := 3 12
             12 42
             42 40
             40 41
             41 83
             ;
set F[54] := 4 1
             1 2
             2 41
             41 39
             39 38
             38 37
             37 36
             36 17
             17 14
             14 56
             ;
set F[55] := 4 1
             1 2
             2 41
             41 83
             ;
set F[56] := 5 6
             6 4
             4 1
             1 43
             ;
set F[57] := 5 6
             6 4
             4 1
             1 2
             2 44
             ;
set F[58] := 5 7
             7 8
             8 50
             ;
set F[59] := 5 7
             7 8
             8 9
             9 10
             10 52
             ;
set F[60] := 5 6
             6 4
             4 12
             12 54
             ;
set F[61] := 5 7
             7 8
             8 9
             9 30
             30 31
             31 16
             16 15
             15 14
             14 56
             ;
set F[62] := 5 7
             7 8
             8 9
             9 30
             30 31
             31 16
             16 15
             15 57
             ;
set F[63] := 5 7
             7 8
             8 9
             9 30
             30 31
             31 16
             16 15
             15 14
             14 17
             17 59
             ;
set F[64] := 5 7
             7 8
             8 9
             9 27
             27 28
             28 19
             19 61
             ;
set F[65] := 5 7
             7 8
             8 9
             9 27
             27 28
             28 22
             22 64
             ;
set F[66] := 5 7
             7 8
             8 9
             9 30
             30 31
             31 73
             ;
set F[67] := 5 7
             7 8
             8 9
             9 30
             30 31
             31 32
             32 74
             ;
set F[68] := 5 6
             6 4
             4 12
             12 3
             3 34
             34 76
             ;
set F[69] := 5 6
             6 4
             4 1
             1 2
             2 41
             41 39
             39 38
             38 37
             37 79
             ;
set F[70] := 5 6
             6 4
             4 1
             1 2
             2 41
             41 83
             ;
set F[71] := 7 5
             5 6
             6 4
             4 1
             1 43
             ;
set F[72] := 7 5
             5 6
             6 4
             4 1
             1 2
             2 44
             ;
set F[73] := 7 5
             5 6
             6 4
             4 12
             12 3
             3 45
             ;
set F[74] := 7 5
             5 6
             6 4
             4 46
             ;
set F[75] := 7 5
             5 47
             ;
set F[76] := 7 8
             8 50
             ;
set F[77] := 7 8
             8 9
             9 10
             10 52
             ;
set F[78] := 7 5
             5 6
             6 4
             4 12
             12 54
             ;
set F[79] := 7 8
             8 9
             9 30
             30 31
             31 16
             16 15
             15 14
             14 13
             13 55
             ;
set F[80] := 7 8
             8 9
             9 30
             30 31
             31 16
             16 15
             15 14
             14 56
             ;
set F[81] := 7 8
             8 9
             9 30
             30 31
             31 16
             16 15
             15 57
             ;
set F[82] := 7 8
             8 9
             9 30
             30 31
             31 16
             16 58
             ;
set F[83] := 7 8
             8 9
             9 30
             30 31
             31 16
             16 15
             15 14
             14 17
             17 59
             ;
set F[84] := 7 8
             8 9
             9 10
             10 18
             18 60
             ;
set F[85] := 7 8
             8 9
             9 27
             27 28
             28 19
             19 61
             ;
set F[86] := 7 8
             8 9
             9 30
             30 31
             31 21
             21 63
             ;
set F[87] := 7 8
             8 9
             9 27
             27 28
             28 22
             22 64
             ;
set F[88] := 7 8
             8 9
             9 30
             30 31
             31 32
             32 25
             25 67
             ;
set F[89] := 7 8
             8 9
             9 27
             27 28
             28 70
             ;
set F[90] := 7 8
             8 9
             9 30
             30 31
             31 73
             ;
set F[91] := 7 8
             8 9
             9 30
             30 31
             31 32
             32 74
             ;
set F[92] := 7 5
             5 6
             6 4
             4 12
             12 3
             3 34
             34 76
             ;
set F[93] := 7 8
             8 9
             9 30
             30 31
             31 16
             16 15
             15 14
             14 35
             35 77
             ;
set F[94] := 7 5
             5 6
             6 4
             4 1
             1 2
             2 41
             41 39
             39 38
             38 37
             37 79
             ;
set F[95] := 7 5
             5 6
             6 4
             4 1
             1 2
             2 41
             41 83
             ;
set F[96] := 7 5
             5 6
             6 4
             4 12
             12 42
             42 84
             ;
set F[97] := 8 7
             7 5
             5 6
             6 4
             4 1
             1 43
             ;
set F[98] := 8 7
             7 5
             5 47
             ;
set F[99] := 8 9
             9 30
             30 31
             31 16
             16 15
             15 14
             14 56
             ;
set F[100] := 8 9
              9 27
              27 28
              28 19
              19 61
              ;
set F[101] := 8 9
              9 30
              30 31
              31 73
              ;
set F[102] := 8 9
              9 30
              30 31
              31 32
              32 74
              ;
set F[103] := 8 7
              7 5
              5 6
              6 4
              4 12
              12 3
              3 34
              34 76
              ;
set F[104] := 8 7
              7 5
              5 6
              6 4
              4 1
              1 2
              2 41
              41 83
              ;
set F[105] := 9 30
              30 31
              31 16
              16 15
              15 14
              14 56
              ;
set F[106] := 9 8
              8 7
              7 5
              5 6
              6 4
              4 1
              1 2
              2 41
              41 83
              ;
set F[107] := 10 9
              9 8
              8 7
              7 5
              5 6
              6 4
              4 1
              1 43
              ;
set F[108] := 10 9
              9 8
              8 7
              7 5
              5 47
              ;
set F[109] := 10 9
              9 8
              8 7
              7 5
              5 6
              6 4
              4 12
              12 54
              ;
set F[110] := 10 9
              9 30
              30 31
              31 16
              16 15
              15 14
              14 56
              ;
set F[111] := 10 9
              9 30
              30 31
              31 16
              16 15
              15 57
              ;
set F[112] := 10 9
              9 30
              30 31
              31 16
              16 15
              15 14
              14 17
              17 59
              ;
set F[113] := 10 18
              18 20
              20 19
              19 61
              ;
set F[114] := 10 9
              9 30
              30 31
              31 73
              ;
set F[115] := 10 9
              9 30
              30 31
              31 32
              32 74
              ;
set F[116] := 10 9
              9 8
              8 7
              7 5
              5 6
              6 4
              4 12
              12 3
              3 34
              34 76
              ;
set F[117] := 10 9
              9 30
              30 31
              31 16
              16 15
              15 14
              14 17
              17 36
              36 37
              37 79
              ;
set F[118] := 10 9
              9 8
              8 7
              7 5
              5 6
              6 4
              4 1
              1 2
              2 41
              41 83
              ;
set F[119] := 12 4
              4 1
              1 43
              ;
set F[120] := 12 4
              4 1
              1 2
              2 44
              ;
set F[121] := 12 4
              4 6
              6 5
              5 47
              ;
set F[122] := 12 4
              4 6
              6 5
              5 7
              7 8
              8 50
              ;
set F[123] := 12 4
              4 6
              6 5
              5 7
              7 8
              8 9
              9 10
              10 52
              ;
set F[124] := 12 42
              42 40
              40 41
              41 39
              39 38
              38 37
              37 36
              36 17
              17 14
              14 56
              ;
set F[125] := 12 4
              4 6
              6 5
              5 7
              7 8
              8 9
              9 30
              30 31
              31 16
              16 15
              15 57
              ;
set F[126] := 12 42
              42 40
              40 41
              41 39
              39 38
              38 37
              37 36
              36 17
              17 59
              ;
set F[127] := 12 4
              4 6
              6 5
              5 7
              7 8
              8 9
              9 27
              27 28
              28 19
              19 61
              ;
set F[128] := 12 4
              4 6
              6 5
              5 7
              7 8
              8 9
              9 27
              27 28
              28 22
              22 64
              ;
set F[129] := 12 4
              4 6
              6 5
              5 7
              7 8
              8 9
              9 30
              30 31
              31 32
              32 25
              25 67
              ;
set F[130] := 12 4
              4 6
              6 5
              5 7
              7 8
              8 9
              9 27
              27 28
              28 70
              ;
set F[131] := 12 4
              4 6
              6 5
              5 7
              7 8
              8 9
              9 30
              30 31
              31 73
              ;
set F[132] := 12 4
              4 6
              6 5
              5 7
              7 8
              8 9
              9 30
              30 31
              31 32
              32 74
              ;
set F[133] := 12 3
              3 34
              34 76
              ;
set F[134] := 12 42
              42 40
              40 41
              41 39
              39 38
              38 37
              37 79
              ;
set F[135] := 12 42
              42 40
              40 41
              41 83
              ;
set F[136] := 14 17
              17 36
              36 37
              37 38
              38 39
              39 41
              41 2
              2 1
              1 43
              ;
set F[137] := 14 17
              17 36
              36 37
              37 38
              38 39
              39 41
              41 2
              2 44
              ;
set F[138] := 14 17
              17 36
              36 37
              37 38
              38 39
              39 41
              41 40
              40 42
              42 12
              12 3
              3 45
              ;
set F[139] := 14 17
              17 36
              36 37
              37 38
              38 39
              39 41
              41 2
              2 1
              1 4
              4 46
              ;
set F[140] := 14 15
              15 16
              16 31
              31 30
              30 9
              9 8
              8 7
              7 5
              5 47
              ;
set F[141] := 14 15
              15 16
              16 31
              31 30
              30 9
              9 8
              8 7
              7 5
              5 6
              6 48
              ;
set F[142] := 14 15
              15 16
              16 31
              31 30
              30 9
              9 8
              8 50
              ;
set F[143] := 14 15
              15 16
              16 31
              31 30
              30 9
              9 51
              ;
set F[144] := 14 15
              15 16
              16 31
              31 30
              30 9
              9 10
              10 52
              ;
set F[145] := 14 17
              17 36
              36 37
              37 38
              38 39
              39 41
              41 40
              40 42
              42 33
              33 34
              34 11
              11 53
              ;
set F[146] := 14 17
              17 36
              36 37
              37 38
              38 39
              39 41
              41 40
              40 42
              42 12
              12 54
              ;
set F[147] := 14 13
              13 55
              ;
set F[148] := 14 15
              15 57
              ;
set F[149] := 14 15
              15 16
              16 58
              ;
set F[150] := 14 17
              17 59
              ;
set F[151] := 14 15
              15 16
              16 31
              31 30
              30 9
              9 10
              10 18
              18 60
              ;
set F[152] := 14 15
              15 16
              16 31
              31 30
              30 9
              9 27
              27 28
              28 19
              19 61
              ;
set F[153] := 14 15
              15 16
              16 31
              31 30
              30 9
              9 10
              10 18
              18 20
              20 62
              ;
set F[154] := 14 15
              15 16
              16 31
              31 21
              21 63
              ;
set F[155] := 14 15
              15 16
              16 31
              31 32
              32 25
              25 26
              26 22
              22 64
              ;
set F[156] := 14 23
              23 65
              ;
set F[157] := 14 35
              35 24
              24 66
              ;
set F[158] := 14 15
              15 16
              16 31
              31 32
              32 25
              25 67
              ;
set F[159] := 14 15
              15 16
              16 31
              31 30
              30 9
              9 27
              27 69
              ;
set F[160] := 14 15
              15 16
              16 31
              31 30
              30 9
              9 27
              27 28
              28 70
              ;
set F[161] := 14 15
              15 16
              16 31
              31 30
              30 72
              ;
set F[162] := 14 15
              15 16
              16 31
              31 73
              ;
set F[163] := 14 15
              15 16
              16 31
              31 32
              32 74
              ;
set F[164] := 14 17
              17 36
              36 37
              37 38
              38 39
              39 41
              41 40
              40 42
              42 33
              33 34
              34 76
              ;
set F[165] := 14 35
              35 77
              ;
set F[166] := 14 17
              17 36
              36 78
              ;
set F[167] := 14 17
              17 36
              36 37
              37 79
              ;
set F[168] := 14 17
              17 36
              36 37
              37 38
              38 39
              39 81
              ;
set F[169] := 14 17
              17 36
              36 37
              37 38
              38 39
              39 41
              41 83
              ;
set F[170] := 14 17
              17 36
              36 37
              37 38
              38 39
              39 41
              41 40
              40 42
              42 84
              ;
set F[171] := 16 15
              15 14
              14 56
              ;
set F[172] := 16 31
              31 73
              ;
set F[173] := 16 15
              15 14
              14 17
              17 36
              36 37
              37 38
              38 39
              39 41
              41 83
              ;
set F[174] := 18 10
              10 9
              9 8
              8 7
              7 5
              5 6
              6 4
              4 1
              1 43
              ;
set F[175] := 18 10
              10 9
              9 8
              8 7
              7 5
              5 47
              ;
set F[176] := 18 10
              10 9
              9 30
              30 31
              31 16
              16 15
              15 14
              14 56
              ;
set F[177] := 18 20
              20 19
              19 61
              ;
set F[178] := 18 10
              10 9
              9 30
              30 31
              31 73
              ;
set F[179] := 18 10
              10 9
              9 30
              30 31
              31 32
              32 74
              ;
set F[180] := 18 10
              10 9
              9 8
              8 7
              7 5
              5 6
              6 4
              4 12
              12 3
              3 34
              34 76
              ;
set F[181] := 18 10
              10 9
              9 8
              8 7
              7 5
              5 6
              6 4
              4 1
              1 2
              2 41
              41 83
              ;
set F[182] := 19 28
              28 27
              27 9
              9 8
              8 7
              7 5
              5 6
              6 4
              4 1
              1 43
              ;
set F[183] := 19 28
              28 27
              27 9
              9 8
              8 7
              7 5
              5 6
              6 4
              4 1
              1 2
              2 44
              ;
set F[184] := 19 28
              28 27
              27 9
              9 8
              8 7
              7 5
              5 47
              ;
set F[185] := 19 28
              28 27
              27 9
              9 8
              8 50
              ;
set F[186] := 19 20
              20 18
              18 10
              10 52
              ;
set F[187] := 19 28
              28 27
              27 9
              9 8
              8 7
              7 5
              5 6
              6 4
              4 12
              12 54
              ;
set F[188] := 19 28
              28 27
              27 9
              9 30
              30 31
              31 16
              16 15
              15 14
              14 56
              ;
set F[189] := 19 28
              28 27
              27 9
              9 30
              30 31
              31 16
              16 15
              15 57
              ;
set F[190] := 19 28
              28 27
              27 9
              9 30
              30 31
              31 16
              16 15
              15 14
              14 17
              17 59
              ;
set F[191] := 19 28
              28 22
              22 64
              ;
set F[192] := 19 28
              28 22
              22 26
              26 25
              25 67
              ;
set F[193] := 19 28
              28 70
              ;
set F[194] := 19 28
              28 27
              27 9
              9 30
              30 31
              31 73
              ;
set F[195] := 19 28
              28 22
              22 26
              26 25
              25 32
              32 74
              ;
set F[196] := 19 28
              28 27
              27 9
              9 8
              8 7
              7 5
              5 6
              6 4
              4 12
              12 3
              3 34
              34 76
              ;
set F[197] := 19 28
              28 27
              27 9
              9 30
              30 31
              31 16
              16 15
              15 14
              14 17
              17 36
              36 37
              37 79
              ;
set F[198] := 19 28
              28 27
              27 9
              9 8
              8 7
              7 5
              5 6
              6 4
              4 1
              1 2
              2 41
              41 83
              ;
set F[199] := 22 28
              28 27
              27 9
              9 8
              8 7
              7 5
              5 6
              6 4
              4 1
              1 43
              ;
set F[200] := 22 28
              28 27
              27 9
              9 8
              8 7
              7 5
              5 6
              6 4
              4 1
              1 2
              2 44
              ;
set F[201] := 22 28
              28 27
              27 9
              9 8
              8 7
              7 5
              5 47
              ;
set F[202] := 22 28
              28 27
              27 9
              9 8
              8 50
              ;
set F[203] := 22 28
              28 27
              27 9
              9 10
              10 52
              ;
set F[204] := 22 28
              28 27
              27 9
              9 8
              8 7
              7 5
              5 6
              6 4
              4 12
              12 54
              ;
set F[205] := 22 26
              26 25
              25 32
              32 31
              31 16
              16 15
              15 14
              14 56
              ;
set F[206] := 22 26
              26 25
              25 32
              32 31
              31 16
              16 15
              15 57
              ;
set F[207] := 22 26
              26 25
              25 32
              32 31
              31 16
              16 15
              15 14
              14 17
              17 59
              ;
set F[208] := 22 28
              28 19
              19 61
              ;
set F[209] := 22 26
              26 25
              25 32
              32 31
              31 73
              ;
set F[210] := 22 26
              26 25
              25 32
              32 74
              ;
set F[211] := 22 28
              28 27
              27 9
              9 8
              8 7
              7 5
              5 6
              6 4
              4 12
              12 3
              3 34
              34 76
              ;
set F[212] := 22 26
              26 25
              25 32
              32 31
              31 16
              16 15
              15 14
              14 17
              17 36
              36 37
              37 79
              ;
set F[213] := 22 28
              28 27
              27 9
              9 8
              8 7
              7 5
              5 6
              6 4
              4 1
              1 2
              2 41
              41 83
              ;
set F[214] := 23 14
              14 56
              ;
set F[215] := 23 14
              14 17
              17 36
              36 37
              37 38
              38 39
              39 41
              41 83
              ;
set F[216] := 25 32
              32 31
              31 30
              30 9
              9 8
              8 7
              7 5
              5 6
              6 4
              4 1
              1 43
              ;
set F[217] := 25 32
              32 31
              31 30
              30 9
              9 8
              8 7
              7 5
              5 6
              6 4
              4 1
              1 2
              2 44
              ;
set F[218] := 25 32
              32 31
              31 30
              30 9
              9 8
              8 7
              7 5
              5 47
              ;
set F[219] := 25 32
              32 31
              31 30
              30 9
              9 8
              8 50
              ;
set F[220] := 25 32
              32 31
              31 30
              30 9
              9 10
              10 52
              ;
set F[221] := 25 32
              32 31
              31 30
              30 9
              9 8
              8 7
              7 5
              5 6
              6 4
              4 12
              12 54
              ;
set F[222] := 25 32
              32 31
              31 16
              16 15
              15 14
              14 56
              ;
set F[223] := 25 32
              32 31
              31 16
              16 15
              15 57
              ;
set F[224] := 25 32
              32 31
              31 16
              16 15
              15 14
              14 17
              17 59
              ;
set F[225] := 25 26
              26 22
              22 28
              28 19
              19 61
              ;
set F[226] := 25 26
              26 22
              22 64
              ;
set F[227] := 25 32
              32 31
              31 73
              ;
set F[228] := 25 32
              32 74
              ;
set F[229] := 25 32
              32 31
              31 30
              30 9
              9 8
              8 7
              7 5
              5 6
              6 4
              4 12
              12 3
              3 34
              34 76
              ;
set F[230] := 25 32
              32 31
              31 16
              16 15
              15 14
              14 17
              17 36
              36 37
              37 79
              ;
set F[231] := 25 32
              32 31
              31 16
              16 15
              15 14
              14 17
              17 36
              36 37
              37 38
              38 39
              39 41
              41 83
              ;
set F[232] := 27 9
              9 30
              30 31
              31 16
              16 15
              15 14
              14 56
              ;
set F[233] := 27 9
              9 8
              8 7
              7 5
              5 6
              6 4
              4 1
              1 2
              2 41
              41 83
              ;
set F[234] := 30 9
              9 8
              8 7
              7 5
              5 6
              6 4
              4 1
              1 43
              ;
set F[235] := 30 9
              9 8
              8 7
              7 5
              5 6
              6 4
              4 1
              1 2
              2 44
              ;
set F[236] := 30 9
              9 8
              8 7
              7 5
              5 47
              ;
set F[237] := 30 9
              9 8
              8 50
              ;
set F[238] := 30 9
              9 10
              10 52
              ;
set F[239] := 30 9
              9 8
              8 7
              7 5
              5 6
              6 4
              4 12
              12 54
              ;
set F[240] := 30 31
              31 16
              16 15
              15 14
              14 56
              ;
set F[241] := 30 31
              31 16
              16 15
              15 57
              ;
set F[242] := 30 31
              31 16
              16 15
              15 14
              14 17
              17 59
              ;
set F[243] := 30 9
              9 27
              27 28
              28 19
              19 61
              ;
set F[244] := 30 9
              9 27
              27 28
              28 22
              22 64
              ;
set F[245] := 30 31
              31 32
              32 25
              25 67
              ;
set F[246] := 30 9
              9 27
              27 28
              28 70
              ;
set F[247] := 30 31
              31 73
              ;
set F[248] := 30 31
              31 32
              32 74
              ;
set F[249] := 30 9
              9 8
              8 7
              7 5
              5 6
              6 4
              4 12
              12 3
              3 34
              34 76
              ;
set F[250] := 30 31
              31 16
              16 15
              15 14
              14 17
              17 36
              36 37
              37 79
              ;
set F[251] := 30 9
              9 8
              8 7
              7 5
              5 6
              6 4
              4 1
              1 2
              2 41
              41 83
              ;
set F[252] := 32 31
              31 30
              30 9
              9 8
              8 7
              7 5
              5 6
              6 4
              4 1
              1 43
              ;
set F[253] := 32 31
              31 30
              30 9
              9 8
              8 7
              7 5
              5 6
              6 4
              4 1
              1 2
              2 44
              ;
set F[254] := 32 31
              31 30
              30 9
              9 8
              8 7
              7 5
              5 6
              6 4
              4 12
              12 3
              3 45
              ;
set F[255] := 32 31
              31 30
              30 9
              9 8
              8 7
              7 5
              5 6
              6 4
              4 46
              ;
set F[256] := 32 31
              31 30
              30 9
              9 8
              8 7
              7 5
              5 47
              ;
set F[257] := 32 31
              31 30
              30 9
              9 8
              8 50
              ;
set F[258] := 32 31
              31 30
              30 9
              9 10
              10 52
              ;
set F[259] := 32 31
              31 30
              30 9
              9 8
              8 7
              7 5
              5 6
              6 4
              4 12
              12 54
              ;
set F[260] := 32 31
              31 16
              16 15
              15 14
              14 13
              13 55
              ;
set F[261] := 32 31
              31 16
              16 15
              15 14
              14 56
              ;
set F[262] := 32 31
              31 16
              16 15
              15 57
              ;
set F[263] := 32 31
              31 16
              16 58
              ;
set F[264] := 32 31
              31 16
              16 15
              15 14
              14 17
              17 59
              ;
set F[265] := 32 31
              31 30
              30 9
              9 10
              10 18
              18 60
              ;
set F[266] := 32 25
              25 26
              26 22
              22 28
              28 19
              19 61
              ;
set F[267] := 32 31
              31 21
              21 63
              ;
set F[268] := 32 25
              25 26
              26 22
              22 64
              ;
set F[269] := 32 31
              31 16
              16 15
              15 14
              14 23
              23 65
              ;
set F[270] := 32 25
              25 67
              ;
set F[271] := 32 25
              25 26
              26 22
              22 28
              28 70
              ;
set F[272] := 32 31
              31 73
              ;
set F[273] := 32 31
              31 30
              30 9
              9 8
              8 7
              7 5
              5 6
              6 4
              4 12
              12 3
              3 34
              34 76
              ;
set F[274] := 32 31
              31 16
              16 15
              15 14
              14 35
              35 77
              ;
set F[275] := 32 31
              31 16
              16 15
              15 14
              14 17
              17 36
              36 37
              37 79
              ;
set F[276] := 32 31
              31 16
              16 15
              15 14
              14 17
              17 36
              36 37
              37 38
              38 39
              39 41
              41 83
              ;
set F[277] := 32 31
              31 30
              30 9
              9 8
              8 7
              7 5
              5 6
              6 4
              4 12
              12 42
              42 84
              ;
set F[278] := 33 42
              42 12
              12 4
              4 1
              1 43
              ;
set F[279] := 33 42
              42 12
              12 4
              4 6
              6 5
              5 47
              ;
set F[280] := 33 42
              42 12
              12 4
              4 6
              6 5
              5 7
              7 8
              8 9
              9 10
              10 52
              ;
set F[281] := 33 42
              42 40
              40 41
              41 39
              39 38
              38 37
              37 36
              36 17
              17 14
              14 56
              ;
set F[282] := 33 42
              42 40
              40 41
              41 39
              39 38
              38 37
              37 36
              36 17
              17 14
              14 15
              15 57
              ;
set F[283] := 33 42
              42 40
              40 41
              41 39
              39 38
              38 37
              37 36
              36 17
              17 59
              ;
set F[284] := 33 42
              42 12
              12 4
              4 6
              6 5
              5 7
              7 8
              8 9
              9 27
              27 28
              28 19
              19 61
              ;
set F[285] := 33 42
              42 12
              12 4
              4 6
              6 5
              5 7
              7 8
              8 9
              9 30
              30 31
              31 73
              ;
set F[286] := 33 42
              42 12
              12 4
              4 6
              6 5
              5 7
              7 8
              8 9
              9 30
              30 31
              31 32
              32 74
              ;
set F[287] := 33 34
              34 76
              ;
set F[288] := 33 42
              42 40
              40 41
              41 39
              39 38
              38 37
              37 79
              ;
set F[289] := 33 42
              42 40
              40 41
              41 83
              ;
set F[290] := 35 14
              14 15
              15 16
              16 31
              31 30
              30 9
              9 8
              8 7
              7 5
              5 47
              ;
set F[291] := 35 14
              14 56
              ;
set F[292] := 35 14
              14 15
              15 16
              16 31
              31 73
              ;
set F[293] := 35 14
              14 17
              17 36
              36 37
              37 38
              38 39
              39 41
              41 83
              ;
set F[294] := 36 37
              37 38
              38 39
              39 41
              41 2
              2 1
              1 43
              ;
set F[295] := 36 37
              37 38
              38 39
              39 41
              41 2
              2 1
              1 4
              4 6
              6 5
              5 47
              ;
set F[296] := 36 17
              17 14
              14 56
              ;
set F[297] := 36 17
              17 14
              14 15
              15 16
              16 31
              31 30
              30 9
              9 27
              27 28
              28 19
              19 61
              ;
set F[298] := 36 17
              17 14
              14 15
              15 16
              16 31
              31 73
              ;
set F[299] := 36 17
              17 14
              14 15
              15 16
              16 31
              31 32
              32 74
              ;
set F[300] := 36 37
              37 38
              38 39
              39 41
              41 40
              40 42
              42 33
              33 34
              34 76
              ;
set F[301] := 36 37
              37 38
              38 39
              39 41
              41 83
              ;
set F[302] := 37 36
              36 17
              17 14
              14 56
              ;
set F[303] := 37 38
              38 39
              39 41
              41 83
              ;
set F[304] := 38 39
              39 41
              41 2
              2 1
              1 43
              ;
set F[305] := 38 39
              39 41
              41 2
              2 1
              1 4
              4 6
              6 5
              5 47
              ;
set F[306] := 38 37
              37 36
              36 17
              17 14
              14 15
              15 16
              16 31
              31 30
              30 9
              9 10
              10 52
              ;
set F[307] := 38 37
              37 36
              36 17
              17 14
              14 56
              ;
set F[308] := 38 37
              37 36
              36 17
              17 14
              14 15
              15 57
              ;
set F[309] := 38 37
              37 36
              36 17
              17 59
              ;
set F[310] := 38 37
              37 36
              36 17
              17 14
              14 15
              15 16
              16 31
              31 30
              30 9
              9 27
              27 28
              28 19
              19 61
              ;
set F[311] := 38 37
              37 36
              36 17
              17 14
              14 15
              15 16
              16 31
              31 73
              ;
set F[312] := 38 37
              37 36
              36 17
              17 14
              14 15
              15 16
              16 31
              31 32
              32 74
              ;
set F[313] := 38 39
              39 41
              41 40
              40 42
              42 33
              33 34
              34 76
              ;
set F[314] := 38 37
              37 79
              ;
set F[315] := 38 39
              39 41
              41 83
              ;
set F[316] := 39 38
              38 37
              37 36
              36 17
              17 14
              14 56
              ;
set F[317] := 41 2
              2 1
              1 43
              ;
set F[318] := 41 2
              2 1
              1 4
              4 6
              6 5
              5 47
              ;
set F[319] := 41 2
              2 1
              1 4
              4 6
              6 5
              5 7
              7 8
              8 9
              9 10
              10 52
              ;
set F[320] := 41 39
              39 38
              38 37
              37 36
              36 17
              17 14
              14 56
              ;
set F[321] := 41 39
              39 38
              38 37
              37 36
              36 17
              17 14
              14 15
              15 57
              ;
set F[322] := 41 39
              39 38
              38 37
              37 36
              36 17
              17 59
              ;
set F[323] := 41 2
              2 1
              1 4
              4 6
              6 5
              5 7
              7 8
              8 9
              9 27
              27 28
              28 19
              19 61
              ;
set F[324] := 41 39
              39 38
              38 37
              37 36
              36 17
              17 14
              14 15
              15 16
              16 31
              31 73
              ;
set F[325] := 41 39
              39 38
              38 37
              37 36
              36 17
              17 14
              14 15
              15 16
              16 31
              31 32
              32 74
              ;
set F[326] := 41 40
              40 42
              42 33
              33 34
              34 76
              ;
set F[327] := 41 39
              39 38
              38 37
              37 79
              ;
set F[328] := 42 12
              12 4
              4 1
              1 43
              ;
set F[329] := 42 40
              40 41
              41 2
              2 44
              ;
set F[330] := 42 12
              12 4
              4 6
              6 5
              5 47
              ;
set F[331] := 42 12
              12 4
              4 6
              6 5
              5 7
              7 8
              8 50
              ;
set F[332] := 42 12
              12 4
              4 6
              6 5
              5 7
              7 8
              8 9
              9 10
              10 52
              ;
set F[333] := 42 12
              12 54
              ;
set F[334] := 42 40
              40 41
              41 39
              39 38
              38 37
              37 36
              36 17
              17 14
              14 56
              ;
set F[335] := 42 40
              40 41
              41 39
              39 38
              38 37
              37 36
              36 17
              17 14
              14 15
              15 57
              ;
set F[336] := 42 40
              40 41
              41 39
              39 38
              38 37
              37 36
              36 17
              17 59
              ;
set F[337] := 42 12
              12 4
              4 6
              6 5
              5 7
              7 8
              8 9
              9 27
              27 28
              28 19
              19 61
              ;
set F[338] := 42 12
              12 4
              4 6
              6 5
              5 7
              7 8
              8 9
              9 27
              27 28
              28 22
              22 64
              ;
set F[339] := 42 12
              12 4
              4 6
              6 5
              5 7
              7 8
              8 9
              9 30
              30 31
              31 32
              32 25
              25 67
              ;
set F[340] := 42 12
              12 4
              4 6
              6 5
              5 7
              7 8
              8 9
              9 27
              27 28
              28 70
              ;
set F[341] := 42 12
              12 4
              4 6
              6 5
              5 7
              7 8
              8 9
              9 30
              30 31
              31 73
              ;
set F[342] := 42 12
              12 4
              4 6
              6 5
              5 7
              7 8
              8 9
              9 30
              30 31
              31 32
              32 74
              ;
set F[343] := 42 33
              33 34
              34 76
              ;
set F[344] := 42 40
              40 41
              41 39
              39 38
              38 37
              37 79
              ;
set F[345] := 42 40
              40 41
              41 83
              ;
set Last[1] := 2 44;
set Last[2] := 3 45;
set Last[3] := 5 47;
set Last[4] := 8 50;
set Last[5] := 10 52;
set Last[6] := 12 54;
set Last[7] := 13 55;
set Last[8] := 14 56;
set Last[9] := 15 57;
set Last[10] := 16 58;
set Last[11] := 17 59;
set Last[12] := 18 60;
set Last[13] := 19 61;
set Last[14] := 21 63;
set Last[15] := 22 64;
set Last[16] := 25 67;
set Last[17] := 28 70;
set Last[18] := 31 73;
set Last[19] := 32 74;
set Last[20] := 34 76;
set Last[21] := 35 77;
set Last[22] := 37 79;
set Last[23] := 41 83;
set Last[24] := 42 84;
set Last[25] := 1 43;
set Last[26] := 5 47;
set Last[27] := 10 52;
set Last[28] := 14 56;
set Last[29] := 15 57;
set Last[30] := 17 59;
set Last[31] := 19 61;
set Last[32] := 31 73;
set Last[33] := 32 74;
set Last[34] := 34 76;
set Last[35] := 41 83;
set Last[36] := 1 43;
set Last[37] := 2 44;
set Last[38] := 5 47;
set Last[39] := 8 50;
set Last[40] := 10 52;
set Last[41] := 12 54;
set Last[42] := 14 56;
set Last[43] := 15 57;
set Last[44] := 17 59;
set Last[45] := 19 61;
set Last[46] := 22 64;
set Last[47] := 25 67;
set Last[48] := 28 70;
set Last[49] := 31 73;
set Last[50] := 32 74;
set Last[51] := 34 76;
set Last[52] := 37 79;
set Last[53] := 41 83;
set Last[54] := 14 56;
set Last[55] := 41 83;
set Last[56] := 1 43;
set Last[57] := 2 44;
set Last[58] := 8 50;
set Last[59] := 10 52;
set Last[60] := 12 54;
set Last[61] := 14 56;
set Last[62] := 15 57;
set Last[63] := 17 59;
set Last[64] := 19 61;
set Last[65] := 22 64;
set Last[66] := 31 73;
set Last[67] := 32 74;
set Last[68] := 34 76;
set Last[69] := 37 79;
set Last[70] := 41 83;
set Last[71] := 1 43;
set Last[72] := 2 44;
set Last[73] := 3 45;
set Last[74] := 4 46;
set Last[75] := 5 47;
set Last[76] := 8 50;
set Last[77] := 10 52;
set Last[78] := 12 54;
set Last[79] := 13 55;
set Last[80] := 14 56;
set Last[81] := 15 57;
set Last[82] := 16 58;
set Last[83] := 17 59;
set Last[84] := 18 60;
set Last[85] := 19 61;
set Last[86] := 21 63;
set Last[87] := 22 64;
set Last[88] := 25 67;
set Last[89] := 28 70;
set Last[90] := 31 73;
set Last[91] := 32 74;
set Last[92] := 34 76;
set Last[93] := 35 77;
set Last[94] := 37 79;
set Last[95] := 41 83;
set Last[96] := 42 84;
set Last[97] := 1 43;
set Last[98] := 5 47;
set Last[99] := 14 56;
set Last[100] := 19 61;
set Last[101] := 31 73;
set Last[102] := 32 74;
set Last[103] := 34 76;
set Last[104] := 41 83;
set Last[105] := 14 56;
set Last[106] := 41 83;
set Last[107] := 1 43;
set Last[108] := 5 47;
set Last[109] := 12 54;
set Last[110] := 14 56;
set Last[111] := 15 57;
set Last[112] := 17 59;
set Last[113] := 19 61;
set Last[114] := 31 73;
set Last[115] := 32 74;
set Last[116] := 34 76;
set Last[117] := 37 79;
set Last[118] := 41 83;
set Last[119] := 1 43;
set Last[120] := 2 44;
set Last[121] := 5 47;
set Last[122] := 8 50;
set Last[123] := 10 52;
set Last[124] := 14 56;
set Last[125] := 15 57;
set Last[126] := 17 59;
set Last[127] := 19 61;
set Last[128] := 22 64;
set Last[129] := 25 67;
set Last[130] := 28 70;
set Last[131] := 31 73;
set Last[132] := 32 74;
set Last[133] := 34 76;
set Last[134] := 37 79;
set Last[135] := 41 83;
set Last[136] := 1 43;
set Last[137] := 2 44;
set Last[138] := 3 45;
set Last[139] := 4 46;
set Last[140] := 5 47;
set Last[141] := 6 48;
set Last[142] := 8 50;
set Last[143] := 9 51;
set Last[144] := 10 52;
set Last[145] := 11 53;
set Last[146] := 12 54;
set Last[147] := 13 55;
set Last[148] := 15 57;
set Last[149] := 16 58;
set Last[150] := 17 59;
set Last[151] := 18 60;
set Last[152] := 19 61;
set Last[153] := 20 62;
set Last[154] := 21 63;
set Last[155] := 22 64;
set Last[156] := 23 65;
set Last[157] := 24 66;
set Last[158] := 25 67;
set Last[159] := 27 69;
set Last[160] := 28 70;
set Last[161] := 30 72;
set Last[162] := 31 73;
set Last[163] := 32 74;
set Last[164] := 34 76;
set Last[165] := 35 77;
set Last[166] := 36 78;
set Last[167] := 37 79;
set Last[168] := 39 81;
set Last[169] := 41 83;
set Last[170] := 42 84;
set Last[171] := 14 56;
set Last[172] := 31 73;
set Last[173] := 41 83;
set Last[174] := 1 43;
set Last[175] := 5 47;
set Last[176] := 14 56;
set Last[177] := 19 61;
set Last[178] := 31 73;
set Last[179] := 32 74;
set Last[180] := 34 76;
set Last[181] := 41 83;
set Last[182] := 1 43;
set Last[183] := 2 44;
set Last[184] := 5 47;
set Last[185] := 8 50;
set Last[186] := 10 52;
set Last[187] := 12 54;
set Last[188] := 14 56;
set Last[189] := 15 57;
set Last[190] := 17 59;
set Last[191] := 22 64;
set Last[192] := 25 67;
set Last[193] := 28 70;
set Last[194] := 31 73;
set Last[195] := 32 74;
set Last[196] := 34 76;
set Last[197] := 37 79;
set Last[198] := 41 83;
set Last[199] := 1 43;
set Last[200] := 2 44;
set Last[201] := 5 47;
set Last[202] := 8 50;
set Last[203] := 10 52;
set Last[204] := 12 54;
set Last[205] := 14 56;
set Last[206] := 15 57;
set Last[207] := 17 59;
set Last[208] := 19 61;
set Last[209] := 31 73;
set Last[210] := 32 74;
set Last[211] := 34 76;
set Last[212] := 37 79;
set Last[213] := 41 83;
set Last[214] := 14 56;
set Last[215] := 41 83;
set Last[216] := 1 43;
set Last[217] := 2 44;
set Last[218] := 5 47;
set Last[219] := 8 50;
set Last[220] := 10 52;
set Last[221] := 12 54;
set Last[222] := 14 56;
set Last[223] := 15 57;
set Last[224] := 17 59;
set Last[225] := 19 61;
set Last[226] := 22 64;
set Last[227] := 31 73;
set Last[228] := 32 74;
set Last[229] := 34 76;
set Last[230] := 37 79;
set Last[231] := 41 83;
set Last[232] := 14 56;
set Last[233] := 41 83;
set Last[234] := 1 43;
set Last[235] := 2 44;
set Last[236] := 5 47;
set Last[237] := 8 50;
set Last[238] := 10 52;
set Last[239] := 12 54;
set Last[240] := 14 56;
set Last[241] := 15 57;
set Last[242] := 17 59;
set Last[243] := 19 61;
set Last[244] := 22 64;
set Last[245] := 25 67;
set Last[246] := 28 70;
set Last[247] := 31 73;
set Last[248] := 32 74;
set Last[249] := 34 76;
set Last[250] := 37 79;
set Last[251] := 41 83;
set Last[252] := 1 43;
set Last[253] := 2 44;
set Last[254] := 3 45;
set Last[255] := 4 46;
set Last[256] := 5 47;
set Last[257] := 8 50;
set Last[258] := 10 52;
set Last[259] := 12 54;
set Last[260] := 13 55;
set Last[261] := 14 56;
set Last[262] := 15 57;
set Last[263] := 16 58;
set Last[264] := 17 59;
set Last[265] := 18 60;
set Last[266] := 19 61;
set Last[267] := 21 63;
set Last[268] := 22 64;
set Last[269] := 23 65;
set Last[270] := 25 67;
set Last[271] := 28 70;
set Last[272] := 31 73;
set Last[273] := 34 76;
set Last[274] := 35 77;
set Last[275] := 37 79;
set Last[276] := 41 83;
set Last[277] := 42 84;
set Last[278] := 1 43;
set Last[279] := 5 47;
set Last[280] := 10 52;
set Last[281] := 14 56;
set Last[282] := 15 57;
set Last[283] := 17 59;
set Last[284] := 19 61;
set Last[285] := 31 73;
set Last[286] := 32 74;
set Last[287] := 34 76;
set Last[288] := 37 79;
set Last[289] := 41 83;
set Last[290] := 5 47;
set Last[291] := 14 56;
set Last[292] := 31 73;
set Last[293] := 41 83;
set Last[294] := 1 43;
set Last[295] := 5 47;
set Last[296] := 14 56;
set Last[297] := 19 61;
set Last[298] := 31 73;
set Last[299] := 32 74;
set Last[300] := 34 76;
set Last[301] := 41 83;
set Last[302] := 14 56;
set Last[303] := 41 83;
set Last[304] := 1 43;
set Last[305] := 5 47;
set Last[306] := 10 52;
set Last[307] := 14 56;
set Last[308] := 15 57;
set Last[309] := 17 59;
set Last[310] := 19 61;
set Last[311] := 31 73;
set Last[312] := 32 74;
set Last[313] := 34 76;
set Last[314] := 37 79;
set Last[315] := 41 83;
set Last[316] := 14 56;
set Last[317] := 1 43;
set Last[318] := 5 47;
set Last[319] := 10 52;
set Last[320] := 14 56;
set Last[321] := 15 57;
set Last[322] := 17 59;
set Last[323] := 19 61;
set Last[324] := 31 73;
set Last[325] := 32 74;
set Last[326] := 34 76;
set Last[327] := 37 79;
set Last[328] := 1 43;
set Last[329] := 2 44;
set Last[330] := 5 47;
set Last[331] := 8 50;
set Last[332] := 10 52;
set Last[333] := 12 54;
set Last[334] := 14 56;
set Last[335] := 15 57;
set Last[336] := 17 59;
set Last[337] := 19 61;
set Last[338] := 22 64;
set Last[339] := 25 67;
set Last[340] := 28 70;
set Last[341] := 31 73;
set Last[342] := 32 74;
set Last[343] := 34 76;
set Last[344] := 37 79;
set Last[345] := 41 83;

param q := 5;

end;
