data;

set V := 1 2 3 4 5 6 7 8 9 10 11 12 13 14 15 16 17 18 19 20 21 22 25 26 27 29 30 31 33 34 35 36 37 38 39 40;

set A := 1 7
         1 12
         1 21
         2 8
         2 12
         2 22
         3 4
         3 12
         4 1
         5 6
         5 7
         5 25
         6 5
         6 9
         6 26
         7 1
         7 5
         7 27
         8 2
         8 10
         9 6
         9 10
         9 29
         10 8
         10 9
         10 30
         11 19
         11 20
         11 31
         12 1
         12 2
         12 16
         12 19
         13 14
         13 18
         13 33
         14 13
         14 15
         14 34
         15 14
         15 16
         15 17
         15 35
         16 12
         16 15
         16 36
         17 15
         17 16
         17 18
         17 37
         18 13
         18 17
         18 19
         18 20
         18 38
         19 11
         19 12
         19 18
         19 20
         19 39
         20 18
         20 19
         20 40
         ;

set S := 1 2 3 4 5 6 7 8 9 10 11 12 13 14 15 16 17 18 19 20 21 22 23 24 25 26 27 28 29 30 31 32 33 34 35 36 37 38 39 40 41 42 43 44 45 46 47 48 49 50 51 52 53 54 55 56 57 58 59 60 61 62 63 64 65 66 67 68 69 70 71 72 73 74 75 76 77 78 79 80 81 82 83 84 85 86 87 88 89 90 91 92 93 94 95 96 97 98 99 100 101 102 103 104 105 106 107 108 109 110 111 112 113 114 115 116 117 118 119 120 121 122 123 124 125 126 127 128 129 130 131 132 133 134 135 136 137 138 139 140 141 142 143 144 145 146 147 148 149 150 151 152;

set F[1] := 1 12
            12 2
            2 22
            ;
set F[2] := 1 7
            7 5
            5 6
            6 26
            ;
set F[3] := 1 7
            7 27
            ;
set F[4] := 1 7
            7 5
            5 6
            6 9
            9 29
            ;
set F[5] := 1 12
            12 2
            2 8
            8 10
            10 30
            ;
set F[6] := 1 12
            12 16
            16 15
            15 14
            14 34
            ;
set F[7] := 1 12
            12 16
            16 15
            15 35
            ;
set F[8] := 1 12
            12 16
            16 36
            ;
set F[9] := 1 12
            12 19
            19 20
            20 40
            ;
set F[10] := 2 12
             12 1
             1 21
             ;
set F[11] := 2 8
             8 10
             10 9
             9 6
             6 26
             ;
set F[12] := 2 12
             12 1
             1 7
             7 27
             ;
set F[13] := 2 8
             8 10
             10 9
             9 29
             ;
set F[14] := 2 8
             8 10
             10 30
             ;
set F[15] := 2 12
             12 16
             16 15
             15 14
             14 34
             ;
set F[16] := 2 12
             12 16
             16 15
             15 35
             ;
set F[17] := 2 12
             12 16
             16 36
             ;
set F[18] := 2 12
             12 19
             19 20
             20 40
             ;
set F[19] := 3 4
             4 1
             1 21
             ;
set F[20] := 3 12
             12 2
             2 22
             ;
set F[21] := 3 4
             4 1
             1 7
             7 5
             5 6
             6 26
             ;
set F[22] := 3 4
             4 1
             1 7
             7 27
             ;
set F[23] := 3 12
             12 2
             2 8
             8 10
             10 9
             9 29
             ;
set F[24] := 3 12
             12 2
             2 8
             8 10
             10 30
             ;
set F[25] := 3 12
             12 19
             19 11
             11 31
             ;
set F[26] := 3 12
             12 19
             19 18
             18 13
             13 33
             ;
set F[27] := 3 12
             12 16
             16 15
             15 14
             14 34
             ;
set F[28] := 3 12
             12 16
             16 15
             15 35
             ;
set F[29] := 3 12
             12 16
             16 36
             ;
set F[30] := 3 12
             12 19
             19 20
             20 40
             ;
set F[31] := 4 1
             1 21
             ;
set F[32] := 4 1
             1 12
             12 16
             16 15
             15 35
             ;
set F[33] := 4 1
             1 12
             12 19
             19 20
             20 40
             ;
set F[34] := 7 1
             1 21
             ;
set F[35] := 7 1
             1 12
             12 2
             2 22
             ;
set F[36] := 7 5
             5 6
             6 26
             ;
set F[37] := 7 5
             5 6
             6 9
             9 29
             ;
set F[38] := 7 5
             5 6
             6 9
             9 10
             10 30
             ;
set F[39] := 7 1
             1 12
             12 16
             16 15
             15 14
             14 34
             ;
set F[40] := 7 1
             1 12
             12 16
             16 15
             15 35
             ;
set F[41] := 7 1
             1 12
             12 16
             16 36
             ;
set F[42] := 7 1
             1 12
             12 19
             19 20
             20 40
             ;
set F[43] := 9 6
             6 5
             5 7
             7 1
             1 21
             ;
set F[44] := 9 10
             10 8
             8 2
             2 22
             ;
set F[45] := 9 6
             6 26
             ;
set F[46] := 9 6
             6 5
             5 7
             7 27
             ;
set F[47] := 9 10
             10 30
             ;
set F[48] := 9 10
             10 8
             8 2
             2 12
             12 19
             19 11
             11 31
             ;
set F[49] := 9 10
             10 8
             8 2
             2 12
             12 19
             19 18
             18 13
             13 33
             ;
set F[50] := 9 10
             10 8
             8 2
             2 12
             12 16
             16 15
             15 14
             14 34
             ;
set F[51] := 9 10
             10 8
             8 2
             2 12
             12 16
             16 15
             15 35
             ;
set F[52] := 9 10
             10 8
             8 2
             2 12
             12 16
             16 36
             ;
set F[53] := 9 10
             10 8
             8 2
             2 12
             12 19
             19 39
             ;
set F[54] := 9 10
             10 8
             8 2
             2 12
             12 19
             19 20
             20 40
             ;
set F[55] := 11 19
             19 12
             12 1
             1 21
             ;
set F[56] := 11 19
             19 12
             12 2
             2 22
             ;
set F[57] := 11 19
             19 12
             12 1
             1 7
             7 5
             5 6
             6 26
             ;
set F[58] := 11 19
             19 12
             12 1
             1 7
             7 27
             ;
set F[59] := 11 19
             19 12
             12 2
             2 8
             8 10
             10 30
             ;
set F[60] := 11 19
             19 18
             18 13
             13 14
             14 34
             ;
set F[61] := 11 19
             19 12
             12 16
             16 15
             15 35
             ;
set F[62] := 11 19
             19 12
             12 16
             16 36
             ;
set F[63] := 11 20
             20 40
             ;
set F[64] := 12 1
             1 21
             ;
set F[65] := 12 2
             2 22
             ;
set F[66] := 12 1
             1 7
             7 5
             5 25
             ;
set F[67] := 12 1
             1 7
             7 5
             5 6
             6 26
             ;
set F[68] := 12 1
             1 7
             7 27
             ;
set F[69] := 12 2
             2 8
             8 10
             10 9
             9 29
             ;
set F[70] := 12 2
             2 8
             8 10
             10 30
             ;
set F[71] := 12 19
             19 11
             11 31
             ;
set F[72] := 12 19
             19 18
             18 13
             13 33
             ;
set F[73] := 12 16
             16 15
             15 14
             14 34
             ;
set F[74] := 12 16
             16 15
             15 35
             ;
set F[75] := 12 16
             16 36
             ;
set F[76] := 12 19
             19 39
             ;
set F[77] := 12 19
             19 20
             20 40
             ;
set F[78] := 13 18
             18 19
             19 12
             12 1
             1 21
             ;
set F[79] := 13 18
             18 19
             19 12
             12 2
             2 22
             ;
set F[80] := 13 18
             18 19
             19 12
             12 1
             1 7
             7 5
             5 6
             6 26
             ;
set F[81] := 13 18
             18 19
             19 12
             12 1
             1 7
             7 27
             ;
set F[82] := 13 14
             14 15
             15 35
             ;
set F[83] := 13 18
             18 17
             17 16
             16 36
             ;
set F[84] := 13 18
             18 20
             20 40
             ;
set F[85] := 14 15
             15 16
             16 12
             12 1
             1 21
             ;
set F[86] := 14 15
             15 16
             16 12
             12 1
             1 7
             7 5
             5 6
             6 26
             ;
set F[87] := 14 15
             15 35
             ;
set F[88] := 14 13
             13 18
             18 20
             20 40
             ;
set F[89] := 15 16
             16 12
             12 1
             1 21
             ;
set F[90] := 15 16
             16 12
             12 2
             2 22
             ;
set F[91] := 15 16
             16 12
             12 1
             1 7
             7 5
             5 25
             ;
set F[92] := 15 16
             16 12
             12 1
             1 7
             7 5
             5 6
             6 26
             ;
set F[93] := 15 16
             16 12
             12 1
             1 7
             7 27
             ;
set F[94] := 15 16
             16 12
             12 2
             2 8
             8 10
             10 9
             9 29
             ;
set F[95] := 15 16
             16 12
             12 2
             2 8
             8 10
             10 30
             ;
set F[96] := 15 17
             17 18
             18 19
             19 11
             11 31
             ;
set F[97] := 15 14
             14 13
             13 33
             ;
set F[98] := 15 14
             14 34
             ;
set F[99] := 15 16
             16 36
             ;
set F[100] := 15 17
              17 18
              18 19
              19 39
              ;
set F[101] := 15 17
              17 18
              18 20
              20 40
              ;
set F[102] := 16 12
              12 1
              1 21
              ;
set F[103] := 16 12
              12 2
              2 22
              ;
set F[104] := 16 12
              12 1
              1 7
              7 5
              5 25
              ;
set F[105] := 16 12
              12 1
              1 7
              7 5
              5 6
              6 26
              ;
set F[106] := 16 12
              12 1
              1 7
              7 27
              ;
set F[107] := 16 12
              12 2
              2 8
              8 10
              10 9
              9 29
              ;
set F[108] := 16 12
              12 2
              2 8
              8 10
              10 30
              ;
set F[109] := 16 12
              12 19
              19 11
              11 31
              ;
set F[110] := 16 15
              15 14
              14 13
              13 33
              ;
set F[111] := 16 15
              15 14
              14 34
              ;
set F[112] := 16 15
              15 35
              ;
set F[113] := 16 12
              12 19
              19 39
              ;
set F[114] := 16 12
              12 19
              19 20
              20 40
              ;
set F[115] := 18 19
              19 12
              12 1
              1 21
              ;
set F[116] := 18 19
              19 12
              12 2
              2 22
              ;
set F[117] := 18 19
              19 12
              12 1
              1 7
              7 5
              5 25
              ;
set F[118] := 18 19
              19 12
              12 1
              1 7
              7 5
              5 6
              6 26
              ;
set F[119] := 18 19
              19 12
              12 1
              1 7
              7 27
              ;
set F[120] := 18 19
              19 12
              12 2
              2 8
              8 10
              10 9
              9 29
              ;
set F[121] := 18 19
              19 12
              12 2
              2 8
              8 10
              10 30
              ;
set F[122] := 18 19
              19 11
              11 31
              ;
set F[123] := 18 13
              13 33
              ;
set F[124] := 18 13
              13 14
              14 34
              ;
set F[125] := 18 17
              17 15
              15 35
              ;
set F[126] := 18 17
              17 16
              16 36
              ;
set F[127] := 18 19
              19 39
              ;
set F[128] := 18 20
              20 40
              ;
set F[129] := 19 12
              12 1
              1 21
              ;
set F[130] := 19 12
              12 2
              2 22
              ;
set F[131] := 19 12
              12 1
              1 7
              7 5
              5 25
              ;
set F[132] := 19 12
              12 1
              1 7
              7 5
              5 6
              6 26
              ;
set F[133] := 19 12
              12 1
              1 7
              7 27
              ;
set F[134] := 19 12
              12 2
              2 8
              8 10
              10 9
              9 29
              ;
set F[135] := 19 12
              12 2
              2 8
              8 10
              10 30
              ;
set F[136] := 19 11
              11 31
              ;
set F[137] := 19 18
              18 13
              13 33
              ;
set F[138] := 19 18
              18 13
              13 14
              14 34
              ;
set F[139] := 19 12
              12 16
              16 15
              15 35
              ;
set F[140] := 19 12
              12 16
              16 36
              ;
set F[141] := 19 18
              18 17
              17 37
              ;
set F[142] := 19 18
              18 38
              ;
set F[143] := 19 20
              20 40
              ;
set F[144] := 20 19
              19 12
              12 1
              1 21
              ;
set F[145] := 20 19
              19 12
              12 2
              2 22
              ;
set F[146] := 20 19
              19 12
              12 1
              1 7
              7 5
              5 6
              6 26
              ;
set F[147] := 20 19
              19 12
              12 1
              1 7
              7 27
              ;
set F[148] := 20 19
              19 12
              12 2
              2 8
              8 10
              10 9
              9 29
              ;
set F[149] := 20 19
              19 12
              12 2
              2 8
              8 10
              10 30
              ;
set F[150] := 20 18
              18 13
              13 14
              14 34
              ;
set F[151] := 20 18
              18 17
              17 15
              15 35
              ;
set F[152] := 20 18
              18 17
              17 16
              16 36
              ;
set Last[1] := 2 22;
set Last[2] := 6 26;
set Last[3] := 7 27;
set Last[4] := 9 29;
set Last[5] := 10 30;
set Last[6] := 14 34;
set Last[7] := 15 35;
set Last[8] := 16 36;
set Last[9] := 20 40;
set Last[10] := 1 21;
set Last[11] := 6 26;
set Last[12] := 7 27;
set Last[13] := 9 29;
set Last[14] := 10 30;
set Last[15] := 14 34;
set Last[16] := 15 35;
set Last[17] := 16 36;
set Last[18] := 20 40;
set Last[19] := 1 21;
set Last[20] := 2 22;
set Last[21] := 6 26;
set Last[22] := 7 27;
set Last[23] := 9 29;
set Last[24] := 10 30;
set Last[25] := 11 31;
set Last[26] := 13 33;
set Last[27] := 14 34;
set Last[28] := 15 35;
set Last[29] := 16 36;
set Last[30] := 20 40;
set Last[31] := 1 21;
set Last[32] := 15 35;
set Last[33] := 20 40;
set Last[34] := 1 21;
set Last[35] := 2 22;
set Last[36] := 6 26;
set Last[37] := 9 29;
set Last[38] := 10 30;
set Last[39] := 14 34;
set Last[40] := 15 35;
set Last[41] := 16 36;
set Last[42] := 20 40;
set Last[43] := 1 21;
set Last[44] := 2 22;
set Last[45] := 6 26;
set Last[46] := 7 27;
set Last[47] := 10 30;
set Last[48] := 11 31;
set Last[49] := 13 33;
set Last[50] := 14 34;
set Last[51] := 15 35;
set Last[52] := 16 36;
set Last[53] := 19 39;
set Last[54] := 20 40;
set Last[55] := 1 21;
set Last[56] := 2 22;
set Last[57] := 6 26;
set Last[58] := 7 27;
set Last[59] := 10 30;
set Last[60] := 14 34;
set Last[61] := 15 35;
set Last[62] := 16 36;
set Last[63] := 20 40;
set Last[64] := 1 21;
set Last[65] := 2 22;
set Last[66] := 5 25;
set Last[67] := 6 26;
set Last[68] := 7 27;
set Last[69] := 9 29;
set Last[70] := 10 30;
set Last[71] := 11 31;
set Last[72] := 13 33;
set Last[73] := 14 34;
set Last[74] := 15 35;
set Last[75] := 16 36;
set Last[76] := 19 39;
set Last[77] := 20 40;
set Last[78] := 1 21;
set Last[79] := 2 22;
set Last[80] := 6 26;
set Last[81] := 7 27;
set Last[82] := 15 35;
set Last[83] := 16 36;
set Last[84] := 20 40;
set Last[85] := 1 21;
set Last[86] := 6 26;
set Last[87] := 15 35;
set Last[88] := 20 40;
set Last[89] := 1 21;
set Last[90] := 2 22;
set Last[91] := 5 25;
set Last[92] := 6 26;
set Last[93] := 7 27;
set Last[94] := 9 29;
set Last[95] := 10 30;
set Last[96] := 11 31;
set Last[97] := 13 33;
set Last[98] := 14 34;
set Last[99] := 16 36;
set Last[100] := 19 39;
set Last[101] := 20 40;
set Last[102] := 1 21;
set Last[103] := 2 22;
set Last[104] := 5 25;
set Last[105] := 6 26;
set Last[106] := 7 27;
set Last[107] := 9 29;
set Last[108] := 10 30;
set Last[109] := 11 31;
set Last[110] := 13 33;
set Last[111] := 14 34;
set Last[112] := 15 35;
set Last[113] := 19 39;
set Last[114] := 20 40;
set Last[115] := 1 21;
set Last[116] := 2 22;
set Last[117] := 5 25;
set Last[118] := 6 26;
set Last[119] := 7 27;
set Last[120] := 9 29;
set Last[121] := 10 30;
set Last[122] := 11 31;
set Last[123] := 13 33;
set Last[124] := 14 34;
set Last[125] := 15 35;
set Last[126] := 16 36;
set Last[127] := 19 39;
set Last[128] := 20 40;
set Last[129] := 1 21;
set Last[130] := 2 22;
set Last[131] := 5 25;
set Last[132] := 6 26;
set Last[133] := 7 27;
set Last[134] := 9 29;
set Last[135] := 10 30;
set Last[136] := 11 31;
set Last[137] := 13 33;
set Last[138] := 14 34;
set Last[139] := 15 35;
set Last[140] := 16 36;
set Last[141] := 17 37;
set Last[142] := 18 38;
set Last[143] := 20 40;
set Last[144] := 1 21;
set Last[145] := 2 22;
set Last[146] := 6 26;
set Last[147] := 7 27;
set Last[148] := 9 29;
set Last[149] := 10 30;
set Last[150] := 14 34;
set Last[151] := 15 35;
set Last[152] := 16 36;

param q := 5;

end;
