data;

set V := 1 2 3 4 5 6 7 8 9 10 11 12 13 14 15 16 17 18 19 20 22 23 24 25 26 27 28 29 31 32 36 37 38 39 40 41 42 43 44 46 47 48;

set A := 1 25
         2 3
         2 4
         2 5
         2 26
         3 2
         3 4
         3 16
         3 27
         4 1
         4 2
         4 3
         4 28
         5 2
         5 6
         5 29
         6 5
         6 9
         7 8
         7 13
         7 31
         8 7
         8 24
         8 32
         9 6
         9 10
         10 9
         10 14
         11 13
         12 36
         13 7
         13 12
         13 14
         13 37
         14 10
         14 13
         14 38
         15 16
         15 20
         15 23
         15 39
         16 3
         16 15
         16 40
         17 18
         17 41
         18 42
         19 17
         19 20
         19 43
         20 15
         20 19
         20 44
         22 46
         23 15
         23 22
         23 24
         23 47
         24 8
         24 23
         24 48
         ;

set S := 1 2 3 4 5 6 7 8 9 10 11 12 13 14 15 16 17 18 19 20 21 22 23 24 25 26 27 28 29 30 31 32 33 34 35 36 37 38 39 40 41 42 43 44 45 46 47 48 49 50 51 52 53 54 55 56 57 58 59 60 61 62 63 64 65 66 67 68 69 70 71 72 73 74 75 76 77 78 79 80 81 82 83 84 85 86 87 88 89 90 91 92 93 94 95 96 97 98 99 100 101 102 103 104 105 106 107 108 109 110 111;

set F[1] := 2 3
            3 27
            ;
set F[2] := 2 4
            4 28
            ;
set F[3] := 2 5
            5 29
            ;
set F[4] := 2 3
            3 16
            16 15
            15 23
            23 24
            24 8
            8 7
            7 31
            ;
set F[5] := 2 3
            3 16
            16 15
            15 23
            23 24
            24 8
            8 32
            ;
set F[6] := 2 5
            5 6
            6 9
            9 10
            10 14
            14 38
            ;
set F[7] := 2 3
            3 16
            16 15
            15 39
            ;
set F[8] := 2 3
            3 16
            16 15
            15 20
            20 19
            19 43
            ;
set F[9] := 2 3
            3 16
            16 15
            15 23
            23 24
            24 48
            ;
set F[10] := 3 4
             4 28
             ;
set F[11] := 3 2
             2 5
             5 29
             ;
set F[12] := 3 16
             16 15
             15 23
             23 24
             24 8
             8 7
             7 31
             ;
set F[13] := 3 16
             16 15
             15 23
             23 24
             24 8
             8 32
             ;
set F[14] := 3 2
             2 5
             5 6
             6 9
             9 10
             10 14
             14 13
             13 37
             ;
set F[15] := 3 2
             2 5
             5 6
             6 9
             9 10
             10 14
             14 38
             ;
set F[16] := 3 16
             16 15
             15 39
             ;
set F[17] := 3 16
             16 40
             ;
set F[18] := 3 16
             16 15
             15 20
             20 19
             19 43
             ;
set F[19] := 3 16
             16 15
             15 20
             20 44
             ;
set F[20] := 3 16
             16 15
             15 23
             23 47
             ;
set F[21] := 3 16
             16 15
             15 23
             23 24
             24 48
             ;
set F[22] := 4 3
             3 27
             ;
set F[23] := 4 2
             2 5
             5 29
             ;
set F[24] := 4 3
             3 16
             16 15
             15 23
             23 24
             24 8
             8 7
             7 31
             ;
set F[25] := 4 3
             3 16
             16 15
             15 23
             23 24
             24 8
             8 32
             ;
set F[26] := 4 2
             2 5
             5 6
             6 9
             9 10
             10 14
             14 13
             13 37
             ;
set F[27] := 4 2
             2 5
             5 6
             6 9
             9 10
             10 14
             14 38
             ;
set F[28] := 4 3
             3 16
             16 15
             15 39
             ;
set F[29] := 4 3
             3 16
             16 40
             ;
set F[30] := 4 3
             3 16
             16 15
             15 20
             20 19
             19 43
             ;
set F[31] := 4 3
             3 16
             16 15
             15 20
             20 44
             ;
set F[32] := 4 3
             3 16
             16 15
             15 23
             23 47
             ;
set F[33] := 4 3
             3 16
             16 15
             15 23
             23 24
             24 48
             ;
set F[34] := 5 2
             2 3
             3 27
             ;
set F[35] := 5 2
             2 4
             4 28
             ;
set F[36] := 5 2
             2 3
             3 16
             16 15
             15 23
             23 24
             24 8
             8 32
             ;
set F[37] := 5 6
             6 9
             9 10
             10 14
             14 38
             ;
set F[38] := 5 2
             2 3
             3 16
             16 15
             15 39
             ;
set F[39] := 5 2
             2 3
             3 16
             16 15
             15 20
             20 19
             19 43
             ;
set F[40] := 5 2
             2 3
             3 16
             16 15
             15 23
             23 24
             24 48
             ;
set F[41] := 7 8
             8 24
             24 23
             23 15
             15 16
             16 3
             3 27
             ;
set F[42] := 7 8
             8 24
             24 23
             23 15
             15 16
             16 3
             3 4
             4 28
             ;
set F[43] := 7 13
             13 14
             14 10
             10 9
             9 6
             6 5
             5 29
             ;
set F[44] := 7 8
             8 32
             ;
set F[45] := 7 13
             13 14
             14 38
             ;
set F[46] := 7 8
             8 24
             24 23
             23 15
             15 39
             ;
set F[47] := 7 8
             8 24
             24 23
             23 15
             15 20
             20 19
             19 43
             ;
set F[48] := 7 8
             8 24
             24 48
             ;
set F[49] := 10 9
             9 6
             6 5
             5 2
             2 3
             3 27
             ;
set F[50] := 10 9
             9 6
             6 5
             5 2
             2 3
             3 16
             16 15
             15 39
             ;
set F[51] := 11 13
             13 7
             7 8
             8 24
             24 23
             23 15
             15 16
             16 3
             3 27
             ;
set F[52] := 11 13
             13 7
             7 8
             8 24
             24 23
             23 15
             15 39
             ;
set F[53] := 13 14
             14 10
             10 9
             9 6
             6 5
             5 2
             2 4
             4 1
             1 25
             ;
set F[54] := 13 14
             14 10
             10 9
             9 6
             6 5
             5 2
             2 26
             ;
set F[55] := 13 7
             7 8
             8 24
             24 23
             23 15
             15 16
             16 3
             3 27
             ;
set F[56] := 13 14
             14 10
             10 9
             9 6
             6 5
             5 2
             2 4
             4 28
             ;
set F[57] := 13 14
             14 10
             10 9
             9 6
             6 5
             5 29
             ;
set F[58] := 13 7
             7 31
             ;
set F[59] := 13 7
             7 8
             8 32
             ;
set F[60] := 13 12
             12 36
             ;
set F[61] := 13 14
             14 38
             ;
set F[62] := 13 7
             7 8
             8 24
             24 23
             23 15
             15 39
             ;
set F[63] := 13 7
             7 8
             8 24
             24 23
             23 15
             15 16
             16 40
             ;
set F[64] := 13 7
             7 8
             8 24
             24 23
             23 15
             15 20
             20 19
             19 17
             17 41
             ;
set F[65] := 13 7
             7 8
             8 24
             24 23
             23 15
             15 20
             20 19
             19 17
             17 18
             18 42
             ;
set F[66] := 13 7
             7 8
             8 24
             24 23
             23 15
             15 20
             20 19
             19 43
             ;
set F[67] := 13 7
             7 8
             8 24
             24 23
             23 15
             15 20
             20 44
             ;
set F[68] := 13 7
             7 8
             8 24
             24 23
             23 22
             22 46
             ;
set F[69] := 13 7
             7 8
             8 24
             24 23
             23 47
             ;
set F[70] := 13 7
             7 8
             8 24
             24 48
             ;
set F[71] := 14 10
             10 9
             9 6
             6 5
             5 2
             2 3
             3 27
             ;
set F[72] := 14 13
             13 7
             7 8
             8 24
             24 23
             23 15
             15 39
             ;
set F[73] := 15 16
             16 3
             3 4
             4 1
             1 25
             ;
set F[74] := 15 16
             16 3
             3 27
             ;
set F[75] := 15 16
             16 3
             3 4
             4 28
             ;
set F[76] := 15 16
             16 3
             3 2
             2 5
             5 29
             ;
set F[77] := 15 23
             23 24
             24 8
             8 7
             7 31
             ;
set F[78] := 15 23
             23 24
             24 8
             8 32
             ;
set F[79] := 15 23
             23 24
             24 8
             8 7
             7 13
             13 37
             ;
set F[80] := 15 23
             23 24
             24 8
             8 7
             7 13
             13 14
             14 38
             ;
set F[81] := 15 16
             16 40
             ;
set F[82] := 15 20
             20 19
             19 17
             17 41
             ;
set F[83] := 15 20
             20 19
             19 43
             ;
set F[84] := 15 20
             20 44
             ;
set F[85] := 15 23
             23 47
             ;
set F[86] := 15 23
             23 24
             24 48
             ;
set F[87] := 16 3
             3 27
             ;
set F[88] := 16 15
             15 23
             23 24
             24 8
             8 32
             ;
set F[89] := 16 3
             3 2
             2 5
             5 6
             6 9
             9 10
             10 14
             14 38
             ;
set F[90] := 16 15
             15 39
             ;
set F[91] := 16 15
             15 23
             23 24
             24 48
             ;
set F[92] := 19 20
             20 15
             15 16
             16 3
             3 27
             ;
set F[93] := 19 20
             20 15
             15 16
             16 3
             3 4
             4 28
             ;
set F[94] := 19 20
             20 15
             15 16
             16 3
             3 2
             2 5
             5 29
             ;
set F[95] := 19 20
             20 15
             15 23
             23 24
             24 8
             8 7
             7 31
             ;
set F[96] := 19 20
             20 15
             15 23
             23 24
             24 8
             8 32
             ;
set F[97] := 19 20
             20 15
             15 23
             23 24
             24 8
             8 7
             7 13
             13 37
             ;
set F[98] := 19 20
             20 15
             15 23
             23 24
             24 8
             8 7
             7 13
             13 14
             14 38
             ;
set F[99] := 19 20
             20 15
             15 39
             ;
set F[100] := 19 20
              20 15
              15 23
              23 24
              24 48
              ;
set F[101] := 23 15
              15 16
              16 3
              3 27
              ;
set F[102] := 23 15
              15 16
              16 3
              3 4
              4 28
              ;
set F[103] := 23 15
              15 16
              16 3
              3 2
              2 5
              5 29
              ;
set F[104] := 23 24
              24 8
              8 7
              7 31
              ;
set F[105] := 23 24
              24 8
              8 32
              ;
set F[106] := 23 24
              24 8
              8 7
              7 13
              13 14
              14 38
              ;
set F[107] := 23 15
              15 39
              ;
set F[108] := 23 15
              15 20
              20 19
              19 43
              ;
set F[109] := 23 24
              24 48
              ;
set F[110] := 24 23
              23 15
              15 16
              16 3
              3 27
              ;
set F[111] := 24 23
              23 15
              15 39
              ;
set Last[1] := 3 27;
set Last[2] := 4 28;
set Last[3] := 5 29;
set Last[4] := 7 31;
set Last[5] := 8 32;
set Last[6] := 14 38;
set Last[7] := 15 39;
set Last[8] := 19 43;
set Last[9] := 24 48;
set Last[10] := 4 28;
set Last[11] := 5 29;
set Last[12] := 7 31;
set Last[13] := 8 32;
set Last[14] := 13 37;
set Last[15] := 14 38;
set Last[16] := 15 39;
set Last[17] := 16 40;
set Last[18] := 19 43;
set Last[19] := 20 44;
set Last[20] := 23 47;
set Last[21] := 24 48;
set Last[22] := 3 27;
set Last[23] := 5 29;
set Last[24] := 7 31;
set Last[25] := 8 32;
set Last[26] := 13 37;
set Last[27] := 14 38;
set Last[28] := 15 39;
set Last[29] := 16 40;
set Last[30] := 19 43;
set Last[31] := 20 44;
set Last[32] := 23 47;
set Last[33] := 24 48;
set Last[34] := 3 27;
set Last[35] := 4 28;
set Last[36] := 8 32;
set Last[37] := 14 38;
set Last[38] := 15 39;
set Last[39] := 19 43;
set Last[40] := 24 48;
set Last[41] := 3 27;
set Last[42] := 4 28;
set Last[43] := 5 29;
set Last[44] := 8 32;
set Last[45] := 14 38;
set Last[46] := 15 39;
set Last[47] := 19 43;
set Last[48] := 24 48;
set Last[49] := 3 27;
set Last[50] := 15 39;
set Last[51] := 3 27;
set Last[52] := 15 39;
set Last[53] := 1 25;
set Last[54] := 2 26;
set Last[55] := 3 27;
set Last[56] := 4 28;
set Last[57] := 5 29;
set Last[58] := 7 31;
set Last[59] := 8 32;
set Last[60] := 12 36;
set Last[61] := 14 38;
set Last[62] := 15 39;
set Last[63] := 16 40;
set Last[64] := 17 41;
set Last[65] := 18 42;
set Last[66] := 19 43;
set Last[67] := 20 44;
set Last[68] := 22 46;
set Last[69] := 23 47;
set Last[70] := 24 48;
set Last[71] := 3 27;
set Last[72] := 15 39;
set Last[73] := 1 25;
set Last[74] := 3 27;
set Last[75] := 4 28;
set Last[76] := 5 29;
set Last[77] := 7 31;
set Last[78] := 8 32;
set Last[79] := 13 37;
set Last[80] := 14 38;
set Last[81] := 16 40;
set Last[82] := 17 41;
set Last[83] := 19 43;
set Last[84] := 20 44;
set Last[85] := 23 47;
set Last[86] := 24 48;
set Last[87] := 3 27;
set Last[88] := 8 32;
set Last[89] := 14 38;
set Last[90] := 15 39;
set Last[91] := 24 48;
set Last[92] := 3 27;
set Last[93] := 4 28;
set Last[94] := 5 29;
set Last[95] := 7 31;
set Last[96] := 8 32;
set Last[97] := 13 37;
set Last[98] := 14 38;
set Last[99] := 15 39;
set Last[100] := 24 48;
set Last[101] := 3 27;
set Last[102] := 4 28;
set Last[103] := 5 29;
set Last[104] := 7 31;
set Last[105] := 8 32;
set Last[106] := 14 38;
set Last[107] := 15 39;
set Last[108] := 19 43;
set Last[109] := 24 48;
set Last[110] := 3 27;
set Last[111] := 15 39;

param q := 5;

end;
