data;

set V := 1 2 3 4 5 6 7 8 9 10 11 12 13 14 15 16 17 18 19 20 21 22 23 24 25 26 27 28 29 30 31 32 33 34 35 36 37 38 39 40 41 42 43 44 45 46 47 48 49 50;

set A := 1 2
         1 3
         1 4
         1 26
         2 1
         2 7
         2 8
         2 27
         3 1
         3 4
         3 17
         3 23
         3 28
         4 1
         4 3
         4 29
         5 6
         5 7
         5 30
         6 5
         6 9
         6 12
         6 13
         6 14
         6 31
         7 2
         7 5
         7 32
         8 2
         8 9
         8 33
         9 6
         9 8
         9 11
         9 15
         9 34
         10 14
         10 35
         11 9
         11 36
         12 6
         12 37
         13 6
         13 38
         14 6
         14 10
         14 39
         15 9
         15 40
         16 23
         16 41
         17 3
         17 22
         17 42
         18 19
         18 43
         19 18
         19 20
         19 21
         19 44
         20 19
         20 22
         20 45
         21 19
         21 23
         21 46
         22 17
         22 20
         22 24
         22 47
         23 3
         23 16
         23 21
         23 25
         23 48
         24 22
         24 49
         25 23
         25 50
         ;

set S := 1 2 3 4 5 6 7 8 9 10 11 12 13 14 15 16 17 18 19 20 21 22 23 24 25 26 27 28 29 30 31 32 33 34 35 36 37 38 39 40 41 42 43 44 45 46 47 48 49 50 51 52 53 54 55 56 57 58 59 60 61 62 63 64 65 66 67 68 69 70 71 72 73 74 75 76 77 78 79 80 81 82 83 84 85 86 87 88 89 90 91 92 93 94 95 96 97 98 99 100 101 102 103 104 105 106 107 108 109 110 111 112 113 114 115 116 117 118 119 120 121 122 123 124 125 126 127 128 129 130 131 132 133 134 135 136 137 138 139 140 141 142 143 144 145 146 147 148 149 150 151 152 153 154 155 156 157 158 159 160 161 162 163 164 165 166 167 168 169 170 171 172 173 174 175 176 177 178 179 180 181 182 183 184 185 186 187 188 189 190 191 192 193 194 195 196 197 198 199 200 201 202 203 204 205 206 207 208 209 210 211 212 213 214 215 216 217 218 219 220 221 222 223 224 225 226 227 228 229 230 231 232 233 234 235 236 237 238 239 240;

set F[1] := 2 1
            1 26
            ;
set F[2] := 2 1
            1 3
            3 28
            ;
set F[3] := 2 1
            1 4
            4 29
            ;
set F[4] := 2 7
            7 5
            5 6
            6 31
            ;
set F[5] := 2 7
            7 32
            ;
set F[6] := 2 8
            8 33
            ;
set F[7] := 2 8
            8 9
            9 34
            ;
set F[8] := 2 8
            8 9
            9 11
            11 36
            ;
set F[9] := 2 7
            7 5
            5 6
            6 14
            14 39
            ;
set F[10] := 2 1
             1 3
             3 17
             17 42
             ;
set F[11] := 2 1
             1 3
             3 23
             23 21
             21 19
             19 18
             18 43
             ;
set F[12] := 2 1
             1 3
             3 23
             23 21
             21 19
             19 44
             ;
set F[13] := 2 1
             1 3
             3 17
             17 22
             22 20
             20 45
             ;
set F[14] := 2 1
             1 3
             3 23
             23 21
             21 46
             ;
set F[15] := 2 1
             1 3
             3 17
             17 22
             22 47
             ;
set F[16] := 2 1
             1 3
             3 23
             23 48
             ;
set F[17] := 2 1
             1 3
             3 17
             17 22
             22 24
             24 49
             ;
set F[18] := 3 1
             1 26
             ;
set F[19] := 3 4
             4 29
             ;
set F[20] := 3 1
             1 2
             2 7
             7 5
             5 30
             ;
set F[21] := 3 1
             1 2
             2 7
             7 5
             5 6
             6 31
             ;
set F[22] := 3 1
             1 2
             2 7
             7 32
             ;
set F[23] := 3 1
             1 2
             2 8
             8 33
             ;
set F[24] := 3 1
             1 2
             2 8
             8 9
             9 34
             ;
set F[25] := 3 1
             1 2
             2 8
             8 9
             9 11
             11 36
             ;
set F[26] := 3 1
             1 2
             2 7
             7 5
             5 6
             6 14
             14 39
             ;
set F[27] := 3 1
             1 2
             2 8
             8 9
             9 15
             15 40
             ;
set F[28] := 3 17
             17 42
             ;
set F[29] := 3 23
             23 21
             21 19
             19 18
             18 43
             ;
set F[30] := 3 23
             23 21
             21 19
             19 44
             ;
set F[31] := 3 17
             17 22
             22 20
             20 45
             ;
set F[32] := 3 23
             23 21
             21 46
             ;
set F[33] := 3 17
             17 22
             22 47
             ;
set F[34] := 3 23
             23 48
             ;
set F[35] := 3 17
             17 22
             22 24
             24 49
             ;
set F[36] := 4 1
             1 26
             ;
set F[37] := 4 1
             1 2
             2 7
             7 5
             5 6
             6 31
             ;
set F[38] := 4 1
             1 2
             2 8
             8 33
             ;
set F[39] := 4 1
             1 2
             2 8
             8 9
             9 34
             ;
set F[40] := 4 1
             1 2
             2 7
             7 5
             5 6
             6 14
             14 39
             ;
set F[41] := 4 3
             3 17
             17 42
             ;
set F[42] := 4 3
             3 23
             23 21
             21 19
             19 44
             ;
set F[43] := 4 3
             3 17
             17 22
             22 20
             20 45
             ;
set F[44] := 4 3
             3 17
             17 22
             22 47
             ;
set F[45] := 4 3
             3 23
             23 48
             ;
set F[46] := 6 5
             5 7
             7 2
             2 1
             1 26
             ;
set F[47] := 6 5
             5 7
             7 2
             2 27
             ;
set F[48] := 6 5
             5 7
             7 2
             2 1
             1 3
             3 28
             ;
set F[49] := 6 5
             5 7
             7 2
             2 1
             1 4
             4 29
             ;
set F[50] := 6 5
             5 30
             ;
set F[51] := 6 5
             5 7
             7 32
             ;
set F[52] := 6 9
             9 8
             8 33
             ;
set F[53] := 6 9
             9 34
             ;
set F[54] := 6 14
             14 10
             10 35
             ;
set F[55] := 6 9
             9 11
             11 36
             ;
set F[56] := 6 12
             12 37
             ;
set F[57] := 6 13
             13 38
             ;
set F[58] := 6 14
             14 39
             ;
set F[59] := 6 9
             9 15
             15 40
             ;
set F[60] := 6 5
             5 7
             7 2
             2 1
             1 3
             3 23
             23 16
             16 41
             ;
set F[61] := 6 5
             5 7
             7 2
             2 1
             1 3
             3 17
             17 42
             ;
set F[62] := 6 5
             5 7
             7 2
             2 1
             1 3
             3 23
             23 21
             21 19
             19 18
             18 43
             ;
set F[63] := 6 5
             5 7
             7 2
             2 1
             1 3
             3 23
             23 21
             21 19
             19 44
             ;
set F[64] := 6 5
             5 7
             7 2
             2 1
             1 3
             3 17
             17 22
             22 20
             20 45
             ;
set F[65] := 6 5
             5 7
             7 2
             2 1
             1 3
             3 23
             23 21
             21 46
             ;
set F[66] := 6 5
             5 7
             7 2
             2 1
             1 3
             3 17
             17 22
             22 47
             ;
set F[67] := 6 5
             5 7
             7 2
             2 1
             1 3
             3 23
             23 48
             ;
set F[68] := 6 5
             5 7
             7 2
             2 1
             1 3
             3 17
             17 22
             22 24
             24 49
             ;
set F[69] := 6 5
             5 7
             7 2
             2 1
             1 3
             3 23
             23 25
             25 50
             ;
set F[70] := 7 2
             2 1
             1 26
             ;
set F[71] := 7 2
             2 1
             1 3
             3 28
             ;
set F[72] := 7 2
             2 1
             1 4
             4 29
             ;
set F[73] := 7 5
             5 6
             6 31
             ;
set F[74] := 7 2
             2 8
             8 33
             ;
set F[75] := 7 2
             2 8
             8 9
             9 34
             ;
set F[76] := 7 2
             2 8
             8 9
             9 11
             11 36
             ;
set F[77] := 7 5
             5 6
             6 14
             14 39
             ;
set F[78] := 7 2
             2 1
             1 3
             3 17
             17 42
             ;
set F[79] := 7 2
             2 1
             1 3
             3 23
             23 21
             21 19
             19 18
             18 43
             ;
set F[80] := 7 2
             2 1
             1 3
             3 23
             23 21
             21 19
             19 44
             ;
set F[81] := 7 2
             2 1
             1 3
             3 17
             17 22
             22 20
             20 45
             ;
set F[82] := 7 2
             2 1
             1 3
             3 17
             17 22
             22 47
             ;
set F[83] := 7 2
             2 1
             1 3
             3 23
             23 48
             ;
set F[84] := 7 2
             2 1
             1 3
             3 17
             17 22
             22 24
             24 49
             ;
set F[85] := 8 2
             2 1
             1 26
             ;
set F[86] := 8 2
             2 1
             1 3
             3 28
             ;
set F[87] := 8 2
             2 1
             1 4
             4 29
             ;
set F[88] := 8 9
             9 6
             6 31
             ;
set F[89] := 8 9
             9 34
             ;
set F[90] := 8 9
             9 11
             11 36
             ;
set F[91] := 8 9
             9 6
             6 14
             14 39
             ;
set F[92] := 8 2
             2 1
             1 3
             3 17
             17 42
             ;
set F[93] := 8 2
             2 1
             1 3
             3 23
             23 21
             21 19
             19 18
             18 43
             ;
set F[94] := 8 2
             2 1
             1 3
             3 23
             23 21
             21 19
             19 44
             ;
set F[95] := 8 2
             2 1
             1 3
             3 17
             17 22
             22 20
             20 45
             ;
set F[96] := 8 2
             2 1
             1 3
             3 17
             17 22
             22 47
             ;
set F[97] := 8 2
             2 1
             1 3
             3 23
             23 48
             ;
set F[98] := 8 2
             2 1
             1 3
             3 17
             17 22
             22 24
             24 49
             ;
set F[99] := 9 8
             8 2
             2 1
             1 26
             ;
set F[100] := 9 8
              8 2
              2 1
              1 4
              4 29
              ;
set F[101] := 9 6
              6 31
              ;
set F[102] := 9 8
              8 33
              ;
set F[103] := 9 6
              6 14
              14 39
              ;
set F[104] := 9 8
              8 2
              2 1
              1 3
              3 17
              17 42
              ;
set F[105] := 9 8
              8 2
              2 1
              1 3
              3 17
              17 22
              22 47
              ;
set F[106] := 9 8
              8 2
              2 1
              1 3
              3 23
              23 48
              ;
set F[107] := 10 14
              14 6
              6 5
              5 7
              7 2
              2 1
              1 26
              ;
set F[108] := 10 14
              14 6
              6 5
              5 7
              7 2
              2 1
              1 4
              4 29
              ;
set F[109] := 10 14
              14 6
              6 31
              ;
set F[110] := 10 14
              14 6
              6 9
              9 8
              8 33
              ;
set F[111] := 10 14
              14 6
              6 9
              9 34
              ;
set F[112] := 10 14
              14 39
              ;
set F[113] := 10 14
              14 6
              6 5
              5 7
              7 2
              2 1
              1 3
              3 17
              17 42
              ;
set F[114] := 10 14
              14 6
              6 5
              5 7
              7 2
              2 1
              1 3
              3 17
              17 22
              22 47
              ;
set F[115] := 10 14
              14 6
              6 5
              5 7
              7 2
              2 1
              1 3
              3 23
              23 48
              ;
set F[116] := 11 9
              9 8
              8 2
              2 1
              1 26
              ;
set F[117] := 11 9
              9 6
              6 31
              ;
set F[118] := 11 9
              9 34
              ;
set F[119] := 11 9
              9 8
              8 2
              2 1
              1 3
              3 17
              17 22
              22 47
              ;
set F[120] := 11 9
              9 8
              8 2
              2 1
              1 3
              3 23
              23 48
              ;
set F[121] := 12 6
              6 5
              5 7
              7 2
              2 1
              1 26
              ;
set F[122] := 12 6
              6 5
              5 7
              7 2
              2 1
              1 4
              4 29
              ;
set F[123] := 12 6
              6 31
              ;
set F[124] := 12 6
              6 9
              9 8
              8 33
              ;
set F[125] := 12 6
              6 9
              9 34
              ;
set F[126] := 12 6
              6 14
              14 39
              ;
set F[127] := 12 6
              6 5
              5 7
              7 2
              2 1
              1 3
              3 17
              17 42
              ;
set F[128] := 12 6
              6 5
              5 7
              7 2
              2 1
              1 3
              3 17
              17 22
              22 47
              ;
set F[129] := 12 6
              6 5
              5 7
              7 2
              2 1
              1 3
              3 23
              23 48
              ;
set F[130] := 13 6
              6 5
              5 7
              7 2
              2 1
              1 26
              ;
set F[131] := 13 6
              6 5
              5 7
              7 2
              2 1
              1 4
              4 29
              ;
set F[132] := 13 6
              6 31
              ;
set F[133] := 13 6
              6 9
              9 8
              8 33
              ;
set F[134] := 13 6
              6 9
              9 34
              ;
set F[135] := 13 6
              6 14
              14 39
              ;
set F[136] := 13 6
              6 5
              5 7
              7 2
              2 1
              1 3
              3 17
              17 42
              ;
set F[137] := 13 6
              6 5
              5 7
              7 2
              2 1
              1 3
              3 17
              17 22
              22 47
              ;
set F[138] := 13 6
              6 5
              5 7
              7 2
              2 1
              1 3
              3 23
              23 48
              ;
set F[139] := 14 6
              6 31
              ;
set F[140] := 15 9
              9 8
              8 2
              2 1
              1 26
              ;
set F[141] := 15 9
              9 6
              6 31
              ;
set F[142] := 15 9
              9 8
              8 33
              ;
set F[143] := 15 9
              9 34
              ;
set F[144] := 15 9
              9 6
              6 14
              14 39
              ;
set F[145] := 15 9
              9 8
              8 2
              2 1
              1 3
              3 17
              17 42
              ;
set F[146] := 15 9
              9 8
              8 2
              2 1
              1 3
              3 17
              17 22
              22 47
              ;
set F[147] := 15 9
              9 8
              8 2
              2 1
              1 3
              3 23
              23 48
              ;
set F[148] := 16 23
              23 3
              3 1
              1 26
              ;
set F[149] := 16 23
              23 3
              3 4
              4 29
              ;
set F[150] := 16 23
              23 3
              3 1
              1 2
              2 7
              7 5
              5 6
              6 31
              ;
set F[151] := 16 23
              23 3
              3 1
              1 2
              2 8
              8 33
              ;
set F[152] := 16 23
              23 3
              3 1
              1 2
              2 8
              8 9
              9 34
              ;
set F[153] := 16 23
              23 3
              3 1
              1 2
              2 7
              7 5
              5 6
              6 14
              14 39
              ;
set F[154] := 16 23
              23 3
              3 17
              17 42
              ;
set F[155] := 16 23
              23 3
              3 17
              17 22
              22 47
              ;
set F[156] := 16 23
              23 48
              ;
set F[157] := 17 3
              3 1
              1 26
              ;
set F[158] := 17 3
              3 1
              1 2
              2 7
              7 5
              5 6
              6 31
              ;
set F[159] := 17 3
              3 1
              1 2
              2 8
              8 9
              9 34
              ;
set F[160] := 17 22
              22 47
              ;
set F[161] := 18 19
              19 21
              21 23
              23 3
              3 1
              1 26
              ;
set F[162] := 18 19
              19 21
              21 23
              23 3
              3 4
              4 29
              ;
set F[163] := 18 19
              19 21
              21 23
              23 3
              3 1
              1 2
              2 7
              7 5
              5 6
              6 31
              ;
set F[164] := 18 19
              19 21
              21 23
              23 3
              3 1
              1 2
              2 8
              8 33
              ;
set F[165] := 18 19
              19 21
              21 23
              23 3
              3 1
              1 2
              2 8
              8 9
              9 34
              ;
set F[166] := 18 19
              19 21
              21 23
              23 3
              3 1
              1 2
              2 7
              7 5
              5 6
              6 14
              14 39
              ;
set F[167] := 18 19
              19 20
              20 22
              22 17
              17 42
              ;
set F[168] := 18 19
              19 20
              20 22
              22 47
              ;
set F[169] := 18 19
              19 21
              21 23
              23 48
              ;
set F[170] := 19 21
              21 23
              23 3
              3 1
              1 26
              ;
set F[171] := 19 21
              21 23
              23 3
              3 4
              4 29
              ;
set F[172] := 19 21
              21 23
              23 3
              3 1
              1 2
              2 7
              7 5
              5 6
              6 31
              ;
set F[173] := 19 21
              21 23
              23 3
              3 1
              1 2
              2 8
              8 33
              ;
set F[174] := 19 21
              21 23
              23 3
              3 1
              1 2
              2 8
              8 9
              9 34
              ;
set F[175] := 19 21
              21 23
              23 3
              3 1
              1 2
              2 7
              7 5
              5 6
              6 14
              14 39
              ;
set F[176] := 19 20
              20 22
              22 17
              17 42
              ;
set F[177] := 19 20
              20 22
              22 47
              ;
set F[178] := 19 21
              21 23
              23 48
              ;
set F[179] := 20 22
              22 17
              17 3
              3 1
              1 26
              ;
set F[180] := 20 22
              22 17
              17 3
              3 28
              ;
set F[181] := 20 22
              22 17
              17 3
              3 4
              4 29
              ;
set F[182] := 20 22
              22 17
              17 3
              3 1
              1 2
              2 7
              7 5
              5 6
              6 31
              ;
set F[183] := 20 22
              22 17
              17 3
              3 1
              1 2
              2 8
              8 33
              ;
set F[184] := 20 22
              22 17
              17 3
              3 1
              1 2
              2 8
              8 9
              9 34
              ;
set F[185] := 20 22
              22 17
              17 3
              3 1
              1 2
              2 8
              8 9
              9 11
              11 36
              ;
set F[186] := 20 22
              22 17
              17 3
              3 1
              1 2
              2 7
              7 5
              5 6
              6 14
              14 39
              ;
set F[187] := 20 22
              22 17
              17 42
              ;
set F[188] := 20 19
              19 18
              18 43
              ;
set F[189] := 20 19
              19 44
              ;
set F[190] := 20 22
              22 47
              ;
set F[191] := 20 19
              19 21
              21 23
              23 48
              ;
set F[192] := 20 22
              22 24
              24 49
              ;
set F[193] := 21 23
              23 3
              3 1
              1 26
              ;
set F[194] := 21 23
              23 3
              3 4
              4 29
              ;
set F[195] := 21 23
              23 3
              3 1
              1 2
              2 7
              7 5
              5 6
              6 31
              ;
set F[196] := 21 23
              23 3
              3 1
              1 2
              2 8
              8 33
              ;
set F[197] := 21 23
              23 3
              3 1
              1 2
              2 8
              8 9
              9 34
              ;
set F[198] := 21 23
              23 3
              3 1
              1 2
              2 7
              7 5
              5 6
              6 14
              14 39
              ;
set F[199] := 21 23
              23 3
              3 17
              17 42
              ;
set F[200] := 21 19
              19 20
              20 22
              22 47
              ;
set F[201] := 21 23
              23 48
              ;
set F[202] := 22 17
              17 3
              3 1
              1 26
              ;
set F[203] := 22 17
              17 3
              3 28
              ;
set F[204] := 22 17
              17 3
              3 4
              4 29
              ;
set F[205] := 22 17
              17 3
              3 1
              1 2
              2 7
              7 5
              5 30
              ;
set F[206] := 22 17
              17 3
              3 1
              1 2
              2 7
              7 5
              5 6
              6 31
              ;
set F[207] := 22 17
              17 3
              3 1
              1 2
              2 7
              7 32
              ;
set F[208] := 22 17
              17 3
              3 1
              1 2
              2 8
              8 33
              ;
set F[209] := 22 17
              17 3
              3 1
              1 2
              2 8
              8 9
              9 34
              ;
set F[210] := 22 17
              17 3
              3 1
              1 2
              2 8
              8 9
              9 11
              11 36
              ;
set F[211] := 22 17
              17 3
              3 1
              1 2
              2 7
              7 5
              5 6
              6 12
              12 37
              ;
set F[212] := 22 17
              17 3
              3 1
              1 2
              2 7
              7 5
              5 6
              6 13
              13 38
              ;
set F[213] := 22 17
              17 3
              3 1
              1 2
              2 7
              7 5
              5 6
              6 14
              14 39
              ;
set F[214] := 22 17
              17 3
              3 1
              1 2
              2 8
              8 9
              9 15
              15 40
              ;
set F[215] := 22 17
              17 42
              ;
set F[216] := 22 20
              20 19
              19 18
              18 43
              ;
set F[217] := 22 20
              20 19
              19 44
              ;
set F[218] := 22 20
              20 45
              ;
set F[219] := 22 20
              20 19
              19 21
              21 46
              ;
set F[220] := 22 17
              17 3
              3 23
              23 48
              ;
set F[221] := 22 24
              24 49
              ;
set F[222] := 23 3
              3 1
              1 26
              ;
set F[223] := 23 3
              3 4
              4 29
              ;
set F[224] := 23 3
              3 1
              1 2
              2 7
              7 5
              5 6
              6 31
              ;
set F[225] := 23 3
              3 1
              1 2
              2 8
              8 33
              ;
set F[226] := 23 3
              3 1
              1 2
              2 8
              8 9
              9 34
              ;
set F[227] := 23 3
              3 1
              1 2
              2 7
              7 5
              5 6
              6 14
              14 39
              ;
set F[228] := 23 3
              3 17
              17 42
              ;
set F[229] := 23 21
              21 19
              19 18
              18 43
              ;
set F[230] := 23 21
              21 19
              19 44
              ;
set F[231] := 23 21
              21 19
              19 20
              20 45
              ;
set F[232] := 23 3
              3 17
              17 22
              22 47
              ;
set F[233] := 24 22
              22 17
              17 3
              3 1
              1 26
              ;
set F[234] := 24 22
              22 17
              17 3
              3 1
              1 2
              2 7
              7 5
              5 6
              6 31
              ;
set F[235] := 24 22
              22 17
              17 3
              3 1
              1 2
              2 8
              8 33
              ;
set F[236] := 24 22
              22 17
              17 3
              3 1
              1 2
              2 8
              8 9
              9 34
              ;
set F[237] := 24 22
              22 17
              17 3
              3 1
              1 2
              2 7
              7 5
              5 6
              6 14
              14 39
              ;
set F[238] := 24 22
              22 47
              ;
set F[239] := 24 22
              22 17
              17 3
              3 23
              23 48
              ;
set F[240] := 25 23
              23 3
              3 1
              1 2
              2 7
              7 5
              5 6
              6 31
              ;
set Last[1] := 1 26;
set Last[2] := 3 28;
set Last[3] := 4 29;
set Last[4] := 6 31;
set Last[5] := 7 32;
set Last[6] := 8 33;
set Last[7] := 9 34;
set Last[8] := 11 36;
set Last[9] := 14 39;
set Last[10] := 17 42;
set Last[11] := 18 43;
set Last[12] := 19 44;
set Last[13] := 20 45;
set Last[14] := 21 46;
set Last[15] := 22 47;
set Last[16] := 23 48;
set Last[17] := 24 49;
set Last[18] := 1 26;
set Last[19] := 4 29;
set Last[20] := 5 30;
set Last[21] := 6 31;
set Last[22] := 7 32;
set Last[23] := 8 33;
set Last[24] := 9 34;
set Last[25] := 11 36;
set Last[26] := 14 39;
set Last[27] := 15 40;
set Last[28] := 17 42;
set Last[29] := 18 43;
set Last[30] := 19 44;
set Last[31] := 20 45;
set Last[32] := 21 46;
set Last[33] := 22 47;
set Last[34] := 23 48;
set Last[35] := 24 49;
set Last[36] := 1 26;
set Last[37] := 6 31;
set Last[38] := 8 33;
set Last[39] := 9 34;
set Last[40] := 14 39;
set Last[41] := 17 42;
set Last[42] := 19 44;
set Last[43] := 20 45;
set Last[44] := 22 47;
set Last[45] := 23 48;
set Last[46] := 1 26;
set Last[47] := 2 27;
set Last[48] := 3 28;
set Last[49] := 4 29;
set Last[50] := 5 30;
set Last[51] := 7 32;
set Last[52] := 8 33;
set Last[53] := 9 34;
set Last[54] := 10 35;
set Last[55] := 11 36;
set Last[56] := 12 37;
set Last[57] := 13 38;
set Last[58] := 14 39;
set Last[59] := 15 40;
set Last[60] := 16 41;
set Last[61] := 17 42;
set Last[62] := 18 43;
set Last[63] := 19 44;
set Last[64] := 20 45;
set Last[65] := 21 46;
set Last[66] := 22 47;
set Last[67] := 23 48;
set Last[68] := 24 49;
set Last[69] := 25 50;
set Last[70] := 1 26;
set Last[71] := 3 28;
set Last[72] := 4 29;
set Last[73] := 6 31;
set Last[74] := 8 33;
set Last[75] := 9 34;
set Last[76] := 11 36;
set Last[77] := 14 39;
set Last[78] := 17 42;
set Last[79] := 18 43;
set Last[80] := 19 44;
set Last[81] := 20 45;
set Last[82] := 22 47;
set Last[83] := 23 48;
set Last[84] := 24 49;
set Last[85] := 1 26;
set Last[86] := 3 28;
set Last[87] := 4 29;
set Last[88] := 6 31;
set Last[89] := 9 34;
set Last[90] := 11 36;
set Last[91] := 14 39;
set Last[92] := 17 42;
set Last[93] := 18 43;
set Last[94] := 19 44;
set Last[95] := 20 45;
set Last[96] := 22 47;
set Last[97] := 23 48;
set Last[98] := 24 49;
set Last[99] := 1 26;
set Last[100] := 4 29;
set Last[101] := 6 31;
set Last[102] := 8 33;
set Last[103] := 14 39;
set Last[104] := 17 42;
set Last[105] := 22 47;
set Last[106] := 23 48;
set Last[107] := 1 26;
set Last[108] := 4 29;
set Last[109] := 6 31;
set Last[110] := 8 33;
set Last[111] := 9 34;
set Last[112] := 14 39;
set Last[113] := 17 42;
set Last[114] := 22 47;
set Last[115] := 23 48;
set Last[116] := 1 26;
set Last[117] := 6 31;
set Last[118] := 9 34;
set Last[119] := 22 47;
set Last[120] := 23 48;
set Last[121] := 1 26;
set Last[122] := 4 29;
set Last[123] := 6 31;
set Last[124] := 8 33;
set Last[125] := 9 34;
set Last[126] := 14 39;
set Last[127] := 17 42;
set Last[128] := 22 47;
set Last[129] := 23 48;
set Last[130] := 1 26;
set Last[131] := 4 29;
set Last[132] := 6 31;
set Last[133] := 8 33;
set Last[134] := 9 34;
set Last[135] := 14 39;
set Last[136] := 17 42;
set Last[137] := 22 47;
set Last[138] := 23 48;
set Last[139] := 6 31;
set Last[140] := 1 26;
set Last[141] := 6 31;
set Last[142] := 8 33;
set Last[143] := 9 34;
set Last[144] := 14 39;
set Last[145] := 17 42;
set Last[146] := 22 47;
set Last[147] := 23 48;
set Last[148] := 1 26;
set Last[149] := 4 29;
set Last[150] := 6 31;
set Last[151] := 8 33;
set Last[152] := 9 34;
set Last[153] := 14 39;
set Last[154] := 17 42;
set Last[155] := 22 47;
set Last[156] := 23 48;
set Last[157] := 1 26;
set Last[158] := 6 31;
set Last[159] := 9 34;
set Last[160] := 22 47;
set Last[161] := 1 26;
set Last[162] := 4 29;
set Last[163] := 6 31;
set Last[164] := 8 33;
set Last[165] := 9 34;
set Last[166] := 14 39;
set Last[167] := 17 42;
set Last[168] := 22 47;
set Last[169] := 23 48;
set Last[170] := 1 26;
set Last[171] := 4 29;
set Last[172] := 6 31;
set Last[173] := 8 33;
set Last[174] := 9 34;
set Last[175] := 14 39;
set Last[176] := 17 42;
set Last[177] := 22 47;
set Last[178] := 23 48;
set Last[179] := 1 26;
set Last[180] := 3 28;
set Last[181] := 4 29;
set Last[182] := 6 31;
set Last[183] := 8 33;
set Last[184] := 9 34;
set Last[185] := 11 36;
set Last[186] := 14 39;
set Last[187] := 17 42;
set Last[188] := 18 43;
set Last[189] := 19 44;
set Last[190] := 22 47;
set Last[191] := 23 48;
set Last[192] := 24 49;
set Last[193] := 1 26;
set Last[194] := 4 29;
set Last[195] := 6 31;
set Last[196] := 8 33;
set Last[197] := 9 34;
set Last[198] := 14 39;
set Last[199] := 17 42;
set Last[200] := 22 47;
set Last[201] := 23 48;
set Last[202] := 1 26;
set Last[203] := 3 28;
set Last[204] := 4 29;
set Last[205] := 5 30;
set Last[206] := 6 31;
set Last[207] := 7 32;
set Last[208] := 8 33;
set Last[209] := 9 34;
set Last[210] := 11 36;
set Last[211] := 12 37;
set Last[212] := 13 38;
set Last[213] := 14 39;
set Last[214] := 15 40;
set Last[215] := 17 42;
set Last[216] := 18 43;
set Last[217] := 19 44;
set Last[218] := 20 45;
set Last[219] := 21 46;
set Last[220] := 23 48;
set Last[221] := 24 49;
set Last[222] := 1 26;
set Last[223] := 4 29;
set Last[224] := 6 31;
set Last[225] := 8 33;
set Last[226] := 9 34;
set Last[227] := 14 39;
set Last[228] := 17 42;
set Last[229] := 18 43;
set Last[230] := 19 44;
set Last[231] := 20 45;
set Last[232] := 22 47;
set Last[233] := 1 26;
set Last[234] := 6 31;
set Last[235] := 8 33;
set Last[236] := 9 34;
set Last[237] := 14 39;
set Last[238] := 22 47;
set Last[239] := 23 48;
set Last[240] := 6 31;

param q := 5;

end;
