data;

set V := 1 2 3 4 5 6 7 8 9 10 11 12 13 14 15 16 17 18 19 20 21 22 23 24 25 26 27 28 29 30 31 32 33 34 35 36 37 38 39 40 41 42 43 44 45 46 47 48;

set A := 1 2
         1 4
         1 25
         2 1
         2 7
         2 11
         2 26
         3 4
         3 27
         4 1
         4 3
         4 28
         5 6
         5 20
         5 29
         6 5
         6 17
         6 30
         7 2
         7 12
         7 31
         8 20
         8 32
         9 20
         9 33
         10 17
         10 34
         11 2
         11 20
         11 35
         12 7
         12 36
         13 23
         13 37
         14 20
         14 38
         15 16
         15 39
         16 15
         16 22
         16 24
         16 40
         17 6
         17 10
         17 20
         17 41
         18 19
         18 42
         19 18
         19 20
         19 43
         20 5
         20 8
         20 9
         20 11
         20 14
         20 17
         20 19
         20 21
         20 22
         20 44
         21 20
         21 45
         22 16
         22 20
         22 23
         22 46
         23 13
         23 22
         23 47
         24 16
         24 48
         ;

set S := 1 2 3 4 5 6 7 8 9 10 11 12 13 14 15 16 17 18 19 20 21 22 23 24 25 26 27 28 29 30 31 32 33 34 35 36 37 38 39 40 41 42 43 44 45 46 47 48 49 50 51 52 53 54 55 56 57 58 59 60 61 62 63 64 65 66 67 68 69 70 71 72 73 74 75 76 77 78 79 80 81 82 83 84 85 86 87 88 89 90 91 92 93 94 95 96 97 98 99 100 101 102 103 104 105 106 107 108 109 110 111 112 113 114 115 116 117 118 119 120 121 122 123 124 125 126 127 128 129 130 131 132 133 134 135 136 137 138 139 140 141 142 143 144 145 146 147 148 149 150 151 152 153 154 155 156 157 158 159 160 161 162 163 164 165 166 167 168 169 170 171 172 173 174 175 176 177 178 179 180 181 182 183 184 185 186 187 188 189 190 191 192 193 194 195 196 197 198 199 200 201 202 203 204 205 206 207 208 209 210 211 212 213 214 215 216 217 218 219 220 221 222 223 224 225 226 227 228 229 230 231 232 233 234 235 236 237 238 239 240 241 242 243 244 245 246 247 248 249 250 251 252 253 254 255 256 257 258 259 260 261 262 263 264 265 266 267 268 269 270 271 272 273 274 275 276 277 278 279 280 281 282 283 284 285 286 287 288 289 290 291 292 293 294 295 296 297 298 299 300 301 302 303 304 305 306 307 308 309 310 311 312 313 314 315 316 317 318 319 320 321 322 323 324 325 326 327 328 329 330 331 332 333 334 335 336 337 338 339 340 341 342 343 344 345 346 347 348 349 350 351 352 353 354 355 356 357 358 359 360 361 362 363 364 365 366 367 368 369 370 371 372 373 374 375 376 377 378 379 380 381 382 383 384 385 386 387 388 389 390 391 392 393 394 395 396 397 398 399 400 401 402 403 404 405 406 407 408 409 410 411 412 413 414 415 416 417 418 419 420 421 422 423 424 425 426 427 428 429 430 431 432 433 434 435 436 437 438 439 440 441;

set F[1] := 1 2
            2 26
            ;
set F[2] := 1 4
            4 3
            3 27
            ;
set F[3] := 1 2
            2 11
            11 20
            20 5
            5 29
            ;
set F[4] := 1 2
            2 11
            11 20
            20 5
            5 6
            6 30
            ;
set F[5] := 1 2
            2 11
            11 20
            20 8
            8 32
            ;
set F[6] := 1 2
            2 11
            11 20
            20 9
            9 33
            ;
set F[7] := 1 2
            2 11
            11 20
            20 17
            17 10
            10 34
            ;
set F[8] := 1 2
            2 11
            11 35
            ;
set F[9] := 1 2
            2 7
            7 12
            12 36
            ;
set F[10] := 1 2
             2 11
             11 20
             20 14
             14 38
             ;
set F[11] := 1 2
             2 11
             11 20
             20 22
             22 16
             16 15
             15 39
             ;
set F[12] := 1 2
             2 11
             11 20
             20 22
             22 16
             16 40
             ;
set F[13] := 1 2
             2 11
             11 20
             20 17
             17 41
             ;
set F[14] := 1 2
             2 11
             11 20
             20 19
             19 18
             18 42
             ;
set F[15] := 1 2
             2 11
             11 20
             20 19
             19 43
             ;
set F[16] := 1 2
             2 11
             11 20
             20 44
             ;
set F[17] := 1 2
             2 11
             11 20
             20 21
             21 45
             ;
set F[18] := 1 2
             2 11
             11 20
             20 22
             22 46
             ;
set F[19] := 1 2
             2 11
             11 20
             20 22
             22 23
             23 47
             ;
set F[20] := 1 2
             2 11
             11 20
             20 22
             22 16
             16 24
             24 48
             ;
set F[21] := 2 1
             1 25
             ;
set F[22] := 2 1
             1 4
             4 3
             3 27
             ;
set F[23] := 2 1
             1 4
             4 28
             ;
set F[24] := 2 11
             11 20
             20 5
             5 29
             ;
set F[25] := 2 11
             11 20
             20 5
             5 6
             6 30
             ;
set F[26] := 2 7
             7 31
             ;
set F[27] := 2 11
             11 20
             20 8
             8 32
             ;
set F[28] := 2 11
             11 20
             20 9
             9 33
             ;
set F[29] := 2 11
             11 20
             20 17
             17 10
             10 34
             ;
set F[30] := 2 11
             11 35
             ;
set F[31] := 2 7
             7 12
             12 36
             ;
set F[32] := 2 11
             11 20
             20 22
             22 23
             23 13
             13 37
             ;
set F[33] := 2 11
             11 20
             20 14
             14 38
             ;
set F[34] := 2 11
             11 20
             20 22
             22 16
             16 15
             15 39
             ;
set F[35] := 2 11
             11 20
             20 22
             22 16
             16 40
             ;
set F[36] := 2 11
             11 20
             20 17
             17 41
             ;
set F[37] := 2 11
             11 20
             20 19
             19 18
             18 42
             ;
set F[38] := 2 11
             11 20
             20 19
             19 43
             ;
set F[39] := 2 11
             11 20
             20 44
             ;
set F[40] := 2 11
             11 20
             20 21
             21 45
             ;
set F[41] := 2 11
             11 20
             20 22
             22 46
             ;
set F[42] := 2 11
             11 20
             20 22
             22 23
             23 47
             ;
set F[43] := 2 11
             11 20
             20 22
             22 16
             16 24
             24 48
             ;
set F[44] := 3 4
             4 1
             1 25
             ;
set F[45] := 3 4
             4 1
             1 2
             2 26
             ;
set F[46] := 3 4
             4 1
             1 2
             2 11
             11 20
             20 5
             5 29
             ;
set F[47] := 3 4
             4 1
             1 2
             2 11
             11 20
             20 5
             5 6
             6 30
             ;
set F[48] := 3 4
             4 1
             1 2
             2 11
             11 20
             20 9
             9 33
             ;
set F[49] := 3 4
             4 1
             1 2
             2 11
             11 20
             20 17
             17 10
             10 34
             ;
set F[50] := 3 4
             4 1
             1 2
             2 11
             11 35
             ;
set F[51] := 3 4
             4 1
             1 2
             2 7
             7 12
             12 36
             ;
set F[52] := 3 4
             4 1
             1 2
             2 11
             11 20
             20 14
             14 38
             ;
set F[53] := 3 4
             4 1
             1 2
             2 11
             11 20
             20 22
             22 16
             16 15
             15 39
             ;
set F[54] := 3 4
             4 1
             1 2
             2 11
             11 20
             20 22
             22 16
             16 40
             ;
set F[55] := 3 4
             4 1
             1 2
             2 11
             11 20
             20 17
             17 41
             ;
set F[56] := 3 4
             4 1
             1 2
             2 11
             11 20
             20 19
             19 18
             18 42
             ;
set F[57] := 3 4
             4 1
             1 2
             2 11
             11 20
             20 19
             19 43
             ;
set F[58] := 3 4
             4 1
             1 2
             2 11
             11 20
             20 44
             ;
set F[59] := 4 1
             1 2
             2 26
             ;
set F[60] := 4 1
             1 2
             2 11
             11 20
             20 9
             9 33
             ;
set F[61] := 4 1
             1 2
             2 11
             11 20
             20 17
             17 10
             10 34
             ;
set F[62] := 4 1
             1 2
             2 11
             11 35
             ;
set F[63] := 4 1
             1 2
             2 11
             11 20
             20 14
             14 38
             ;
set F[64] := 4 1
             1 2
             2 11
             11 20
             20 22
             22 16
             16 40
             ;
set F[65] := 4 1
             1 2
             2 11
             11 20
             20 17
             17 41
             ;
set F[66] := 4 1
             1 2
             2 11
             11 20
             20 19
             19 43
             ;
set F[67] := 4 1
             1 2
             2 11
             11 20
             20 44
             ;
set F[68] := 5 20
             20 11
             11 2
             2 26
             ;
set F[69] := 5 20
             20 9
             9 33
             ;
set F[70] := 5 20
             20 17
             17 10
             10 34
             ;
set F[71] := 5 20
             20 11
             11 35
             ;
set F[72] := 5 20
             20 11
             11 2
             2 7
             7 12
             12 36
             ;
set F[73] := 5 20
             20 14
             14 38
             ;
set F[74] := 5 20
             20 22
             22 16
             16 15
             15 39
             ;
set F[75] := 5 20
             20 22
             22 16
             16 40
             ;
set F[76] := 5 20
             20 17
             17 41
             ;
set F[77] := 5 20
             20 19
             19 18
             18 42
             ;
set F[78] := 5 20
             20 19
             19 43
             ;
set F[79] := 5 20
             20 44
             ;
set F[80] := 6 5
             5 20
             20 11
             11 2
             2 1
             1 25
             ;
set F[81] := 6 5
             5 20
             20 11
             11 2
             2 26
             ;
set F[82] := 6 5
             5 20
             20 11
             11 2
             2 1
             1 4
             4 3
             3 27
             ;
set F[83] := 6 5
             5 29
             ;
set F[84] := 6 5
             5 20
             20 8
             8 32
             ;
set F[85] := 6 5
             5 20
             20 9
             9 33
             ;
set F[86] := 6 17
             17 10
             10 34
             ;
set F[87] := 6 5
             5 20
             20 11
             11 35
             ;
set F[88] := 6 5
             5 20
             20 11
             11 2
             2 7
             7 12
             12 36
             ;
set F[89] := 6 5
             5 20
             20 14
             14 38
             ;
set F[90] := 6 5
             5 20
             20 22
             22 16
             16 15
             15 39
             ;
set F[91] := 6 5
             5 20
             20 22
             22 16
             16 40
             ;
set F[92] := 6 17
             17 41
             ;
set F[93] := 6 5
             5 20
             20 19
             19 18
             18 42
             ;
set F[94] := 6 5
             5 20
             20 19
             19 43
             ;
set F[95] := 6 5
             5 20
             20 44
             ;
set F[96] := 6 5
             5 20
             20 21
             21 45
             ;
set F[97] := 6 5
             5 20
             20 22
             22 23
             23 47
             ;
set F[98] := 7 2
             2 1
             1 25
             ;
set F[99] := 7 2
             2 26
             ;
set F[100] := 7 2
              2 1
              1 4
              4 3
              3 27
              ;
set F[101] := 7 2
              2 11
              11 20
              20 5
              5 29
              ;
set F[102] := 7 2
              2 11
              11 20
              20 5
              5 6
              6 30
              ;
set F[103] := 7 2
              2 11
              11 20
              20 8
              8 32
              ;
set F[104] := 7 2
              2 11
              11 20
              20 9
              9 33
              ;
set F[105] := 7 2
              2 11
              11 20
              20 17
              17 10
              10 34
              ;
set F[106] := 7 2
              2 11
              11 35
              ;
set F[107] := 7 12
              12 36
              ;
set F[108] := 7 2
              2 11
              11 20
              20 14
              14 38
              ;
set F[109] := 7 2
              2 11
              11 20
              20 22
              22 16
              16 15
              15 39
              ;
set F[110] := 7 2
              2 11
              11 20
              20 22
              22 16
              16 40
              ;
set F[111] := 7 2
              2 11
              11 20
              20 17
              17 41
              ;
set F[112] := 7 2
              2 11
              11 20
              20 19
              19 18
              18 42
              ;
set F[113] := 7 2
              2 11
              11 20
              20 19
              19 43
              ;
set F[114] := 7 2
              2 11
              11 20
              20 44
              ;
set F[115] := 7 2
              2 11
              11 20
              20 21
              21 45
              ;
set F[116] := 7 2
              2 11
              11 20
              20 22
              22 46
              ;
set F[117] := 7 2
              2 11
              11 20
              20 22
              22 23
              23 47
              ;
set F[118] := 7 2
              2 11
              11 20
              20 22
              22 16
              16 24
              24 48
              ;
set F[119] := 8 20
              20 11
              11 2
              2 26
              ;
set F[120] := 8 20
              20 9
              9 33
              ;
set F[121] := 8 20
              20 17
              17 10
              10 34
              ;
set F[122] := 8 20
              20 11
              11 35
              ;
set F[123] := 8 20
              20 11
              11 2
              2 7
              7 12
              12 36
              ;
set F[124] := 8 20
              20 14
              14 38
              ;
set F[125] := 8 20
              20 22
              22 16
              16 40
              ;
set F[126] := 8 20
              20 17
              17 41
              ;
set F[127] := 8 20
              20 19
              19 43
              ;
set F[128] := 8 20
              20 44
              ;
set F[129] := 9 20
              20 11
              11 2
              2 1
              1 25
              ;
set F[130] := 9 20
              20 11
              11 2
              2 26
              ;
set F[131] := 9 20
              20 11
              11 2
              2 1
              1 4
              4 3
              3 27
              ;
set F[132] := 9 20
              20 5
              5 29
              ;
set F[133] := 9 20
              20 5
              5 6
              6 30
              ;
set F[134] := 9 20
              20 11
              11 2
              2 7
              7 31
              ;
set F[135] := 9 20
              20 8
              8 32
              ;
set F[136] := 9 20
              20 17
              17 10
              10 34
              ;
set F[137] := 9 20
              20 11
              11 35
              ;
set F[138] := 9 20
              20 11
              11 2
              2 7
              7 12
              12 36
              ;
set F[139] := 9 20
              20 14
              14 38
              ;
set F[140] := 9 20
              20 22
              22 16
              16 15
              15 39
              ;
set F[141] := 9 20
              20 22
              22 16
              16 40
              ;
set F[142] := 9 20
              20 17
              17 41
              ;
set F[143] := 9 20
              20 19
              19 18
              18 42
              ;
set F[144] := 9 20
              20 19
              19 43
              ;
set F[145] := 9 20
              20 44
              ;
set F[146] := 9 20
              20 21
              21 45
              ;
set F[147] := 9 20
              20 22
              22 46
              ;
set F[148] := 9 20
              20 22
              22 23
              23 47
              ;
set F[149] := 9 20
              20 22
              22 16
              16 24
              24 48
              ;
set F[150] := 10 17
              17 20
              20 11
              11 2
              2 1
              1 25
              ;
set F[151] := 10 17
              17 20
              20 11
              11 2
              2 26
              ;
set F[152] := 10 17
              17 20
              20 11
              11 2
              2 1
              1 4
              4 3
              3 27
              ;
set F[153] := 10 17
              17 20
              20 11
              11 2
              2 1
              1 4
              4 28
              ;
set F[154] := 10 17
              17 6
              6 5
              5 29
              ;
set F[155] := 10 17
              17 6
              6 30
              ;
set F[156] := 10 17
              17 20
              20 11
              11 2
              2 7
              7 31
              ;
set F[157] := 10 17
              17 20
              20 8
              8 32
              ;
set F[158] := 10 17
              17 20
              20 9
              9 33
              ;
set F[159] := 10 17
              17 20
              20 11
              11 35
              ;
set F[160] := 10 17
              17 20
              20 11
              11 2
              2 7
              7 12
              12 36
              ;
set F[161] := 10 17
              17 20
              20 22
              22 23
              23 13
              13 37
              ;
set F[162] := 10 17
              17 20
              20 14
              14 38
              ;
set F[163] := 10 17
              17 20
              20 22
              22 16
              16 15
              15 39
              ;
set F[164] := 10 17
              17 20
              20 22
              22 16
              16 40
              ;
set F[165] := 10 17
              17 41
              ;
set F[166] := 10 17
              17 20
              20 19
              19 18
              18 42
              ;
set F[167] := 10 17
              17 20
              20 19
              19 43
              ;
set F[168] := 10 17
              17 20
              20 44
              ;
set F[169] := 10 17
              17 20
              20 21
              21 45
              ;
set F[170] := 10 17
              17 20
              20 22
              22 46
              ;
set F[171] := 10 17
              17 20
              20 22
              22 23
              23 47
              ;
set F[172] := 10 17
              17 20
              20 22
              22 16
              16 24
              24 48
              ;
set F[173] := 11 2
              2 1
              1 25
              ;
set F[174] := 11 2
              2 26
              ;
set F[175] := 11 2
              2 1
              1 4
              4 3
              3 27
              ;
set F[176] := 11 20
              20 5
              5 29
              ;
set F[177] := 11 20
              20 5
              5 6
              6 30
              ;
set F[178] := 11 2
              2 7
              7 31
              ;
set F[179] := 11 20
              20 8
              8 32
              ;
set F[180] := 11 20
              20 9
              9 33
              ;
set F[181] := 11 20
              20 17
              17 10
              10 34
              ;
set F[182] := 11 2
              2 7
              7 12
              12 36
              ;
set F[183] := 11 20
              20 14
              14 38
              ;
set F[184] := 11 20
              20 22
              22 16
              16 15
              15 39
              ;
set F[185] := 11 20
              20 22
              22 16
              16 40
              ;
set F[186] := 11 20
              20 17
              17 41
              ;
set F[187] := 11 20
              20 19
              19 18
              18 42
              ;
set F[188] := 11 20
              20 19
              19 43
              ;
set F[189] := 11 20
              20 44
              ;
set F[190] := 11 20
              20 21
              21 45
              ;
set F[191] := 11 20
              20 22
              22 46
              ;
set F[192] := 11 20
              20 22
              22 23
              23 47
              ;
set F[193] := 11 20
              20 22
              22 16
              16 24
              24 48
              ;
set F[194] := 12 7
              7 2
              2 1
              1 25
              ;
set F[195] := 12 7
              7 2
              2 26
              ;
set F[196] := 12 7
              7 2
              2 1
              1 4
              4 3
              3 27
              ;
set F[197] := 12 7
              7 2
              2 11
              11 20
              20 5
              5 29
              ;
set F[198] := 12 7
              7 2
              2 11
              11 20
              20 5
              5 6
              6 30
              ;
set F[199] := 12 7
              7 2
              2 11
              11 20
              20 8
              8 32
              ;
set F[200] := 12 7
              7 2
              2 11
              11 20
              20 9
              9 33
              ;
set F[201] := 12 7
              7 2
              2 11
              11 20
              20 17
              17 10
              10 34
              ;
set F[202] := 12 7
              7 2
              2 11
              11 35
              ;
set F[203] := 12 7
              7 2
              2 11
              11 20
              20 14
              14 38
              ;
set F[204] := 12 7
              7 2
              2 11
              11 20
              20 22
              22 16
              16 15
              15 39
              ;
set F[205] := 12 7
              7 2
              2 11
              11 20
              20 22
              22 16
              16 40
              ;
set F[206] := 12 7
              7 2
              2 11
              11 20
              20 17
              17 41
              ;
set F[207] := 12 7
              7 2
              2 11
              11 20
              20 19
              19 18
              18 42
              ;
set F[208] := 12 7
              7 2
              2 11
              11 20
              20 19
              19 43
              ;
set F[209] := 12 7
              7 2
              2 11
              11 20
              20 44
              ;
set F[210] := 12 7
              7 2
              2 11
              11 20
              20 21
              21 45
              ;
set F[211] := 12 7
              7 2
              2 11
              11 20
              20 22
              22 46
              ;
set F[212] := 12 7
              7 2
              2 11
              11 20
              20 22
              22 23
              23 47
              ;
set F[213] := 12 7
              7 2
              2 11
              11 20
              20 22
              22 16
              16 24
              24 48
              ;
set F[214] := 13 23
              23 22
              22 20
              20 11
              11 2
              2 1
              1 25
              ;
set F[215] := 13 23
              23 22
              22 20
              20 11
              11 2
              2 26
              ;
set F[216] := 13 23
              23 22
              22 20
              20 11
              11 2
              2 1
              1 4
              4 3
              3 27
              ;
set F[217] := 13 23
              23 22
              22 20
              20 5
              5 29
              ;
set F[218] := 13 23
              23 22
              22 20
              20 5
              5 6
              6 30
              ;
set F[219] := 13 23
              23 22
              22 20
              20 8
              8 32
              ;
set F[220] := 13 23
              23 22
              22 20
              20 9
              9 33
              ;
set F[221] := 13 23
              23 22
              22 20
              20 17
              17 10
              10 34
              ;
set F[222] := 13 23
              23 22
              22 20
              20 11
              11 35
              ;
set F[223] := 13 23
              23 22
              22 20
              20 11
              11 2
              2 7
              7 12
              12 36
              ;
set F[224] := 13 23
              23 22
              22 20
              20 14
              14 38
              ;
set F[225] := 13 23
              23 22
              22 16
              16 15
              15 39
              ;
set F[226] := 13 23
              23 22
              22 16
              16 40
              ;
set F[227] := 13 23
              23 22
              22 20
              20 17
              17 41
              ;
set F[228] := 13 23
              23 22
              22 20
              20 19
              19 18
              18 42
              ;
set F[229] := 13 23
              23 22
              22 20
              20 19
              19 43
              ;
set F[230] := 13 23
              23 22
              22 20
              20 44
              ;
set F[231] := 13 23
              23 22
              22 20
              20 21
              21 45
              ;
set F[232] := 13 23
              23 47
              ;
set F[233] := 13 23
              23 22
              22 16
              16 24
              24 48
              ;
set F[234] := 14 20
              20 11
              11 2
              2 1
              1 25
              ;
set F[235] := 14 20
              20 11
              11 2
              2 26
              ;
set F[236] := 14 20
              20 11
              11 2
              2 1
              1 4
              4 3
              3 27
              ;
set F[237] := 14 20
              20 11
              11 2
              2 1
              1 4
              4 28
              ;
set F[238] := 14 20
              20 5
              5 29
              ;
set F[239] := 14 20
              20 5
              5 6
              6 30
              ;
set F[240] := 14 20
              20 11
              11 2
              2 7
              7 31
              ;
set F[241] := 14 20
              20 8
              8 32
              ;
set F[242] := 14 20
              20 9
              9 33
              ;
set F[243] := 14 20
              20 17
              17 10
              10 34
              ;
set F[244] := 14 20
              20 11
              11 35
              ;
set F[245] := 14 20
              20 11
              11 2
              2 7
              7 12
              12 36
              ;
set F[246] := 14 20
              20 22
              22 23
              23 13
              13 37
              ;
set F[247] := 14 20
              20 22
              22 16
              16 15
              15 39
              ;
set F[248] := 14 20
              20 22
              22 16
              16 40
              ;
set F[249] := 14 20
              20 17
              17 41
              ;
set F[250] := 14 20
              20 19
              19 18
              18 42
              ;
set F[251] := 14 20
              20 19
              19 43
              ;
set F[252] := 14 20
              20 44
              ;
set F[253] := 14 20
              20 21
              21 45
              ;
set F[254] := 14 20
              20 22
              22 46
              ;
set F[255] := 14 20
              20 22
              22 23
              23 47
              ;
set F[256] := 14 20
              20 22
              22 16
              16 24
              24 48
              ;
set F[257] := 15 16
              16 22
              22 20
              20 11
              11 2
              2 1
              1 25
              ;
set F[258] := 15 16
              16 22
              22 20
              20 11
              11 2
              2 26
              ;
set F[259] := 15 16
              16 22
              22 20
              20 11
              11 2
              2 1
              1 4
              4 3
              3 27
              ;
set F[260] := 15 16
              16 22
              22 20
              20 5
              5 29
              ;
set F[261] := 15 16
              16 22
              22 20
              20 5
              5 6
              6 30
              ;
set F[262] := 15 16
              16 22
              22 20
              20 8
              8 32
              ;
set F[263] := 15 16
              16 22
              22 20
              20 9
              9 33
              ;
set F[264] := 15 16
              16 22
              22 20
              20 17
              17 10
              10 34
              ;
set F[265] := 15 16
              16 22
              22 20
              20 11
              11 35
              ;
set F[266] := 15 16
              16 22
              22 20
              20 11
              11 2
              2 7
              7 12
              12 36
              ;
set F[267] := 15 16
              16 22
              22 20
              20 14
              14 38
              ;
set F[268] := 15 16
              16 40
              ;
set F[269] := 15 16
              16 22
              22 20
              20 17
              17 41
              ;
set F[270] := 15 16
              16 22
              22 20
              20 19
              19 18
              18 42
              ;
set F[271] := 15 16
              16 22
              22 20
              20 19
              19 43
              ;
set F[272] := 15 16
              16 22
              22 20
              20 44
              ;
set F[273] := 15 16
              16 22
              22 20
              20 21
              21 45
              ;
set F[274] := 15 16
              16 22
              22 23
              23 47
              ;
set F[275] := 16 22
              22 20
              20 11
              11 2
              2 1
              1 25
              ;
set F[276] := 16 22
              22 20
              20 11
              11 2
              2 26
              ;
set F[277] := 16 22
              22 20
              20 11
              11 2
              2 1
              1 4
              4 3
              3 27
              ;
set F[278] := 16 22
              22 20
              20 5
              5 29
              ;
set F[279] := 16 22
              22 20
              20 5
              5 6
              6 30
              ;
set F[280] := 16 22
              22 20
              20 11
              11 2
              2 7
              7 31
              ;
set F[281] := 16 22
              22 20
              20 8
              8 32
              ;
set F[282] := 16 22
              22 20
              20 9
              9 33
              ;
set F[283] := 16 22
              22 20
              20 17
              17 10
              10 34
              ;
set F[284] := 16 22
              22 20
              20 11
              11 35
              ;
set F[285] := 16 22
              22 20
              20 11
              11 2
              2 7
              7 12
              12 36
              ;
set F[286] := 16 22
              22 20
              20 14
              14 38
              ;
set F[287] := 16 15
              15 39
              ;
set F[288] := 16 22
              22 20
              20 17
              17 41
              ;
set F[289] := 16 22
              22 20
              20 19
              19 18
              18 42
              ;
set F[290] := 16 22
              22 20
              20 19
              19 43
              ;
set F[291] := 16 22
              22 20
              20 44
              ;
set F[292] := 16 22
              22 20
              20 21
              21 45
              ;
set F[293] := 16 22
              22 46
              ;
set F[294] := 16 22
              22 23
              23 47
              ;
set F[295] := 16 24
              24 48
              ;
set F[296] := 17 20
              20 11
              11 2
              2 1
              1 25
              ;
set F[297] := 17 20
              20 11
              11 2
              2 26
              ;
set F[298] := 17 20
              20 11
              11 2
              2 1
              1 4
              4 3
              3 27
              ;
set F[299] := 17 20
              20 11
              11 2
              2 1
              1 4
              4 28
              ;
set F[300] := 17 6
              6 5
              5 29
              ;
set F[301] := 17 6
              6 30
              ;
set F[302] := 17 20
              20 11
              11 2
              2 7
              7 31
              ;
set F[303] := 17 20
              20 8
              8 32
              ;
set F[304] := 17 20
              20 9
              9 33
              ;
set F[305] := 17 10
              10 34
              ;
set F[306] := 17 20
              20 11
              11 35
              ;
set F[307] := 17 20
              20 11
              11 2
              2 7
              7 12
              12 36
              ;
set F[308] := 17 20
              20 14
              14 38
              ;
set F[309] := 17 20
              20 22
              22 16
              16 15
              15 39
              ;
set F[310] := 17 20
              20 22
              22 16
              16 40
              ;
set F[311] := 17 20
              20 19
              19 18
              18 42
              ;
set F[312] := 17 20
              20 19
              19 43
              ;
set F[313] := 17 20
              20 44
              ;
set F[314] := 17 20
              20 21
              21 45
              ;
set F[315] := 17 20
              20 22
              22 46
              ;
set F[316] := 17 20
              20 22
              22 23
              23 47
              ;
set F[317] := 17 20
              20 22
              22 16
              16 24
              24 48
              ;
set F[318] := 18 19
              19 20
              20 11
              11 2
              2 1
              1 25
              ;
set F[319] := 18 19
              19 20
              20 11
              11 2
              2 26
              ;
set F[320] := 18 19
              19 20
              20 11
              11 2
              2 1
              1 4
              4 3
              3 27
              ;
set F[321] := 18 19
              19 20
              20 5
              5 29
              ;
set F[322] := 18 19
              19 20
              20 5
              5 6
              6 30
              ;
set F[323] := 18 19
              19 20
              20 9
              9 33
              ;
set F[324] := 18 19
              19 20
              20 17
              17 10
              10 34
              ;
set F[325] := 18 19
              19 20
              20 11
              11 35
              ;
set F[326] := 18 19
              19 20
              20 11
              11 2
              2 7
              7 12
              12 36
              ;
set F[327] := 18 19
              19 20
              20 14
              14 38
              ;
set F[328] := 18 19
              19 20
              20 22
              22 16
              16 15
              15 39
              ;
set F[329] := 18 19
              19 20
              20 22
              22 16
              16 40
              ;
set F[330] := 18 19
              19 20
              20 17
              17 41
              ;
set F[331] := 18 19
              19 43
              ;
set F[332] := 18 19
              19 20
              20 44
              ;
set F[333] := 18 19
              19 20
              20 22
              22 23
              23 47
              ;
set F[334] := 19 20
              20 11
              11 2
              2 1
              1 25
              ;
set F[335] := 19 20
              20 11
              11 2
              2 26
              ;
set F[336] := 19 20
              20 9
              9 33
              ;
set F[337] := 19 20
              20 17
              17 10
              10 34
              ;
set F[338] := 19 20
              20 11
              11 35
              ;
set F[339] := 19 20
              20 11
              11 2
              2 7
              7 12
              12 36
              ;
set F[340] := 19 20
              20 14
              14 38
              ;
set F[341] := 19 20
              20 22
              22 16
              16 15
              15 39
              ;
set F[342] := 19 20
              20 22
              22 16
              16 40
              ;
set F[343] := 19 20
              20 17
              17 41
              ;
set F[344] := 19 18
              18 42
              ;
set F[345] := 19 20
              20 44
              ;
set F[346] := 20 11
              11 2
              2 1
              1 25
              ;
set F[347] := 20 11
              11 2
              2 26
              ;
set F[348] := 20 11
              11 2
              2 1
              1 4
              4 3
              3 27
              ;
set F[349] := 20 11
              11 2
              2 1
              1 4
              4 28
              ;
set F[350] := 20 5
              5 29
              ;
set F[351] := 20 5
              5 6
              6 30
              ;
set F[352] := 20 11
              11 2
              2 7
              7 31
              ;
set F[353] := 20 8
              8 32
              ;
set F[354] := 20 9
              9 33
              ;
set F[355] := 20 17
              17 10
              10 34
              ;
set F[356] := 20 11
              11 35
              ;
set F[357] := 20 11
              11 2
              2 7
              7 12
              12 36
              ;
set F[358] := 20 22
              22 23
              23 13
              13 37
              ;
set F[359] := 20 14
              14 38
              ;
set F[360] := 20 22
              22 16
              16 15
              15 39
              ;
set F[361] := 20 22
              22 16
              16 40
              ;
set F[362] := 20 17
              17 41
              ;
set F[363] := 20 19
              19 18
              18 42
              ;
set F[364] := 20 19
              19 43
              ;
set F[365] := 20 21
              21 45
              ;
set F[366] := 20 22
              22 46
              ;
set F[367] := 20 22
              22 23
              23 47
              ;
set F[368] := 20 22
              22 16
              16 24
              24 48
              ;
set F[369] := 21 20
              20 11
              11 2
              2 1
              1 25
              ;
set F[370] := 21 20
              20 11
              11 2
              2 26
              ;
set F[371] := 21 20
              20 11
              11 2
              2 1
              1 4
              4 3
              3 27
              ;
set F[372] := 21 20
              20 5
              5 29
              ;
set F[373] := 21 20
              20 5
              5 6
              6 30
              ;
set F[374] := 21 20
              20 9
              9 33
              ;
set F[375] := 21 20
              20 17
              17 10
              10 34
              ;
set F[376] := 21 20
              20 11
              11 35
              ;
set F[377] := 21 20
              20 11
              11 2
              2 7
              7 12
              12 36
              ;
set F[378] := 21 20
              20 14
              14 38
              ;
set F[379] := 21 20
              20 22
              22 16
              16 15
              15 39
              ;
set F[380] := 21 20
              20 22
              22 16
              16 40
              ;
set F[381] := 21 20
              20 17
              17 41
              ;
set F[382] := 21 20
              20 19
              19 18
              18 42
              ;
set F[383] := 21 20
              20 19
              19 43
              ;
set F[384] := 21 20
              20 44
              ;
set F[385] := 21 20
              20 22
              22 23
              23 47
              ;
set F[386] := 22 20
              20 11
              11 2
              2 1
              1 25
              ;
set F[387] := 22 20
              20 11
              11 2
              2 26
              ;
set F[388] := 22 20
              20 11
              11 2
              2 1
              1 4
              4 3
              3 27
              ;
set F[389] := 22 20
              20 5
              5 29
              ;
set F[390] := 22 20
              20 5
              5 6
              6 30
              ;
set F[391] := 22 20
              20 8
              8 32
              ;
set F[392] := 22 20
              20 9
              9 33
              ;
set F[393] := 22 20
              20 17
              17 10
              10 34
              ;
set F[394] := 22 20
              20 11
              11 35
              ;
set F[395] := 22 20
              20 11
              11 2
              2 7
              7 12
              12 36
              ;
set F[396] := 22 20
              20 14
              14 38
              ;
set F[397] := 22 16
              16 15
              15 39
              ;
set F[398] := 22 16
              16 40
              ;
set F[399] := 22 20
              20 17
              17 41
              ;
set F[400] := 22 20
              20 19
              19 18
              18 42
              ;
set F[401] := 22 20
              20 19
              19 43
              ;
set F[402] := 22 20
              20 44
              ;
set F[403] := 22 20
              20 21
              21 45
              ;
set F[404] := 22 23
              23 47
              ;
set F[405] := 22 16
              16 24
              24 48
              ;
set F[406] := 23 22
              22 20
              20 11
              11 2
              2 1
              1 25
              ;
set F[407] := 23 22
              22 20
              20 11
              11 2
              2 26
              ;
set F[408] := 23 22
              22 20
              20 11
              11 2
              2 1
              1 4
              4 3
              3 27
              ;
set F[409] := 23 22
              22 20
              20 5
              5 29
              ;
set F[410] := 23 22
              22 20
              20 5
              5 6
              6 30
              ;
set F[411] := 23 22
              22 20
              20 11
              11 2
              2 7
              7 31
              ;
set F[412] := 23 22
              22 20
              20 8
              8 32
              ;
set F[413] := 23 22
              22 20
              20 9
              9 33
              ;
set F[414] := 23 22
              22 20
              20 17
              17 10
              10 34
              ;
set F[415] := 23 22
              22 20
              20 11
              11 35
              ;
set F[416] := 23 22
              22 20
              20 11
              11 2
              2 7
              7 12
              12 36
              ;
set F[417] := 23 22
              22 20
              20 14
              14 38
              ;
set F[418] := 23 22
              22 16
              16 15
              15 39
              ;
set F[419] := 23 22
              22 16
              16 40
              ;
set F[420] := 23 22
              22 20
              20 17
              17 41
              ;
set F[421] := 23 22
              22 20
              20 19
              19 18
              18 42
              ;
set F[422] := 23 22
              22 20
              20 19
              19 43
              ;
set F[423] := 23 22
              22 20
              20 44
              ;
set F[424] := 23 22
              22 20
              20 21
              21 45
              ;
set F[425] := 23 22
              22 46
              ;
set F[426] := 23 22
              22 16
              16 24
              24 48
              ;
set F[427] := 24 16
              16 22
              22 20
              20 11
              11 2
              2 1
              1 25
              ;
set F[428] := 24 16
              16 22
              22 20
              20 11
              11 2
              2 26
              ;
set F[429] := 24 16
              16 22
              22 20
              20 11
              11 2
              2 1
              1 4
              4 3
              3 27
              ;
set F[430] := 24 16
              16 22
              22 20
              20 5
              5 6
              6 30
              ;
set F[431] := 24 16
              16 22
              22 20
              20 9
              9 33
              ;
set F[432] := 24 16
              16 22
              22 20
              20 17
              17 10
              10 34
              ;
set F[433] := 24 16
              16 22
              22 20
              20 11
              11 35
              ;
set F[434] := 24 16
              16 22
              22 20
              20 11
              11 2
              2 7
              7 12
              12 36
              ;
set F[435] := 24 16
              16 22
              22 20
              20 14
              14 38
              ;
set F[436] := 24 16
              16 15
              15 39
              ;
set F[437] := 24 16
              16 40
              ;
set F[438] := 24 16
              16 22
              22 20
              20 17
              17 41
              ;
set F[439] := 24 16
              16 22
              22 20
              20 19
              19 18
              18 42
              ;
set F[440] := 24 16
              16 22
              22 20
              20 19
              19 43
              ;
set F[441] := 24 16
              16 22
              22 20
              20 44
              ;
set Last[1] := 2 26;
set Last[2] := 3 27;
set Last[3] := 5 29;
set Last[4] := 6 30;
set Last[5] := 8 32;
set Last[6] := 9 33;
set Last[7] := 10 34;
set Last[8] := 11 35;
set Last[9] := 12 36;
set Last[10] := 14 38;
set Last[11] := 15 39;
set Last[12] := 16 40;
set Last[13] := 17 41;
set Last[14] := 18 42;
set Last[15] := 19 43;
set Last[16] := 20 44;
set Last[17] := 21 45;
set Last[18] := 22 46;
set Last[19] := 23 47;
set Last[20] := 24 48;
set Last[21] := 1 25;
set Last[22] := 3 27;
set Last[23] := 4 28;
set Last[24] := 5 29;
set Last[25] := 6 30;
set Last[26] := 7 31;
set Last[27] := 8 32;
set Last[28] := 9 33;
set Last[29] := 10 34;
set Last[30] := 11 35;
set Last[31] := 12 36;
set Last[32] := 13 37;
set Last[33] := 14 38;
set Last[34] := 15 39;
set Last[35] := 16 40;
set Last[36] := 17 41;
set Last[37] := 18 42;
set Last[38] := 19 43;
set Last[39] := 20 44;
set Last[40] := 21 45;
set Last[41] := 22 46;
set Last[42] := 23 47;
set Last[43] := 24 48;
set Last[44] := 1 25;
set Last[45] := 2 26;
set Last[46] := 5 29;
set Last[47] := 6 30;
set Last[48] := 9 33;
set Last[49] := 10 34;
set Last[50] := 11 35;
set Last[51] := 12 36;
set Last[52] := 14 38;
set Last[53] := 15 39;
set Last[54] := 16 40;
set Last[55] := 17 41;
set Last[56] := 18 42;
set Last[57] := 19 43;
set Last[58] := 20 44;
set Last[59] := 2 26;
set Last[60] := 9 33;
set Last[61] := 10 34;
set Last[62] := 11 35;
set Last[63] := 14 38;
set Last[64] := 16 40;
set Last[65] := 17 41;
set Last[66] := 19 43;
set Last[67] := 20 44;
set Last[68] := 2 26;
set Last[69] := 9 33;
set Last[70] := 10 34;
set Last[71] := 11 35;
set Last[72] := 12 36;
set Last[73] := 14 38;
set Last[74] := 15 39;
set Last[75] := 16 40;
set Last[76] := 17 41;
set Last[77] := 18 42;
set Last[78] := 19 43;
set Last[79] := 20 44;
set Last[80] := 1 25;
set Last[81] := 2 26;
set Last[82] := 3 27;
set Last[83] := 5 29;
set Last[84] := 8 32;
set Last[85] := 9 33;
set Last[86] := 10 34;
set Last[87] := 11 35;
set Last[88] := 12 36;
set Last[89] := 14 38;
set Last[90] := 15 39;
set Last[91] := 16 40;
set Last[92] := 17 41;
set Last[93] := 18 42;
set Last[94] := 19 43;
set Last[95] := 20 44;
set Last[96] := 21 45;
set Last[97] := 23 47;
set Last[98] := 1 25;
set Last[99] := 2 26;
set Last[100] := 3 27;
set Last[101] := 5 29;
set Last[102] := 6 30;
set Last[103] := 8 32;
set Last[104] := 9 33;
set Last[105] := 10 34;
set Last[106] := 11 35;
set Last[107] := 12 36;
set Last[108] := 14 38;
set Last[109] := 15 39;
set Last[110] := 16 40;
set Last[111] := 17 41;
set Last[112] := 18 42;
set Last[113] := 19 43;
set Last[114] := 20 44;
set Last[115] := 21 45;
set Last[116] := 22 46;
set Last[117] := 23 47;
set Last[118] := 24 48;
set Last[119] := 2 26;
set Last[120] := 9 33;
set Last[121] := 10 34;
set Last[122] := 11 35;
set Last[123] := 12 36;
set Last[124] := 14 38;
set Last[125] := 16 40;
set Last[126] := 17 41;
set Last[127] := 19 43;
set Last[128] := 20 44;
set Last[129] := 1 25;
set Last[130] := 2 26;
set Last[131] := 3 27;
set Last[132] := 5 29;
set Last[133] := 6 30;
set Last[134] := 7 31;
set Last[135] := 8 32;
set Last[136] := 10 34;
set Last[137] := 11 35;
set Last[138] := 12 36;
set Last[139] := 14 38;
set Last[140] := 15 39;
set Last[141] := 16 40;
set Last[142] := 17 41;
set Last[143] := 18 42;
set Last[144] := 19 43;
set Last[145] := 20 44;
set Last[146] := 21 45;
set Last[147] := 22 46;
set Last[148] := 23 47;
set Last[149] := 24 48;
set Last[150] := 1 25;
set Last[151] := 2 26;
set Last[152] := 3 27;
set Last[153] := 4 28;
set Last[154] := 5 29;
set Last[155] := 6 30;
set Last[156] := 7 31;
set Last[157] := 8 32;
set Last[158] := 9 33;
set Last[159] := 11 35;
set Last[160] := 12 36;
set Last[161] := 13 37;
set Last[162] := 14 38;
set Last[163] := 15 39;
set Last[164] := 16 40;
set Last[165] := 17 41;
set Last[166] := 18 42;
set Last[167] := 19 43;
set Last[168] := 20 44;
set Last[169] := 21 45;
set Last[170] := 22 46;
set Last[171] := 23 47;
set Last[172] := 24 48;
set Last[173] := 1 25;
set Last[174] := 2 26;
set Last[175] := 3 27;
set Last[176] := 5 29;
set Last[177] := 6 30;
set Last[178] := 7 31;
set Last[179] := 8 32;
set Last[180] := 9 33;
set Last[181] := 10 34;
set Last[182] := 12 36;
set Last[183] := 14 38;
set Last[184] := 15 39;
set Last[185] := 16 40;
set Last[186] := 17 41;
set Last[187] := 18 42;
set Last[188] := 19 43;
set Last[189] := 20 44;
set Last[190] := 21 45;
set Last[191] := 22 46;
set Last[192] := 23 47;
set Last[193] := 24 48;
set Last[194] := 1 25;
set Last[195] := 2 26;
set Last[196] := 3 27;
set Last[197] := 5 29;
set Last[198] := 6 30;
set Last[199] := 8 32;
set Last[200] := 9 33;
set Last[201] := 10 34;
set Last[202] := 11 35;
set Last[203] := 14 38;
set Last[204] := 15 39;
set Last[205] := 16 40;
set Last[206] := 17 41;
set Last[207] := 18 42;
set Last[208] := 19 43;
set Last[209] := 20 44;
set Last[210] := 21 45;
set Last[211] := 22 46;
set Last[212] := 23 47;
set Last[213] := 24 48;
set Last[214] := 1 25;
set Last[215] := 2 26;
set Last[216] := 3 27;
set Last[217] := 5 29;
set Last[218] := 6 30;
set Last[219] := 8 32;
set Last[220] := 9 33;
set Last[221] := 10 34;
set Last[222] := 11 35;
set Last[223] := 12 36;
set Last[224] := 14 38;
set Last[225] := 15 39;
set Last[226] := 16 40;
set Last[227] := 17 41;
set Last[228] := 18 42;
set Last[229] := 19 43;
set Last[230] := 20 44;
set Last[231] := 21 45;
set Last[232] := 23 47;
set Last[233] := 24 48;
set Last[234] := 1 25;
set Last[235] := 2 26;
set Last[236] := 3 27;
set Last[237] := 4 28;
set Last[238] := 5 29;
set Last[239] := 6 30;
set Last[240] := 7 31;
set Last[241] := 8 32;
set Last[242] := 9 33;
set Last[243] := 10 34;
set Last[244] := 11 35;
set Last[245] := 12 36;
set Last[246] := 13 37;
set Last[247] := 15 39;
set Last[248] := 16 40;
set Last[249] := 17 41;
set Last[250] := 18 42;
set Last[251] := 19 43;
set Last[252] := 20 44;
set Last[253] := 21 45;
set Last[254] := 22 46;
set Last[255] := 23 47;
set Last[256] := 24 48;
set Last[257] := 1 25;
set Last[258] := 2 26;
set Last[259] := 3 27;
set Last[260] := 5 29;
set Last[261] := 6 30;
set Last[262] := 8 32;
set Last[263] := 9 33;
set Last[264] := 10 34;
set Last[265] := 11 35;
set Last[266] := 12 36;
set Last[267] := 14 38;
set Last[268] := 16 40;
set Last[269] := 17 41;
set Last[270] := 18 42;
set Last[271] := 19 43;
set Last[272] := 20 44;
set Last[273] := 21 45;
set Last[274] := 23 47;
set Last[275] := 1 25;
set Last[276] := 2 26;
set Last[277] := 3 27;
set Last[278] := 5 29;
set Last[279] := 6 30;
set Last[280] := 7 31;
set Last[281] := 8 32;
set Last[282] := 9 33;
set Last[283] := 10 34;
set Last[284] := 11 35;
set Last[285] := 12 36;
set Last[286] := 14 38;
set Last[287] := 15 39;
set Last[288] := 17 41;
set Last[289] := 18 42;
set Last[290] := 19 43;
set Last[291] := 20 44;
set Last[292] := 21 45;
set Last[293] := 22 46;
set Last[294] := 23 47;
set Last[295] := 24 48;
set Last[296] := 1 25;
set Last[297] := 2 26;
set Last[298] := 3 27;
set Last[299] := 4 28;
set Last[300] := 5 29;
set Last[301] := 6 30;
set Last[302] := 7 31;
set Last[303] := 8 32;
set Last[304] := 9 33;
set Last[305] := 10 34;
set Last[306] := 11 35;
set Last[307] := 12 36;
set Last[308] := 14 38;
set Last[309] := 15 39;
set Last[310] := 16 40;
set Last[311] := 18 42;
set Last[312] := 19 43;
set Last[313] := 20 44;
set Last[314] := 21 45;
set Last[315] := 22 46;
set Last[316] := 23 47;
set Last[317] := 24 48;
set Last[318] := 1 25;
set Last[319] := 2 26;
set Last[320] := 3 27;
set Last[321] := 5 29;
set Last[322] := 6 30;
set Last[323] := 9 33;
set Last[324] := 10 34;
set Last[325] := 11 35;
set Last[326] := 12 36;
set Last[327] := 14 38;
set Last[328] := 15 39;
set Last[329] := 16 40;
set Last[330] := 17 41;
set Last[331] := 19 43;
set Last[332] := 20 44;
set Last[333] := 23 47;
set Last[334] := 1 25;
set Last[335] := 2 26;
set Last[336] := 9 33;
set Last[337] := 10 34;
set Last[338] := 11 35;
set Last[339] := 12 36;
set Last[340] := 14 38;
set Last[341] := 15 39;
set Last[342] := 16 40;
set Last[343] := 17 41;
set Last[344] := 18 42;
set Last[345] := 20 44;
set Last[346] := 1 25;
set Last[347] := 2 26;
set Last[348] := 3 27;
set Last[349] := 4 28;
set Last[350] := 5 29;
set Last[351] := 6 30;
set Last[352] := 7 31;
set Last[353] := 8 32;
set Last[354] := 9 33;
set Last[355] := 10 34;
set Last[356] := 11 35;
set Last[357] := 12 36;
set Last[358] := 13 37;
set Last[359] := 14 38;
set Last[360] := 15 39;
set Last[361] := 16 40;
set Last[362] := 17 41;
set Last[363] := 18 42;
set Last[364] := 19 43;
set Last[365] := 21 45;
set Last[366] := 22 46;
set Last[367] := 23 47;
set Last[368] := 24 48;
set Last[369] := 1 25;
set Last[370] := 2 26;
set Last[371] := 3 27;
set Last[372] := 5 29;
set Last[373] := 6 30;
set Last[374] := 9 33;
set Last[375] := 10 34;
set Last[376] := 11 35;
set Last[377] := 12 36;
set Last[378] := 14 38;
set Last[379] := 15 39;
set Last[380] := 16 40;
set Last[381] := 17 41;
set Last[382] := 18 42;
set Last[383] := 19 43;
set Last[384] := 20 44;
set Last[385] := 23 47;
set Last[386] := 1 25;
set Last[387] := 2 26;
set Last[388] := 3 27;
set Last[389] := 5 29;
set Last[390] := 6 30;
set Last[391] := 8 32;
set Last[392] := 9 33;
set Last[393] := 10 34;
set Last[394] := 11 35;
set Last[395] := 12 36;
set Last[396] := 14 38;
set Last[397] := 15 39;
set Last[398] := 16 40;
set Last[399] := 17 41;
set Last[400] := 18 42;
set Last[401] := 19 43;
set Last[402] := 20 44;
set Last[403] := 21 45;
set Last[404] := 23 47;
set Last[405] := 24 48;
set Last[406] := 1 25;
set Last[407] := 2 26;
set Last[408] := 3 27;
set Last[409] := 5 29;
set Last[410] := 6 30;
set Last[411] := 7 31;
set Last[412] := 8 32;
set Last[413] := 9 33;
set Last[414] := 10 34;
set Last[415] := 11 35;
set Last[416] := 12 36;
set Last[417] := 14 38;
set Last[418] := 15 39;
set Last[419] := 16 40;
set Last[420] := 17 41;
set Last[421] := 18 42;
set Last[422] := 19 43;
set Last[423] := 20 44;
set Last[424] := 21 45;
set Last[425] := 22 46;
set Last[426] := 24 48;
set Last[427] := 1 25;
set Last[428] := 2 26;
set Last[429] := 3 27;
set Last[430] := 6 30;
set Last[431] := 9 33;
set Last[432] := 10 34;
set Last[433] := 11 35;
set Last[434] := 12 36;
set Last[435] := 14 38;
set Last[436] := 15 39;
set Last[437] := 16 40;
set Last[438] := 17 41;
set Last[439] := 18 42;
set Last[440] := 19 43;
set Last[441] := 20 44;

param q := 5;

end;
