data;

set V := 1 2 3 4 5 6 7 8 9 10 11 12 13 14 16 17 18 19 20 21 22 23 24 26 27 28 29 31 32 33 34 35 36 38 40 41 43 44 46 47;

set A := 1 2
         1 4
         2 1
         2 7
         2 11
         2 26
         3 4
         3 27
         4 1
         4 3
         4 28
         5 20
         5 29
         6 5
         7 2
         7 12
         7 31
         8 32
         9 20
         9 33
         10 17
         10 34
         11 2
         11 20
         11 35
         12 7
         12 36
         13 23
         14 20
         14 38
         16 22
         16 40
         17 6
         17 10
         17 20
         17 41
         18 19
         19 20
         19 43
         20 5
         20 8
         20 9
         20 11
         20 14
         20 17
         20 19
         20 22
         20 44
         21 20
         22 16
         22 20
         22 23
         22 46
         23 22
         23 47
         24 16
         ;

set S := 1 2 3 4 5 6 7 8 9 10 11 12 13 14 15 16 17 18 19 20 21 22 23 24 25 26 27 28 29 30 31 32 33 34 35 36 37 38 39 40 41 42 43 44 45 46 47 48 49 50 51 52 53 54 55 56 57 58 59 60 61 62 63 64 65 66 67 68 69 70 71 72 73 74 75 76 77 78 79 80 81 82 83 84 85 86 87 88 89 90 91 92 93 94 95 96 97 98 99 100 101 102 103 104 105 106 107 108 109 110 111;

set F[1] := 1 2
            2 11
            11 20
            20 9
            9 33
            ;
set F[2] := 1 2
            2 11
            11 20
            20 17
            17 41
            ;
set F[3] := 2 11
            11 20
            20 9
            9 33
            ;
set F[4] := 2 11
            11 20
            20 17
            17 41
            ;
set F[5] := 3 4
            4 1
            1 2
            2 11
            11 20
            20 9
            9 33
            ;
set F[6] := 3 4
            4 1
            1 2
            2 11
            11 20
            20 17
            17 41
            ;
set F[7] := 4 1
            1 2
            2 11
            11 20
            20 9
            9 33
            ;
set F[8] := 4 1
            1 2
            2 11
            11 20
            20 17
            17 10
            10 34
            ;
set F[9] := 4 1
            1 2
            2 11
            11 20
            20 14
            14 38
            ;
set F[10] := 4 1
             1 2
             2 11
             11 20
             20 17
             17 41
             ;
set F[11] := 5 20
             20 9
             9 33
             ;
set F[12] := 5 20
             20 14
             14 38
             ;
set F[13] := 5 20
             20 17
             17 41
             ;
set F[14] := 7 2
             2 26
             ;
set F[15] := 7 2
             2 11
             11 20
             20 9
             9 33
             ;
set F[16] := 7 2
             2 11
             11 20
             20 17
             17 10
             10 34
             ;
set F[17] := 7 2
             2 11
             11 35
             ;
set F[18] := 7 2
             2 11
             11 20
             20 14
             14 38
             ;
set F[19] := 7 2
             2 11
             11 20
             20 22
             22 16
             16 40
             ;
set F[20] := 7 2
             2 11
             11 20
             20 17
             17 41
             ;
set F[21] := 7 2
             2 11
             11 20
             20 44
             ;
set F[22] := 7 2
             2 11
             11 20
             20 22
             22 23
             23 47
             ;
set F[23] := 9 20
             20 11
             11 2
             2 26
             ;
set F[24] := 9 20
             20 11
             11 2
             2 1
             1 4
             4 28
             ;
set F[25] := 9 20
             20 5
             5 29
             ;
set F[26] := 9 20
             20 11
             11 2
             2 7
             7 31
             ;
set F[27] := 9 20
             20 17
             17 10
             10 34
             ;
set F[28] := 9 20
             20 11
             11 35
             ;
set F[29] := 9 20
             20 14
             14 38
             ;
set F[30] := 9 20
             20 22
             22 16
             16 40
             ;
set F[31] := 9 20
             20 17
             17 41
             ;
set F[32] := 9 20
             20 44
             ;
set F[33] := 9 20
             20 22
             22 46
             ;
set F[34] := 9 20
             20 22
             22 23
             23 47
             ;
set F[35] := 10 17
             17 20
             20 11
             11 2
             2 26
             ;
set F[36] := 10 17
             17 20
             20 11
             11 2
             2 1
             1 4
             4 3
             3 27
             ;
set F[37] := 10 17
             17 20
             20 11
             11 2
             2 1
             1 4
             4 28
             ;
set F[38] := 10 17
             17 6
             6 5
             5 29
             ;
set F[39] := 10 17
             17 20
             20 11
             11 2
             2 7
             7 31
             ;
set F[40] := 10 17
             17 20
             20 8
             8 32
             ;
set F[41] := 10 17
             17 20
             20 9
             9 33
             ;
set F[42] := 10 17
             17 20
             20 11
             11 35
             ;
set F[43] := 10 17
             17 20
             20 11
             11 2
             2 7
             7 12
             12 36
             ;
set F[44] := 10 17
             17 20
             20 14
             14 38
             ;
set F[45] := 10 17
             17 20
             20 22
             22 16
             16 40
             ;
set F[46] := 10 17
             17 41
             ;
set F[47] := 10 17
             17 20
             20 19
             19 43
             ;
set F[48] := 10 17
             17 20
             20 44
             ;
set F[49] := 10 17
             17 20
             20 22
             22 46
             ;
set F[50] := 10 17
             17 20
             20 22
             22 23
             23 47
             ;
set F[51] := 11 20
             20 9
             9 33
             ;
set F[52] := 11 20
             20 17
             17 10
             10 34
             ;
set F[53] := 11 20
             20 14
             14 38
             ;
set F[54] := 11 20
             20 17
             17 41
             ;
set F[55] := 12 7
             7 2
             2 11
             11 20
             20 9
             9 33
             ;
set F[56] := 12 7
             7 2
             2 11
             11 20
             20 14
             14 38
             ;
set F[57] := 12 7
             7 2
             2 11
             11 20
             20 17
             17 41
             ;
set F[58] := 13 23
             23 22
             22 20
             20 9
             9 33
             ;
set F[59] := 13 23
             23 22
             22 20
             20 14
             14 38
             ;
set F[60] := 13 23
             23 22
             22 20
             20 17
             17 41
             ;
set F[61] := 14 20
             20 9
             9 33
             ;
set F[62] := 14 20
             20 17
             17 41
             ;
set F[63] := 16 22
             22 20
             20 9
             9 33
             ;
set F[64] := 16 22
             22 20
             20 17
             17 10
             10 34
             ;
set F[65] := 16 22
             22 20
             20 14
             14 38
             ;
set F[66] := 16 22
             22 20
             20 17
             17 41
             ;
set F[67] := 17 20
             20 11
             11 2
             2 26
             ;
set F[68] := 17 20
             20 11
             11 2
             2 1
             1 4
             4 28
             ;
set F[69] := 17 6
             6 5
             5 29
             ;
set F[70] := 17 20
             20 11
             11 2
             2 7
             7 31
             ;
set F[71] := 17 20
             20 9
             9 33
             ;
set F[72] := 17 10
             10 34
             ;
set F[73] := 17 20
             20 11
             11 35
             ;
set F[74] := 17 20
             20 14
             14 38
             ;
set F[75] := 17 20
             20 22
             22 16
             16 40
             ;
set F[76] := 17 20
             20 44
             ;
set F[77] := 17 20
             20 22
             22 46
             ;
set F[78] := 17 20
             20 22
             22 23
             23 47
             ;
set F[79] := 18 19
             19 20
             20 9
             9 33
             ;
set F[80] := 19 20
             20 9
             9 33
             ;
set F[81] := 19 20
             20 14
             14 38
             ;
set F[82] := 19 20
             20 17
             17 41
             ;
set F[83] := 20 11
             11 2
             2 26
             ;
set F[84] := 20 11
             11 2
             2 1
             1 4
             4 3
             3 27
             ;
set F[85] := 20 11
             11 2
             2 1
             1 4
             4 28
             ;
set F[86] := 20 5
             5 29
             ;
set F[87] := 20 11
             11 2
             2 7
             7 31
             ;
set F[88] := 20 8
             8 32
             ;
set F[89] := 20 9
             9 33
             ;
set F[90] := 20 17
             17 10
             10 34
             ;
set F[91] := 20 11
             11 35
             ;
set F[92] := 20 11
             11 2
             2 7
             7 12
             12 36
             ;
set F[93] := 20 14
             14 38
             ;
set F[94] := 20 22
             22 16
             16 40
             ;
set F[95] := 20 17
             17 41
             ;
set F[96] := 20 19
             19 43
             ;
set F[97] := 20 22
             22 46
             ;
set F[98] := 20 22
             22 23
             23 47
             ;
set F[99] := 21 20
             20 9
             9 33
             ;
set F[100] := 21 20
              20 14
              14 38
              ;
set F[101] := 21 20
              20 17
              17 41
              ;
set F[102] := 22 20
              20 9
              9 33
              ;
set F[103] := 22 20
              20 17
              17 10
              10 34
              ;
set F[104] := 22 20
              20 14
              14 38
              ;
set F[105] := 22 20
              20 17
              17 41
              ;
set F[106] := 23 22
              22 20
              20 9
              9 33
              ;
set F[107] := 23 22
              22 20
              20 17
              17 10
              10 34
              ;
set F[108] := 23 22
              22 20
              20 14
              14 38
              ;
set F[109] := 23 22
              22 20
              20 17
              17 41
              ;
set F[110] := 24 16
              16 22
              22 20
              20 9
              9 33
              ;
set F[111] := 24 16
              16 22
              22 20
              20 17
              17 41
              ;
set Last[1] := 9 33;
set Last[2] := 17 41;
set Last[3] := 9 33;
set Last[4] := 17 41;
set Last[5] := 9 33;
set Last[6] := 17 41;
set Last[7] := 9 33;
set Last[8] := 10 34;
set Last[9] := 14 38;
set Last[10] := 17 41;
set Last[11] := 9 33;
set Last[12] := 14 38;
set Last[13] := 17 41;
set Last[14] := 2 26;
set Last[15] := 9 33;
set Last[16] := 10 34;
set Last[17] := 11 35;
set Last[18] := 14 38;
set Last[19] := 16 40;
set Last[20] := 17 41;
set Last[21] := 20 44;
set Last[22] := 23 47;
set Last[23] := 2 26;
set Last[24] := 4 28;
set Last[25] := 5 29;
set Last[26] := 7 31;
set Last[27] := 10 34;
set Last[28] := 11 35;
set Last[29] := 14 38;
set Last[30] := 16 40;
set Last[31] := 17 41;
set Last[32] := 20 44;
set Last[33] := 22 46;
set Last[34] := 23 47;
set Last[35] := 2 26;
set Last[36] := 3 27;
set Last[37] := 4 28;
set Last[38] := 5 29;
set Last[39] := 7 31;
set Last[40] := 8 32;
set Last[41] := 9 33;
set Last[42] := 11 35;
set Last[43] := 12 36;
set Last[44] := 14 38;
set Last[45] := 16 40;
set Last[46] := 17 41;
set Last[47] := 19 43;
set Last[48] := 20 44;
set Last[49] := 22 46;
set Last[50] := 23 47;
set Last[51] := 9 33;
set Last[52] := 10 34;
set Last[53] := 14 38;
set Last[54] := 17 41;
set Last[55] := 9 33;
set Last[56] := 14 38;
set Last[57] := 17 41;
set Last[58] := 9 33;
set Last[59] := 14 38;
set Last[60] := 17 41;
set Last[61] := 9 33;
set Last[62] := 17 41;
set Last[63] := 9 33;
set Last[64] := 10 34;
set Last[65] := 14 38;
set Last[66] := 17 41;
set Last[67] := 2 26;
set Last[68] := 4 28;
set Last[69] := 5 29;
set Last[70] := 7 31;
set Last[71] := 9 33;
set Last[72] := 10 34;
set Last[73] := 11 35;
set Last[74] := 14 38;
set Last[75] := 16 40;
set Last[76] := 20 44;
set Last[77] := 22 46;
set Last[78] := 23 47;
set Last[79] := 9 33;
set Last[80] := 9 33;
set Last[81] := 14 38;
set Last[82] := 17 41;
set Last[83] := 2 26;
set Last[84] := 3 27;
set Last[85] := 4 28;
set Last[86] := 5 29;
set Last[87] := 7 31;
set Last[88] := 8 32;
set Last[89] := 9 33;
set Last[90] := 10 34;
set Last[91] := 11 35;
set Last[92] := 12 36;
set Last[93] := 14 38;
set Last[94] := 16 40;
set Last[95] := 17 41;
set Last[96] := 19 43;
set Last[97] := 22 46;
set Last[98] := 23 47;
set Last[99] := 9 33;
set Last[100] := 14 38;
set Last[101] := 17 41;
set Last[102] := 9 33;
set Last[103] := 10 34;
set Last[104] := 14 38;
set Last[105] := 17 41;
set Last[106] := 9 33;
set Last[107] := 10 34;
set Last[108] := 14 38;
set Last[109] := 17 41;
set Last[110] := 9 33;
set Last[111] := 17 41;

param q := 5;

end;
