data;

set V := 1 2 3 4 5 6 7 8 9 10 11 12 13 14 15 16 17 18 19 20 21 22 23 24 25 27 28 29 30 33 36 37 39 40 41 42 43 44 45 46 47;

set A := 1 4
         1 14
         1 25
         2 4
         3 27
         4 1
         4 28
         5 6
         5 8
         5 20
         5 29
         6 5
         6 9
         6 30
         7 6
         8 5
         8 17
         9 6
         9 33
         10 15
         11 2
         12 14
         12 21
         12 22
         12 36
         13 37
         14 1
         14 12
         14 19
         15 16
         15 24
         15 39
         16 3
         16 40
         17 8
         17 13
         17 18
         17 41
         18 17
         18 42
         19 14
         19 43
         20 5
         20 21
         20 44
         21 12
         21 20
         21 45
         22 12
         22 23
         22 46
         23 22
         23 24
         23 47
         24 15
         24 23
         ;

set S := 1 2 3 4 5 6 7 8 9 10 11 12 13 14 15 16 17 18 19 20 21 22 23 24 25 26 27 28 29 30 31 32 33 34 35 36 37 38 39 40 41 42 43 44 45 46 47 48 49 50 51 52 53 54 55 56 57 58 59 60 61 62 63 64 65 66 67 68 69 70 71 72 73 74 75 76 77 78 79 80 81 82 83 84 85 86 87 88 89 90 91 92 93 94 95 96 97 98 99 100 101 102 103 104 105 106 107 108 109 110 111;

set F[1] := 1 14
            14 12
            12 21
            21 20
            20 5
            5 29
            ;
set F[2] := 1 14
            14 12
            12 21
            21 20
            20 5
            5 6
            6 30
            ;
set F[3] := 1 14
            14 12
            12 22
            22 23
            23 24
            24 15
            15 39
            ;
set F[4] := 1 14
            14 12
            12 22
            22 23
            23 24
            24 15
            15 16
            16 40
            ;
set F[5] := 1 14
            14 12
            12 21
            21 20
            20 5
            5 8
            8 17
            17 41
            ;
set F[6] := 1 14
            14 12
            12 21
            21 20
            20 44
            ;
set F[7] := 1 14
            14 12
            12 21
            21 45
            ;
set F[8] := 1 14
            14 12
            12 22
            22 46
            ;
set F[9] := 1 14
            14 12
            12 22
            22 23
            23 47
            ;
set F[10] := 4 1
             1 14
             14 12
             12 21
             21 20
             20 5
             5 6
             6 30
             ;
set F[11] := 4 1
             1 14
             14 12
             12 22
             22 23
             23 24
             24 15
             15 39
             ;
set F[12] := 4 1
             1 14
             14 12
             12 21
             21 20
             20 5
             5 8
             8 17
             17 41
             ;
set F[13] := 5 20
             20 21
             21 12
             12 22
             22 23
             23 24
             24 15
             15 16
             16 3
             3 27
             ;
set F[14] := 5 20
             20 21
             21 12
             12 14
             14 1
             1 4
             4 28
             ;
set F[15] := 5 6
             6 30
             ;
set F[16] := 5 6
             6 9
             9 33
             ;
set F[17] := 5 20
             20 21
             21 12
             12 36
             ;
set F[18] := 5 8
             8 17
             17 13
             13 37
             ;
set F[19] := 5 20
             20 21
             21 12
             12 22
             22 23
             23 24
             24 15
             15 39
             ;
set F[20] := 5 20
             20 21
             21 12
             12 22
             22 23
             23 24
             24 15
             15 16
             16 40
             ;
set F[21] := 5 8
             8 17
             17 41
             ;
set F[22] := 5 8
             8 17
             17 18
             18 42
             ;
set F[23] := 5 20
             20 21
             21 12
             12 14
             14 19
             19 43
             ;
set F[24] := 5 20
             20 44
             ;
set F[25] := 5 20
             20 21
             21 45
             ;
set F[26] := 5 20
             20 21
             21 12
             12 22
             22 46
             ;
set F[27] := 5 20
             20 21
             21 12
             12 22
             22 23
             23 47
             ;
set F[28] := 6 5
             5 20
             20 21
             21 12
             12 14
             14 1
             1 25
             ;
set F[29] := 6 5
             5 20
             20 21
             21 12
             12 22
             22 23
             23 24
             24 15
             15 16
             16 3
             3 27
             ;
set F[30] := 6 5
             5 20
             20 21
             21 12
             12 14
             14 1
             1 4
             4 28
             ;
set F[31] := 6 5
             5 29
             ;
set F[32] := 6 9
             9 33
             ;
set F[33] := 6 5
             5 20
             20 21
             21 12
             12 36
             ;
set F[34] := 6 5
             5 8
             8 17
             17 13
             13 37
             ;
set F[35] := 6 5
             5 20
             20 21
             21 12
             12 22
             22 23
             23 24
             24 15
             15 39
             ;
set F[36] := 6 5
             5 20
             20 21
             21 12
             12 22
             22 23
             23 24
             24 15
             15 16
             16 40
             ;
set F[37] := 6 5
             5 8
             8 17
             17 41
             ;
set F[38] := 6 5
             5 8
             8 17
             17 18
             18 42
             ;
set F[39] := 6 5
             5 20
             20 21
             21 12
             12 14
             14 19
             19 43
             ;
set F[40] := 6 5
             5 20
             20 44
             ;
set F[41] := 6 5
             5 20
             20 21
             21 45
             ;
set F[42] := 6 5
             5 20
             20 21
             21 12
             12 22
             22 46
             ;
set F[43] := 6 5
             5 20
             20 21
             21 12
             12 22
             22 23
             23 47
             ;
set F[44] := 7 6
             6 5
             5 20
             20 21
             21 12
             12 22
             22 23
             23 24
             24 15
             15 39
             ;
set F[45] := 7 6
             6 5
             5 8
             8 17
             17 41
             ;
set F[46] := 9 6
             6 5
             5 20
             20 21
             21 12
             12 22
             22 23
             23 24
             24 15
             15 39
             ;
set F[47] := 9 6
             6 5
             5 8
             8 17
             17 41
             ;
set F[48] := 10 15
             15 24
             24 23
             23 22
             22 12
             12 21
             21 20
             20 5
             5 6
             6 30
             ;
set F[49] := 10 15
             15 39
             ;
set F[50] := 10 15
             15 24
             24 23
             23 22
             22 12
             12 21
             21 20
             20 5
             5 8
             8 17
             17 41
             ;
set F[51] := 10 15
             15 24
             24 23
             23 22
             22 12
             12 21
             21 45
             ;
set F[52] := 11 2
             2 4
             4 1
             1 14
             14 12
             12 21
             21 20
             20 5
             5 6
             6 30
             ;
set F[53] := 11 2
             2 4
             4 1
             1 14
             14 12
             12 22
             22 23
             23 24
             24 15
             15 39
             ;
set F[54] := 11 2
             2 4
             4 1
             1 14
             14 12
             12 21
             21 20
             20 5
             5 8
             8 17
             17 41
             ;
set F[55] := 14 1
             1 4
             4 28
             ;
set F[56] := 14 12
             12 21
             21 20
             20 5
             5 29
             ;
set F[57] := 14 12
             12 21
             21 20
             20 5
             5 6
             6 30
             ;
set F[58] := 14 12
             12 36
             ;
set F[59] := 14 12
             12 22
             22 23
             23 24
             24 15
             15 39
             ;
set F[60] := 14 12
             12 22
             22 23
             23 24
             24 15
             15 16
             16 40
             ;
set F[61] := 14 12
             12 21
             21 20
             20 5
             5 8
             8 17
             17 41
             ;
set F[62] := 14 12
             12 21
             21 20
             20 5
             5 8
             8 17
             17 18
             18 42
             ;
set F[63] := 14 19
             19 43
             ;
set F[64] := 14 12
             12 21
             21 20
             20 44
             ;
set F[65] := 14 12
             12 21
             21 45
             ;
set F[66] := 14 12
             12 22
             22 46
             ;
set F[67] := 14 12
             12 22
             22 23
             23 47
             ;
set F[68] := 15 24
             24 23
             23 22
             22 12
             12 21
             21 20
             20 5
             5 29
             ;
set F[69] := 15 24
             24 23
             23 22
             22 12
             12 21
             21 20
             20 5
             5 6
             6 30
             ;
set F[70] := 15 24
             24 23
             23 22
             22 12
             12 21
             21 20
             20 5
             5 8
             8 17
             17 41
             ;
set F[71] := 15 24
             24 23
             23 22
             22 12
             12 21
             21 20
             20 44
             ;
set F[72] := 15 24
             24 23
             23 22
             22 12
             12 21
             21 45
             ;
set F[73] := 15 24
             24 23
             23 22
             22 46
             ;
set F[74] := 18 17
             17 8
             8 5
             5 6
             6 30
             ;
set F[75] := 18 17
             17 8
             8 5
             5 20
             20 21
             21 12
             12 22
             22 23
             23 24
             24 15
             15 39
             ;
set F[76] := 18 17
             17 41
             ;
set F[77] := 18 17
             17 8
             8 5
             5 20
             20 44
             ;
set F[78] := 18 17
             17 8
             8 5
             5 20
             20 21
             21 45
             ;
set F[79] := 18 17
             17 8
             8 5
             5 20
             20 21
             21 12
             12 22
             22 46
             ;
set F[80] := 19 14
             14 12
             12 22
             22 23
             23 24
             24 15
             15 39
             ;
set F[81] := 19 14
             14 12
             12 21
             21 20
             20 5
             5 8
             8 17
             17 41
             ;
set F[82] := 20 21
             21 12
             12 22
             22 23
             23 24
             24 15
             15 16
             16 3
             3 27
             ;
set F[83] := 20 21
             21 12
             12 14
             14 1
             1 4
             4 28
             ;
set F[84] := 20 5
             5 29
             ;
set F[85] := 20 5
             5 6
             6 30
             ;
set F[86] := 20 21
             21 12
             12 36
             ;
set F[87] := 20 5
             5 8
             8 17
             17 13
             13 37
             ;
set F[88] := 20 21
             21 12
             12 22
             22 23
             23 24
             24 15
             15 39
             ;
set F[89] := 20 21
             21 12
             12 22
             22 23
             23 24
             24 15
             15 16
             16 40
             ;
set F[90] := 20 5
             5 8
             8 17
             17 41
             ;
set F[91] := 20 5
             5 8
             8 17
             17 18
             18 42
             ;
set F[92] := 20 21
             21 12
             12 14
             14 19
             19 43
             ;
set F[93] := 20 21
             21 45
             ;
set F[94] := 20 21
             21 12
             12 22
             22 46
             ;
set F[95] := 20 21
             21 12
             12 22
             22 23
             23 47
             ;
set F[96] := 23 22
             22 12
             12 21
             21 20
             20 5
             5 29
             ;
set F[97] := 23 22
             22 12
             12 21
             21 20
             20 5
             5 6
             6 30
             ;
set F[98] := 23 24
             24 15
             15 39
             ;
set F[99] := 23 22
             22 12
             12 21
             21 20
             20 5
             5 8
             8 17
             17 41
             ;
set F[100] := 23 22
              22 12
              12 21
              21 20
              20 44
              ;
set F[101] := 23 22
              22 12
              12 21
              21 45
              ;
set F[102] := 23 22
              22 46
              ;
set F[103] := 24 23
              23 22
              22 12
              12 21
              21 20
              20 5
              5 29
              ;
set F[104] := 24 23
              23 22
              22 12
              12 21
              21 20
              20 5
              5 6
              6 30
              ;
set F[105] := 24 15
              15 39
              ;
set F[106] := 24 15
              15 16
              16 40
              ;
set F[107] := 24 23
              23 22
              22 12
              12 21
              21 20
              20 5
              5 8
              8 17
              17 41
              ;
set F[108] := 24 23
              23 22
              22 12
              12 21
              21 20
              20 44
              ;
set F[109] := 24 23
              23 22
              22 12
              12 21
              21 45
              ;
set F[110] := 24 23
              23 22
              22 46
              ;
set F[111] := 24 23
              23 47
              ;
set Last[1] := 5 29;
set Last[2] := 6 30;
set Last[3] := 15 39;
set Last[4] := 16 40;
set Last[5] := 17 41;
set Last[6] := 20 44;
set Last[7] := 21 45;
set Last[8] := 22 46;
set Last[9] := 23 47;
set Last[10] := 6 30;
set Last[11] := 15 39;
set Last[12] := 17 41;
set Last[13] := 3 27;
set Last[14] := 4 28;
set Last[15] := 6 30;
set Last[16] := 9 33;
set Last[17] := 12 36;
set Last[18] := 13 37;
set Last[19] := 15 39;
set Last[20] := 16 40;
set Last[21] := 17 41;
set Last[22] := 18 42;
set Last[23] := 19 43;
set Last[24] := 20 44;
set Last[25] := 21 45;
set Last[26] := 22 46;
set Last[27] := 23 47;
set Last[28] := 1 25;
set Last[29] := 3 27;
set Last[30] := 4 28;
set Last[31] := 5 29;
set Last[32] := 9 33;
set Last[33] := 12 36;
set Last[34] := 13 37;
set Last[35] := 15 39;
set Last[36] := 16 40;
set Last[37] := 17 41;
set Last[38] := 18 42;
set Last[39] := 19 43;
set Last[40] := 20 44;
set Last[41] := 21 45;
set Last[42] := 22 46;
set Last[43] := 23 47;
set Last[44] := 15 39;
set Last[45] := 17 41;
set Last[46] := 15 39;
set Last[47] := 17 41;
set Last[48] := 6 30;
set Last[49] := 15 39;
set Last[50] := 17 41;
set Last[51] := 21 45;
set Last[52] := 6 30;
set Last[53] := 15 39;
set Last[54] := 17 41;
set Last[55] := 4 28;
set Last[56] := 5 29;
set Last[57] := 6 30;
set Last[58] := 12 36;
set Last[59] := 15 39;
set Last[60] := 16 40;
set Last[61] := 17 41;
set Last[62] := 18 42;
set Last[63] := 19 43;
set Last[64] := 20 44;
set Last[65] := 21 45;
set Last[66] := 22 46;
set Last[67] := 23 47;
set Last[68] := 5 29;
set Last[69] := 6 30;
set Last[70] := 17 41;
set Last[71] := 20 44;
set Last[72] := 21 45;
set Last[73] := 22 46;
set Last[74] := 6 30;
set Last[75] := 15 39;
set Last[76] := 17 41;
set Last[77] := 20 44;
set Last[78] := 21 45;
set Last[79] := 22 46;
set Last[80] := 15 39;
set Last[81] := 17 41;
set Last[82] := 3 27;
set Last[83] := 4 28;
set Last[84] := 5 29;
set Last[85] := 6 30;
set Last[86] := 12 36;
set Last[87] := 13 37;
set Last[88] := 15 39;
set Last[89] := 16 40;
set Last[90] := 17 41;
set Last[91] := 18 42;
set Last[92] := 19 43;
set Last[93] := 21 45;
set Last[94] := 22 46;
set Last[95] := 23 47;
set Last[96] := 5 29;
set Last[97] := 6 30;
set Last[98] := 15 39;
set Last[99] := 17 41;
set Last[100] := 20 44;
set Last[101] := 21 45;
set Last[102] := 22 46;
set Last[103] := 5 29;
set Last[104] := 6 30;
set Last[105] := 15 39;
set Last[106] := 16 40;
set Last[107] := 17 41;
set Last[108] := 20 44;
set Last[109] := 21 45;
set Last[110] := 22 46;
set Last[111] := 23 47;

param q := 5;

end;
