data;

set V := 1 2 3 4 5 6 7 8 10 11 12 14 15 16 17 19 20 21 22 23 24 25 26 27 28 29 31 32 34 35 36 38 39 40 41 44 45 46 47 48;

set A := 1 4
         1 14
         1 25
         2 4
         2 11
         2 26
         3 27
         4 1
         4 2
         4 28
         5 6
         5 8
         5 20
         5 29
         6 5
         6 7
         7 6
         7 31
         8 5
         8 17
         8 32
         10 34
         11 2
         11 35
         12 14
         12 21
         12 22
         12 36
         14 1
         14 12
         14 38
         15 10
         15 16
         15 24
         15 39
         16 3
         16 15
         16 40
         17 8
         17 41
         19 14
         20 5
         20 21
         20 44
         21 12
         21 20
         21 45
         22 12
         22 23
         22 46
         23 22
         23 24
         23 47
         24 15
         24 23
         24 48
         ;

set S := 1 2 3 4 5 6 7 8 9 10 11 12 13 14 15 16 17 18 19 20 21 22 23 24 25 26 27 28 29 30 31 32 33 34 35 36 37 38 39 40 41 42 43 44 45 46 47 48 49 50 51 52 53 54 55 56 57 58 59 60 61 62 63 64 65 66 67 68 69 70 71 72 73 74 75 76 77 78 79 80 81 82 83 84 85 86 87 88 89 90 91 92 93 94 95 96 97 98 99 100 101 102 103 104 105 106 107 108 109 110 111 112 113 114 115 116 117 118 119 120 121 122 123 124 125 126 127 128 129 130 131 132 133 134 135 136 137 138 139 140 141 142 143 144 145 146 147 148 149 150 151 152 153 154 155 156 157 158 159 160 161 162 163 164 165 166 167 168 169 170 171 172 173 174 175 176 177 178 179 180 181 182 183 184 185 186 187 188 189 190 191 192 193 194 195 196 197 198 199 200 201 202 203 204 205 206 207 208 209 210 211 212 213 214 215 216 217 218 219 220 221;

set F[1] := 2 4
            4 1
            1 25
            ;
set F[2] := 2 4
            4 1
            1 14
            14 12
            12 22
            22 23
            23 24
            24 15
            15 16
            16 3
            3 27
            ;
set F[3] := 2 4
            4 28
            ;
set F[4] := 2 4
            4 1
            1 14
            14 12
            12 21
            21 20
            20 5
            5 29
            ;
set F[5] := 2 4
            4 1
            1 14
            14 12
            12 21
            21 20
            20 5
            5 6
            6 7
            7 31
            ;
set F[6] := 2 4
            4 1
            1 14
            14 12
            12 21
            21 20
            20 5
            5 8
            8 32
            ;
set F[7] := 2 4
            4 1
            1 14
            14 12
            12 22
            22 23
            23 24
            24 15
            15 10
            10 34
            ;
set F[8] := 2 11
            11 35
            ;
set F[9] := 2 4
            4 1
            1 14
            14 12
            12 36
            ;
set F[10] := 2 4
             4 1
             1 14
             14 38
             ;
set F[11] := 2 4
             4 1
             1 14
             14 12
             12 22
             22 23
             23 24
             24 15
             15 39
             ;
set F[12] := 2 4
             4 1
             1 14
             14 12
             12 22
             22 23
             23 24
             24 15
             15 16
             16 40
             ;
set F[13] := 2 4
             4 1
             1 14
             14 12
             12 21
             21 20
             20 5
             5 8
             8 17
             17 41
             ;
set F[14] := 2 4
             4 1
             1 14
             14 12
             12 21
             21 20
             20 44
             ;
set F[15] := 2 4
             4 1
             1 14
             14 12
             12 21
             21 45
             ;
set F[16] := 2 4
             4 1
             1 14
             14 12
             12 22
             22 46
             ;
set F[17] := 2 4
             4 1
             1 14
             14 12
             12 22
             22 23
             23 47
             ;
set F[18] := 2 4
             4 1
             1 14
             14 12
             12 22
             22 23
             23 24
             24 48
             ;
set F[19] := 4 1
             1 25
             ;
set F[20] := 4 2
             2 26
             ;
set F[21] := 4 1
             1 14
             14 12
             12 22
             22 23
             23 24
             24 15
             15 16
             16 3
             3 27
             ;
set F[22] := 4 1
             1 14
             14 12
             12 21
             21 20
             20 5
             5 29
             ;
set F[23] := 4 1
             1 14
             14 12
             12 21
             21 20
             20 5
             5 6
             6 7
             7 31
             ;
set F[24] := 4 1
             1 14
             14 12
             12 21
             21 20
             20 5
             5 8
             8 32
             ;
set F[25] := 4 1
             1 14
             14 12
             12 22
             22 23
             23 24
             24 15
             15 10
             10 34
             ;
set F[26] := 4 2
             2 11
             11 35
             ;
set F[27] := 4 1
             1 14
             14 12
             12 36
             ;
set F[28] := 4 1
             1 14
             14 38
             ;
set F[29] := 4 1
             1 14
             14 12
             12 22
             22 23
             23 24
             24 15
             15 39
             ;
set F[30] := 4 1
             1 14
             14 12
             12 22
             22 23
             23 24
             24 15
             15 16
             16 40
             ;
set F[31] := 4 1
             1 14
             14 12
             12 21
             21 20
             20 5
             5 8
             8 17
             17 41
             ;
set F[32] := 4 1
             1 14
             14 12
             12 21
             21 20
             20 44
             ;
set F[33] := 4 1
             1 14
             14 12
             12 21
             21 45
             ;
set F[34] := 4 1
             1 14
             14 12
             12 22
             22 46
             ;
set F[35] := 4 1
             1 14
             14 12
             12 22
             22 23
             23 47
             ;
set F[36] := 4 1
             1 14
             14 12
             12 22
             22 23
             23 24
             24 48
             ;
set F[37] := 5 20
             20 21
             21 12
             12 14
             14 1
             1 25
             ;
set F[38] := 5 20
             20 21
             21 12
             12 14
             14 1
             1 4
             4 2
             2 26
             ;
set F[39] := 5 20
             20 21
             21 12
             12 22
             22 23
             23 24
             24 15
             15 16
             16 3
             3 27
             ;
set F[40] := 5 20
             20 21
             21 12
             12 14
             14 1
             1 4
             4 28
             ;
set F[41] := 5 6
             6 7
             7 31
             ;
set F[42] := 5 8
             8 32
             ;
set F[43] := 5 20
             20 21
             21 12
             12 22
             22 23
             23 24
             24 15
             15 10
             10 34
             ;
set F[44] := 5 20
             20 21
             21 12
             12 14
             14 1
             1 4
             4 2
             2 11
             11 35
             ;
set F[45] := 5 20
             20 21
             21 12
             12 36
             ;
set F[46] := 5 20
             20 21
             21 12
             12 14
             14 38
             ;
set F[47] := 5 20
             20 21
             21 12
             12 22
             22 23
             23 24
             24 15
             15 39
             ;
set F[48] := 5 20
             20 21
             21 12
             12 22
             22 23
             23 24
             24 15
             15 16
             16 40
             ;
set F[49] := 5 8
             8 17
             17 41
             ;
set F[50] := 5 20
             20 44
             ;
set F[51] := 5 20
             20 21
             21 45
             ;
set F[52] := 5 20
             20 21
             21 12
             12 22
             22 46
             ;
set F[53] := 5 20
             20 21
             21 12
             12 22
             22 23
             23 47
             ;
set F[54] := 5 20
             20 21
             21 12
             12 22
             22 23
             23 24
             24 48
             ;
set F[55] := 6 5
             5 20
             20 21
             21 12
             12 14
             14 1
             1 25
             ;
set F[56] := 6 5
             5 20
             20 21
             21 12
             12 14
             14 1
             1 4
             4 2
             2 26
             ;
set F[57] := 6 5
             5 20
             20 21
             21 12
             12 36
             ;
set F[58] := 6 5
             5 20
             20 21
             21 12
             12 14
             14 38
             ;
set F[59] := 6 5
             5 20
             20 21
             21 12
             12 22
             22 23
             23 24
             24 15
             15 39
             ;
set F[60] := 6 5
             5 20
             20 21
             21 12
             12 22
             22 23
             23 24
             24 15
             15 16
             16 40
             ;
set F[61] := 6 5
             5 8
             8 17
             17 41
             ;
set F[62] := 6 5
             5 20
             20 21
             21 45
             ;
set F[63] := 6 5
             5 20
             20 21
             21 12
             12 22
             22 46
             ;
set F[64] := 6 5
             5 20
             20 21
             21 12
             12 22
             22 23
             23 47
             ;
set F[65] := 7 6
             6 5
             5 20
             20 21
             21 12
             12 14
             14 1
             1 25
             ;
set F[66] := 7 6
             6 5
             5 20
             20 21
             21 12
             12 14
             14 1
             1 4
             4 2
             2 26
             ;
set F[67] := 7 6
             6 5
             5 20
             20 21
             21 12
             12 36
             ;
set F[68] := 7 6
             6 5
             5 20
             20 21
             21 12
             12 14
             14 38
             ;
set F[69] := 7 6
             6 5
             5 20
             20 21
             21 12
             12 22
             22 23
             23 24
             24 15
             15 39
             ;
set F[70] := 7 6
             6 5
             5 20
             20 21
             21 12
             12 22
             22 23
             23 24
             24 15
             15 16
             16 40
             ;
set F[71] := 7 6
             6 5
             5 8
             8 17
             17 41
             ;
set F[72] := 7 6
             6 5
             5 20
             20 44
             ;
set F[73] := 7 6
             6 5
             5 20
             20 21
             21 45
             ;
set F[74] := 7 6
             6 5
             5 20
             20 21
             21 12
             12 22
             22 46
             ;
set F[75] := 7 6
             6 5
             5 20
             20 21
             21 12
             12 22
             22 23
             23 47
             ;
set F[76] := 8 5
             5 20
             20 21
             21 12
             12 14
             14 1
             1 25
             ;
set F[77] := 8 5
             5 20
             20 21
             21 12
             12 14
             14 1
             1 4
             4 2
             2 26
             ;
set F[78] := 8 5
             5 20
             20 21
             21 12
             12 22
             22 23
             23 24
             24 15
             15 16
             16 3
             3 27
             ;
set F[79] := 8 5
             5 20
             20 21
             21 12
             12 14
             14 1
             1 4
             4 28
             ;
set F[80] := 8 5
             5 29
             ;
set F[81] := 8 5
             5 6
             6 7
             7 31
             ;
set F[82] := 8 5
             5 20
             20 21
             21 12
             12 36
             ;
set F[83] := 8 5
             5 20
             20 21
             21 12
             12 14
             14 38
             ;
set F[84] := 8 5
             5 20
             20 21
             21 12
             12 22
             22 23
             23 24
             24 15
             15 39
             ;
set F[85] := 8 5
             5 20
             20 21
             21 12
             12 22
             22 23
             23 24
             24 15
             15 16
             16 40
             ;
set F[86] := 8 17
             17 41
             ;
set F[87] := 8 5
             5 20
             20 44
             ;
set F[88] := 8 5
             5 20
             20 21
             21 45
             ;
set F[89] := 8 5
             5 20
             20 21
             21 12
             12 22
             22 46
             ;
set F[90] := 8 5
             5 20
             20 21
             21 12
             12 22
             22 23
             23 47
             ;
set F[91] := 11 2
             2 4
             4 1
             1 25
             ;
set F[92] := 11 2
             2 26
             ;
set F[93] := 11 2
             2 4
             4 1
             1 14
             14 12
             12 21
             21 20
             20 5
             5 29
             ;
set F[94] := 11 2
             2 4
             4 1
             1 14
             14 12
             12 36
             ;
set F[95] := 11 2
             2 4
             4 1
             1 14
             14 38
             ;
set F[96] := 11 2
             2 4
             4 1
             1 14
             14 12
             12 22
             22 23
             23 24
             24 15
             15 39
             ;
set F[97] := 11 2
             2 4
             4 1
             1 14
             14 12
             12 22
             22 23
             23 24
             24 15
             15 16
             16 40
             ;
set F[98] := 11 2
             2 4
             4 1
             1 14
             14 12
             12 21
             21 20
             20 5
             5 8
             8 17
             17 41
             ;
set F[99] := 11 2
             2 4
             4 1
             1 14
             14 12
             12 21
             21 20
             20 44
             ;
set F[100] := 11 2
              2 4
              4 1
              1 14
              14 12
              12 21
              21 45
              ;
set F[101] := 11 2
              2 4
              4 1
              1 14
              14 12
              12 22
              22 46
              ;
set F[102] := 11 2
              2 4
              4 1
              1 14
              14 12
              12 22
              22 23
              23 47
              ;
set F[103] := 12 14
              14 1
              1 25
              ;
set F[104] := 12 14
              14 1
              1 4
              4 2
              2 26
              ;
set F[105] := 12 14
              14 1
              1 4
              4 28
              ;
set F[106] := 12 21
              21 20
              20 5
              5 29
              ;
set F[107] := 12 14
              14 38
              ;
set F[108] := 12 22
              22 23
              23 24
              24 15
              15 39
              ;
set F[109] := 12 22
              22 23
              23 24
              24 15
              15 16
              16 40
              ;
set F[110] := 12 21
              21 20
              20 5
              5 8
              8 17
              17 41
              ;
set F[111] := 12 21
              21 20
              20 44
              ;
set F[112] := 12 21
              21 45
              ;
set F[113] := 12 22
              22 46
              ;
set F[114] := 12 22
              22 23
              23 47
              ;
set F[115] := 14 1
              1 25
              ;
set F[116] := 14 1
              1 4
              4 2
              2 26
              ;
set F[117] := 14 12
              12 21
              21 20
              20 5
              5 29
              ;
set F[118] := 14 12
              12 36
              ;
set F[119] := 14 12
              12 22
              22 23
              23 24
              24 15
              15 39
              ;
set F[120] := 14 12
              12 22
              22 23
              23 24
              24 15
              15 16
              16 40
              ;
set F[121] := 14 12
              12 21
              21 20
              20 5
              5 8
              8 17
              17 41
              ;
set F[122] := 14 12
              12 21
              21 20
              20 44
              ;
set F[123] := 14 12
              12 21
              21 45
              ;
set F[124] := 14 12
              12 22
              22 46
              ;
set F[125] := 14 12
              12 22
              22 23
              23 47
              ;
set F[126] := 15 24
              24 23
              23 22
              22 12
              12 14
              14 1
              1 25
              ;
set F[127] := 15 24
              24 23
              23 22
              22 12
              12 14
              14 1
              1 4
              4 2
              2 26
              ;
set F[128] := 15 16
              16 3
              3 27
              ;
set F[129] := 15 24
              24 23
              23 22
              22 12
              12 14
              14 1
              1 4
              4 28
              ;
set F[130] := 15 24
              24 23
              23 22
              22 12
              12 21
              21 20
              20 5
              5 29
              ;
set F[131] := 15 24
              24 23
              23 22
              22 12
              12 21
              21 20
              20 5
              5 6
              6 7
              7 31
              ;
set F[132] := 15 24
              24 23
              23 22
              22 12
              12 21
              21 20
              20 5
              5 8
              8 32
              ;
set F[133] := 15 10
              10 34
              ;
set F[134] := 15 24
              24 23
              23 22
              22 12
              12 14
              14 1
              1 4
              4 2
              2 11
              11 35
              ;
set F[135] := 15 24
              24 23
              23 22
              22 12
              12 36
              ;
set F[136] := 15 24
              24 23
              23 22
              22 12
              12 14
              14 38
              ;
set F[137] := 15 16
              16 40
              ;
set F[138] := 15 24
              24 23
              23 22
              22 12
              12 21
              21 20
              20 5
              5 8
              8 17
              17 41
              ;
set F[139] := 15 24
              24 23
              23 22
              22 12
              12 21
              21 20
              20 44
              ;
set F[140] := 15 24
              24 23
              23 22
              22 12
              12 21
              21 45
              ;
set F[141] := 15 24
              24 23
              23 22
              22 46
              ;
set F[142] := 15 24
              24 23
              23 47
              ;
set F[143] := 15 24
              24 48
              ;
set F[144] := 16 15
              15 24
              24 23
              23 22
              22 12
              12 14
              14 1
              1 25
              ;
set F[145] := 16 15
              15 24
              24 23
              23 22
              22 12
              12 14
              14 1
              1 4
              4 2
              2 26
              ;
set F[146] := 16 3
              3 27
              ;
set F[147] := 16 15
              15 24
              24 23
              23 22
              22 12
              12 14
              14 1
              1 4
              4 28
              ;
set F[148] := 16 15
              15 24
              24 23
              23 22
              22 12
              12 21
              21 20
              20 5
              5 29
              ;
set F[149] := 16 15
              15 24
              24 23
              23 22
              22 12
              12 21
              21 20
              20 5
              5 6
              6 7
              7 31
              ;
set F[150] := 16 15
              15 24
              24 23
              23 22
              22 12
              12 21
              21 20
              20 5
              5 8
              8 32
              ;
set F[151] := 16 15
              15 10
              10 34
              ;
set F[152] := 16 15
              15 24
              24 23
              23 22
              22 12
              12 14
              14 1
              1 4
              4 2
              2 11
              11 35
              ;
set F[153] := 16 15
              15 24
              24 23
              23 22
              22 12
              12 36
              ;
set F[154] := 16 15
              15 24
              24 23
              23 22
              22 12
              12 14
              14 38
              ;
set F[155] := 16 15
              15 39
              ;
set F[156] := 16 15
              15 24
              24 23
              23 22
              22 12
              12 21
              21 20
              20 5
              5 8
              8 17
              17 41
              ;
set F[157] := 16 15
              15 24
              24 23
              23 22
              22 12
              12 21
              21 20
              20 44
              ;
set F[158] := 16 15
              15 24
              24 23
              23 22
              22 12
              12 21
              21 45
              ;
set F[159] := 16 15
              15 24
              24 23
              23 22
              22 46
              ;
set F[160] := 16 15
              15 24
              24 23
              23 47
              ;
set F[161] := 16 15
              15 24
              24 48
              ;
set F[162] := 17 8
              8 5
              5 20
              20 21
              21 12
              12 14
              14 1
              1 25
              ;
set F[163] := 17 8
              8 5
              5 20
              20 21
              21 12
              12 14
              14 1
              1 4
              4 2
              2 26
              ;
set F[164] := 17 8
              8 5
              5 29
              ;
set F[165] := 17 8
              8 5
              5 20
              20 21
              21 12
              12 36
              ;
set F[166] := 17 8
              8 5
              5 20
              20 21
              21 12
              12 14
              14 38
              ;
set F[167] := 17 8
              8 5
              5 20
              20 21
              21 12
              12 22
              22 23
              23 24
              24 15
              15 39
              ;
set F[168] := 17 8
              8 5
              5 20
              20 21
              21 12
              12 22
              22 23
              23 24
              24 15
              15 16
              16 40
              ;
set F[169] := 17 8
              8 5
              5 20
              20 44
              ;
set F[170] := 17 8
              8 5
              5 20
              20 21
              21 45
              ;
set F[171] := 17 8
              8 5
              5 20
              20 21
              21 12
              12 22
              22 46
              ;
set F[172] := 17 8
              8 5
              5 20
              20 21
              21 12
              12 22
              22 23
              23 47
              ;
set F[173] := 19 14
              14 1
              1 25
              ;
set F[174] := 19 14
              14 1
              1 4
              4 2
              2 26
              ;
set F[175] := 19 14
              14 38
              ;
set F[176] := 19 14
              14 12
              12 22
              22 23
              23 24
              24 15
              15 39
              ;
set F[177] := 19 14
              14 12
              12 21
              21 20
              20 5
              5 8
              8 17
              17 41
              ;
set F[178] := 19 14
              14 12
              12 21
              21 45
              ;
set F[179] := 19 14
              14 12
              12 22
              22 46
              ;
set F[180] := 20 21
              21 12
              12 14
              14 1
              1 25
              ;
set F[181] := 20 21
              21 12
              12 14
              14 1
              1 4
              4 2
              2 26
              ;
set F[182] := 20 21
              21 12
              12 22
              22 23
              23 24
              24 15
              15 16
              16 3
              3 27
              ;
set F[183] := 20 21
              21 12
              12 14
              14 1
              1 4
              4 28
              ;
set F[184] := 20 5
              5 29
              ;
set F[185] := 20 5
              5 6
              6 7
              7 31
              ;
set F[186] := 20 5
              5 8
              8 32
              ;
set F[187] := 20 21
              21 12
              12 22
              22 23
              23 24
              24 15
              15 10
              10 34
              ;
set F[188] := 20 21
              21 12
              12 14
              14 1
              1 4
              4 2
              2 11
              11 35
              ;
set F[189] := 20 21
              21 12
              12 36
              ;
set F[190] := 20 21
              21 12
              12 14
              14 38
              ;
set F[191] := 20 21
              21 12
              12 22
              22 23
              23 24
              24 15
              15 39
              ;
set F[192] := 20 21
              21 12
              12 22
              22 23
              23 24
              24 15
              15 16
              16 40
              ;
set F[193] := 20 5
              5 8
              8 17
              17 41
              ;
set F[194] := 20 21
              21 45
              ;
set F[195] := 20 21
              21 12
              12 22
              22 46
              ;
set F[196] := 20 21
              21 12
              12 22
              22 23
              23 47
              ;
set F[197] := 20 21
              21 12
              12 22
              22 23
              23 24
              24 48
              ;
set F[198] := 21 12
              12 14
              14 1
              1 25
              ;
set F[199] := 21 12
              12 14
              14 1
              1 4
              4 2
              2 26
              ;
set F[200] := 21 12
              12 22
              22 23
              23 24
              24 15
              15 16
              16 3
              3 27
              ;
set F[201] := 21 12
              12 14
              14 1
              1 4
              4 28
              ;
set F[202] := 21 20
              20 5
              5 29
              ;
set F[203] := 21 20
              20 5
              5 6
              6 7
              7 31
              ;
set F[204] := 21 20
              20 5
              5 8
              8 32
              ;
set F[205] := 21 12
              12 22
              22 23
              23 24
              24 15
              15 10
              10 34
              ;
set F[206] := 21 12
              12 14
              14 1
              1 4
              4 2
              2 11
              11 35
              ;
set F[207] := 21 12
              12 36
              ;
set F[208] := 21 12
              12 14
              14 38
              ;
set F[209] := 21 12
              12 22
              22 23
              23 24
              24 15
              15 39
              ;
set F[210] := 21 12
              12 22
              22 23
              23 24
              24 15
              15 16
              16 40
              ;
set F[211] := 21 20
              20 5
              5 8
              8 17
              17 41
              ;
set F[212] := 21 20
              20 44
              ;
set F[213] := 21 12
              12 22
              22 46
              ;
set F[214] := 21 12
              12 22
              22 23
              23 47
              ;
set F[215] := 21 12
              12 22
              22 23
              23 24
              24 48
              ;
set F[216] := 23 22
              22 12
              12 14
              14 1
              1 4
              4 2
              2 26
              ;
set F[217] := 23 22
              22 12
              12 14
              14 38
              ;
set F[218] := 23 24
              24 15
              15 39
              ;
set F[219] := 23 22
              22 12
              12 21
              21 20
              20 5
              5 8
              8 17
              17 41
              ;
set F[220] := 23 22
              22 12
              12 21
              21 45
              ;
set F[221] := 23 22
              22 46
              ;
set Last[1] := 1 25;
set Last[2] := 3 27;
set Last[3] := 4 28;
set Last[4] := 5 29;
set Last[5] := 7 31;
set Last[6] := 8 32;
set Last[7] := 10 34;
set Last[8] := 11 35;
set Last[9] := 12 36;
set Last[10] := 14 38;
set Last[11] := 15 39;
set Last[12] := 16 40;
set Last[13] := 17 41;
set Last[14] := 20 44;
set Last[15] := 21 45;
set Last[16] := 22 46;
set Last[17] := 23 47;
set Last[18] := 24 48;
set Last[19] := 1 25;
set Last[20] := 2 26;
set Last[21] := 3 27;
set Last[22] := 5 29;
set Last[23] := 7 31;
set Last[24] := 8 32;
set Last[25] := 10 34;
set Last[26] := 11 35;
set Last[27] := 12 36;
set Last[28] := 14 38;
set Last[29] := 15 39;
set Last[30] := 16 40;
set Last[31] := 17 41;
set Last[32] := 20 44;
set Last[33] := 21 45;
set Last[34] := 22 46;
set Last[35] := 23 47;
set Last[36] := 24 48;
set Last[37] := 1 25;
set Last[38] := 2 26;
set Last[39] := 3 27;
set Last[40] := 4 28;
set Last[41] := 7 31;
set Last[42] := 8 32;
set Last[43] := 10 34;
set Last[44] := 11 35;
set Last[45] := 12 36;
set Last[46] := 14 38;
set Last[47] := 15 39;
set Last[48] := 16 40;
set Last[49] := 17 41;
set Last[50] := 20 44;
set Last[51] := 21 45;
set Last[52] := 22 46;
set Last[53] := 23 47;
set Last[54] := 24 48;
set Last[55] := 1 25;
set Last[56] := 2 26;
set Last[57] := 12 36;
set Last[58] := 14 38;
set Last[59] := 15 39;
set Last[60] := 16 40;
set Last[61] := 17 41;
set Last[62] := 21 45;
set Last[63] := 22 46;
set Last[64] := 23 47;
set Last[65] := 1 25;
set Last[66] := 2 26;
set Last[67] := 12 36;
set Last[68] := 14 38;
set Last[69] := 15 39;
set Last[70] := 16 40;
set Last[71] := 17 41;
set Last[72] := 20 44;
set Last[73] := 21 45;
set Last[74] := 22 46;
set Last[75] := 23 47;
set Last[76] := 1 25;
set Last[77] := 2 26;
set Last[78] := 3 27;
set Last[79] := 4 28;
set Last[80] := 5 29;
set Last[81] := 7 31;
set Last[82] := 12 36;
set Last[83] := 14 38;
set Last[84] := 15 39;
set Last[85] := 16 40;
set Last[86] := 17 41;
set Last[87] := 20 44;
set Last[88] := 21 45;
set Last[89] := 22 46;
set Last[90] := 23 47;
set Last[91] := 1 25;
set Last[92] := 2 26;
set Last[93] := 5 29;
set Last[94] := 12 36;
set Last[95] := 14 38;
set Last[96] := 15 39;
set Last[97] := 16 40;
set Last[98] := 17 41;
set Last[99] := 20 44;
set Last[100] := 21 45;
set Last[101] := 22 46;
set Last[102] := 23 47;
set Last[103] := 1 25;
set Last[104] := 2 26;
set Last[105] := 4 28;
set Last[106] := 5 29;
set Last[107] := 14 38;
set Last[108] := 15 39;
set Last[109] := 16 40;
set Last[110] := 17 41;
set Last[111] := 20 44;
set Last[112] := 21 45;
set Last[113] := 22 46;
set Last[114] := 23 47;
set Last[115] := 1 25;
set Last[116] := 2 26;
set Last[117] := 5 29;
set Last[118] := 12 36;
set Last[119] := 15 39;
set Last[120] := 16 40;
set Last[121] := 17 41;
set Last[122] := 20 44;
set Last[123] := 21 45;
set Last[124] := 22 46;
set Last[125] := 23 47;
set Last[126] := 1 25;
set Last[127] := 2 26;
set Last[128] := 3 27;
set Last[129] := 4 28;
set Last[130] := 5 29;
set Last[131] := 7 31;
set Last[132] := 8 32;
set Last[133] := 10 34;
set Last[134] := 11 35;
set Last[135] := 12 36;
set Last[136] := 14 38;
set Last[137] := 16 40;
set Last[138] := 17 41;
set Last[139] := 20 44;
set Last[140] := 21 45;
set Last[141] := 22 46;
set Last[142] := 23 47;
set Last[143] := 24 48;
set Last[144] := 1 25;
set Last[145] := 2 26;
set Last[146] := 3 27;
set Last[147] := 4 28;
set Last[148] := 5 29;
set Last[149] := 7 31;
set Last[150] := 8 32;
set Last[151] := 10 34;
set Last[152] := 11 35;
set Last[153] := 12 36;
set Last[154] := 14 38;
set Last[155] := 15 39;
set Last[156] := 17 41;
set Last[157] := 20 44;
set Last[158] := 21 45;
set Last[159] := 22 46;
set Last[160] := 23 47;
set Last[161] := 24 48;
set Last[162] := 1 25;
set Last[163] := 2 26;
set Last[164] := 5 29;
set Last[165] := 12 36;
set Last[166] := 14 38;
set Last[167] := 15 39;
set Last[168] := 16 40;
set Last[169] := 20 44;
set Last[170] := 21 45;
set Last[171] := 22 46;
set Last[172] := 23 47;
set Last[173] := 1 25;
set Last[174] := 2 26;
set Last[175] := 14 38;
set Last[176] := 15 39;
set Last[177] := 17 41;
set Last[178] := 21 45;
set Last[179] := 22 46;
set Last[180] := 1 25;
set Last[181] := 2 26;
set Last[182] := 3 27;
set Last[183] := 4 28;
set Last[184] := 5 29;
set Last[185] := 7 31;
set Last[186] := 8 32;
set Last[187] := 10 34;
set Last[188] := 11 35;
set Last[189] := 12 36;
set Last[190] := 14 38;
set Last[191] := 15 39;
set Last[192] := 16 40;
set Last[193] := 17 41;
set Last[194] := 21 45;
set Last[195] := 22 46;
set Last[196] := 23 47;
set Last[197] := 24 48;
set Last[198] := 1 25;
set Last[199] := 2 26;
set Last[200] := 3 27;
set Last[201] := 4 28;
set Last[202] := 5 29;
set Last[203] := 7 31;
set Last[204] := 8 32;
set Last[205] := 10 34;
set Last[206] := 11 35;
set Last[207] := 12 36;
set Last[208] := 14 38;
set Last[209] := 15 39;
set Last[210] := 16 40;
set Last[211] := 17 41;
set Last[212] := 20 44;
set Last[213] := 22 46;
set Last[214] := 23 47;
set Last[215] := 24 48;
set Last[216] := 2 26;
set Last[217] := 14 38;
set Last[218] := 15 39;
set Last[219] := 17 41;
set Last[220] := 21 45;
set Last[221] := 22 46;

param q := 5;

end;
