data;

set V := 1 2 3 4 5 6 7 8 9 10 11 12 13 14 15 16 17 18 19 20 21 22 23 24 25 26 27 28 29 30 31 32 33 34 35 36 37 38 39 41 42 43 45 46 47 48;

set A := 1 4
         1 14
         1 25
         2 4
         2 11
         2 26
         3 16
         3 27
         4 1
         4 2
         4 28
         5 6
         5 8
         5 20
         5 29
         6 5
         6 7
         6 9
         6 30
         7 6
         7 31
         8 5
         8 17
         8 32
         9 6
         9 33
         10 15
         10 34
         11 2
         11 35
         12 14
         12 21
         12 22
         12 36
         13 17
         13 37
         14 1
         14 12
         14 19
         14 38
         15 10
         15 16
         15 24
         15 39
         16 3
         16 15
         17 8
         17 13
         17 18
         17 41
         18 17
         18 42
         19 14
         19 43
         20 5
         20 21
         21 12
         21 20
         21 45
         22 12
         22 23
         22 46
         23 22
         23 24
         23 47
         24 15
         24 23
         24 48
         ;

set S := 1 2 3 4 5 6 7 8 9 10 11 12 13 14 15 16 17 18 19 20 21 22 23 24 25 26 27 28 29 30 31 32 33 34 35 36 37 38 39 40 41 42 43 44 45 46 47 48 49 50 51 52 53 54 55 56 57 58 59 60 61 62 63 64 65 66 67 68 69 70 71 72 73 74 75 76 77 78 79 80 81 82 83 84 85 86 87 88 89 90 91 92 93 94 95 96 97 98 99 100 101 102 103 104 105 106 107 108 109 110 111 112 113 114 115 116 117 118 119 120 121 122 123 124 125 126 127 128 129 130 131 132 133 134 135 136 137 138 139 140 141 142 143 144 145 146 147 148 149 150 151 152 153 154 155 156 157 158 159 160 161 162 163 164 165 166 167 168 169 170 171 172 173 174 175 176 177 178 179 180 181 182 183 184 185 186 187 188 189 190 191 192 193 194 195 196 197 198 199 200 201 202 203 204 205 206 207 208 209 210 211 212 213 214 215 216 217 218 219 220 221 222 223 224 225 226 227 228 229 230 231 232 233 234 235 236 237 238 239 240 241 242 243 244 245 246 247 248 249 250 251 252 253 254 255 256 257 258 259 260 261 262 263 264 265 266 267 268 269 270 271 272 273 274 275 276 277 278 279 280 281 282 283 284 285 286 287 288 289 290 291 292 293 294 295 296 297 298 299 300 301 302 303 304 305 306 307 308 309 310 311 312 313 314 315 316 317 318 319 320 321 322 323 324 325 326 327 328 329 330 331;

set F[1] := 1 4
            4 2
            2 26
            ;
set F[2] := 1 14
            14 12
            12 22
            22 23
            23 24
            24 15
            15 16
            16 3
            3 27
            ;
set F[3] := 1 4
            4 28
            ;
set F[4] := 1 14
            14 12
            12 21
            21 20
            20 5
            5 29
            ;
set F[5] := 1 14
            14 12
            12 21
            21 20
            20 5
            5 6
            6 30
            ;
set F[6] := 1 14
            14 12
            12 21
            21 20
            20 5
            5 6
            6 7
            7 31
            ;
set F[7] := 1 14
            14 12
            12 21
            21 20
            20 5
            5 8
            8 32
            ;
set F[8] := 1 14
            14 12
            12 21
            21 20
            20 5
            5 6
            6 9
            9 33
            ;
set F[9] := 1 14
            14 12
            12 22
            22 23
            23 24
            24 15
            15 10
            10 34
            ;
set F[10] := 1 4
             4 2
             2 11
             11 35
             ;
set F[11] := 1 14
             14 12
             12 36
             ;
set F[12] := 1 14
             14 12
             12 21
             21 20
             20 5
             5 8
             8 17
             17 13
             13 37
             ;
set F[13] := 1 14
             14 38
             ;
set F[14] := 1 14
             14 12
             12 22
             22 23
             23 24
             24 15
             15 39
             ;
set F[15] := 1 14
             14 12
             12 21
             21 20
             20 5
             5 8
             8 17
             17 41
             ;
set F[16] := 1 14
             14 12
             12 21
             21 20
             20 5
             5 8
             8 17
             17 18
             18 42
             ;
set F[17] := 1 14
             14 19
             19 43
             ;
set F[18] := 1 14
             14 12
             12 21
             21 45
             ;
set F[19] := 1 14
             14 12
             12 22
             22 46
             ;
set F[20] := 1 14
             14 12
             12 22
             22 23
             23 47
             ;
set F[21] := 1 14
             14 12
             12 22
             22 23
             23 24
             24 48
             ;
set F[22] := 2 4
             4 1
             1 25
             ;
set F[23] := 2 4
             4 28
             ;
set F[24] := 2 4
             4 1
             1 14
             14 12
             12 21
             21 20
             20 5
             5 29
             ;
set F[25] := 2 4
             4 1
             1 14
             14 12
             12 21
             21 20
             20 5
             5 6
             6 30
             ;
set F[26] := 2 4
             4 1
             1 14
             14 12
             12 21
             21 20
             20 5
             5 8
             8 32
             ;
set F[27] := 2 11
             11 35
             ;
set F[28] := 2 4
             4 1
             1 14
             14 12
             12 36
             ;
set F[29] := 2 4
             4 1
             1 14
             14 38
             ;
set F[30] := 2 4
             4 1
             1 14
             14 12
             12 22
             22 23
             23 24
             24 15
             15 39
             ;
set F[31] := 2 4
             4 1
             1 14
             14 12
             12 21
             21 20
             20 5
             5 8
             8 17
             17 18
             18 42
             ;
set F[32] := 2 4
             4 1
             1 14
             14 12
             12 21
             21 45
             ;
set F[33] := 2 4
             4 1
             1 14
             14 12
             12 22
             22 23
             23 47
             ;
set F[34] := 2 4
             4 1
             1 14
             14 12
             12 22
             22 23
             23 24
             24 48
             ;
set F[35] := 3 16
             16 15
             15 24
             24 23
             23 22
             22 12
             12 14
             14 1
             1 25
             ;
set F[36] := 3 16
             16 15
             15 24
             24 23
             23 22
             22 12
             12 14
             14 1
             1 4
             4 2
             2 26
             ;
set F[37] := 3 16
             16 15
             15 24
             24 23
             23 22
             22 12
             12 14
             14 1
             1 4
             4 28
             ;
set F[38] := 3 16
             16 15
             15 24
             24 23
             23 22
             22 12
             12 21
             21 20
             20 5
             5 29
             ;
set F[39] := 3 16
             16 15
             15 24
             24 23
             23 22
             22 12
             12 21
             21 20
             20 5
             5 6
             6 30
             ;
set F[40] := 3 16
             16 15
             15 24
             24 23
             23 22
             22 12
             12 21
             21 20
             20 5
             5 8
             8 32
             ;
set F[41] := 3 16
             16 15
             15 10
             10 34
             ;
set F[42] := 3 16
             16 15
             15 24
             24 23
             23 22
             22 12
             12 14
             14 1
             1 4
             4 2
             2 11
             11 35
             ;
set F[43] := 3 16
             16 15
             15 24
             24 23
             23 22
             22 12
             12 36
             ;
set F[44] := 3 16
             16 15
             15 24
             24 23
             23 22
             22 12
             12 14
             14 38
             ;
set F[45] := 3 16
             16 15
             15 39
             ;
set F[46] := 3 16
             16 15
             15 24
             24 23
             23 22
             22 12
             12 21
             21 20
             20 5
             5 8
             8 17
             17 41
             ;
set F[47] := 3 16
             16 15
             15 24
             24 23
             23 22
             22 12
             12 21
             21 20
             20 5
             5 8
             8 17
             17 18
             18 42
             ;
set F[48] := 3 16
             16 15
             15 24
             24 23
             23 22
             22 12
             12 21
             21 45
             ;
set F[49] := 3 16
             16 15
             15 24
             24 23
             23 22
             22 46
             ;
set F[50] := 3 16
             16 15
             15 24
             24 23
             23 47
             ;
set F[51] := 3 16
             16 15
             15 24
             24 48
             ;
set F[52] := 4 1
             1 14
             14 12
             12 21
             21 20
             20 5
             5 8
             8 32
             ;
set F[53] := 4 1
             1 14
             14 12
             12 36
             ;
set F[54] := 4 1
             1 14
             14 12
             12 22
             22 23
             23 24
             24 15
             15 39
             ;
set F[55] := 4 1
             1 14
             14 12
             12 21
             21 45
             ;
set F[56] := 4 1
             1 14
             14 12
             12 22
             22 23
             23 47
             ;
set F[57] := 5 20
             20 21
             21 12
             12 14
             14 1
             1 25
             ;
set F[58] := 5 20
             20 21
             21 12
             12 14
             14 1
             1 4
             4 2
             2 26
             ;
set F[59] := 5 20
             20 21
             21 12
             12 14
             14 1
             1 4
             4 28
             ;
set F[60] := 5 6
             6 30
             ;
set F[61] := 5 8
             8 32
             ;
set F[62] := 5 20
             20 21
             21 12
             12 14
             14 1
             1 4
             4 2
             2 11
             11 35
             ;
set F[63] := 5 20
             20 21
             21 12
             12 36
             ;
set F[64] := 5 20
             20 21
             21 12
             12 14
             14 38
             ;
set F[65] := 5 20
             20 21
             21 12
             12 22
             22 23
             23 24
             24 15
             15 39
             ;
set F[66] := 5 8
             8 17
             17 18
             18 42
             ;
set F[67] := 5 20
             20 21
             21 45
             ;
set F[68] := 5 20
             20 21
             21 12
             12 22
             22 23
             23 47
             ;
set F[69] := 5 20
             20 21
             21 12
             12 22
             22 23
             23 24
             24 48
             ;
set F[70] := 6 5
             5 20
             20 21
             21 12
             12 14
             14 1
             1 25
             ;
set F[71] := 6 5
             5 20
             20 21
             21 12
             12 14
             14 1
             1 4
             4 2
             2 26
             ;
set F[72] := 6 5
             5 20
             20 21
             21 12
             12 22
             22 23
             23 24
             24 15
             15 16
             16 3
             3 27
             ;
set F[73] := 6 5
             5 20
             20 21
             21 12
             12 14
             14 1
             1 4
             4 28
             ;
set F[74] := 6 5
             5 29
             ;
set F[75] := 6 7
             7 31
             ;
set F[76] := 6 5
             5 8
             8 32
             ;
set F[77] := 6 9
             9 33
             ;
set F[78] := 6 5
             5 20
             20 21
             21 12
             12 22
             22 23
             23 24
             24 15
             15 10
             10 34
             ;
set F[79] := 6 5
             5 20
             20 21
             21 12
             12 14
             14 1
             1 4
             4 2
             2 11
             11 35
             ;
set F[80] := 6 5
             5 20
             20 21
             21 12
             12 36
             ;
set F[81] := 6 5
             5 8
             8 17
             17 13
             13 37
             ;
set F[82] := 6 5
             5 20
             20 21
             21 12
             12 14
             14 38
             ;
set F[83] := 6 5
             5 20
             20 21
             21 12
             12 22
             22 23
             23 24
             24 15
             15 39
             ;
set F[84] := 6 5
             5 8
             8 17
             17 41
             ;
set F[85] := 6 5
             5 8
             8 17
             17 18
             18 42
             ;
set F[86] := 6 5
             5 20
             20 21
             21 12
             12 14
             14 19
             19 43
             ;
set F[87] := 6 5
             5 20
             20 21
             21 45
             ;
set F[88] := 6 5
             5 20
             20 21
             21 12
             12 22
             22 46
             ;
set F[89] := 6 5
             5 20
             20 21
             21 12
             12 22
             22 23
             23 47
             ;
set F[90] := 6 5
             5 20
             20 21
             21 12
             12 22
             22 23
             23 24
             24 48
             ;
set F[91] := 7 6
             6 5
             5 20
             20 21
             21 12
             12 14
             14 1
             1 25
             ;
set F[92] := 7 6
             6 5
             5 20
             20 21
             21 12
             12 14
             14 1
             1 4
             4 2
             2 26
             ;
set F[93] := 7 6
             6 5
             5 20
             20 21
             21 12
             12 14
             14 1
             1 4
             4 28
             ;
set F[94] := 7 6
             6 5
             5 29
             ;
set F[95] := 7 6
             6 30
             ;
set F[96] := 7 6
             6 5
             5 8
             8 32
             ;
set F[97] := 7 6
             6 5
             5 20
             20 21
             21 12
             12 14
             14 1
             1 4
             4 2
             2 11
             11 35
             ;
set F[98] := 7 6
             6 5
             5 20
             20 21
             21 12
             12 36
             ;
set F[99] := 7 6
             6 5
             5 20
             20 21
             21 12
             12 14
             14 38
             ;
set F[100] := 7 6
              6 5
              5 20
              20 21
              21 12
              12 22
              22 23
              23 24
              24 15
              15 39
              ;
set F[101] := 7 6
              6 5
              5 8
              8 17
              17 18
              18 42
              ;
set F[102] := 7 6
              6 5
              5 20
              20 21
              21 45
              ;
set F[103] := 7 6
              6 5
              5 20
              20 21
              21 12
              12 22
              22 23
              23 47
              ;
set F[104] := 8 5
              5 20
              20 21
              21 12
              12 14
              14 1
              1 25
              ;
set F[105] := 8 5
              5 20
              20 21
              21 12
              12 14
              14 1
              1 4
              4 2
              2 26
              ;
set F[106] := 8 5
              5 20
              20 21
              21 12
              12 14
              14 1
              1 4
              4 28
              ;
set F[107] := 8 5
              5 29
              ;
set F[108] := 8 5
              5 6
              6 30
              ;
set F[109] := 8 5
              5 20
              20 21
              21 12
              12 14
              14 1
              1 4
              4 2
              2 11
              11 35
              ;
set F[110] := 8 5
              5 20
              20 21
              21 12
              12 36
              ;
set F[111] := 8 5
              5 20
              20 21
              21 12
              12 14
              14 38
              ;
set F[112] := 8 5
              5 20
              20 21
              21 12
              12 22
              22 23
              23 24
              24 15
              15 39
              ;
set F[113] := 8 17
              17 18
              18 42
              ;
set F[114] := 8 5
              5 20
              20 21
              21 45
              ;
set F[115] := 8 5
              5 20
              20 21
              21 12
              12 22
              22 23
              23 47
              ;
set F[116] := 8 5
              5 20
              20 21
              21 12
              12 22
              22 23
              23 24
              24 48
              ;
set F[117] := 9 6
              6 5
              5 20
              20 21
              21 12
              12 14
              14 1
              1 4
              4 28
              ;
set F[118] := 9 6
              6 5
              5 8
              8 32
              ;
set F[119] := 9 6
              6 5
              5 20
              20 21
              21 12
              12 36
              ;
set F[120] := 9 6
              6 5
              5 20
              20 21
              21 12
              12 22
              22 23
              23 24
              24 15
              15 39
              ;
set F[121] := 9 6
              6 5
              5 20
              20 21
              21 45
              ;
set F[122] := 9 6
              6 5
              5 20
              20 21
              21 12
              12 22
              22 23
              23 47
              ;
set F[123] := 10 15
              15 24
              24 23
              23 22
              22 12
              12 14
              14 1
              1 4
              4 28
              ;
set F[124] := 10 15
              15 24
              24 23
              23 22
              22 12
              12 21
              21 20
              20 5
              5 8
              8 32
              ;
set F[125] := 10 15
              15 24
              24 23
              23 22
              22 12
              12 36
              ;
set F[126] := 10 15
              15 39
              ;
set F[127] := 10 15
              15 24
              24 23
              23 22
              22 12
              12 21
              21 45
              ;
set F[128] := 10 15
              15 24
              24 23
              23 47
              ;
set F[129] := 11 2
              2 4
              4 1
              1 25
              ;
set F[130] := 11 2
              2 26
              ;
set F[131] := 11 2
              2 4
              4 28
              ;
set F[132] := 11 2
              2 4
              4 1
              1 14
              14 12
              12 21
              21 20
              20 5
              5 29
              ;
set F[133] := 11 2
              2 4
              4 1
              1 14
              14 12
              12 21
              21 20
              20 5
              5 6
              6 30
              ;
set F[134] := 11 2
              2 4
              4 1
              1 14
              14 12
              12 21
              21 20
              20 5
              5 8
              8 32
              ;
set F[135] := 11 2
              2 4
              4 1
              1 14
              14 12
              12 36
              ;
set F[136] := 11 2
              2 4
              4 1
              1 14
              14 38
              ;
set F[137] := 11 2
              2 4
              4 1
              1 14
              14 12
              12 22
              22 23
              23 24
              24 15
              15 39
              ;
set F[138] := 11 2
              2 4
              4 1
              1 14
              14 12
              12 21
              21 20
              20 5
              5 8
              8 17
              17 18
              18 42
              ;
set F[139] := 11 2
              2 4
              4 1
              1 14
              14 12
              12 21
              21 45
              ;
set F[140] := 11 2
              2 4
              4 1
              1 14
              14 12
              12 22
              22 23
              23 47
              ;
set F[141] := 11 2
              2 4
              4 1
              1 14
              14 12
              12 22
              22 23
              23 24
              24 48
              ;
set F[142] := 12 14
              14 1
              1 25
              ;
set F[143] := 12 14
              14 1
              1 4
              4 2
              2 26
              ;
set F[144] := 12 22
              22 23
              23 24
              24 15
              15 16
              16 3
              3 27
              ;
set F[145] := 12 14
              14 1
              1 4
              4 28
              ;
set F[146] := 12 21
              21 20
              20 5
              5 29
              ;
set F[147] := 12 21
              21 20
              20 5
              5 6
              6 30
              ;
set F[148] := 12 21
              21 20
              20 5
              5 6
              6 7
              7 31
              ;
set F[149] := 12 21
              21 20
              20 5
              5 8
              8 32
              ;
set F[150] := 12 21
              21 20
              20 5
              5 6
              6 9
              9 33
              ;
set F[151] := 12 22
              22 23
              23 24
              24 15
              15 10
              10 34
              ;
set F[152] := 12 14
              14 1
              1 4
              4 2
              2 11
              11 35
              ;
set F[153] := 12 14
              14 38
              ;
set F[154] := 12 22
              22 23
              23 24
              24 15
              15 39
              ;
set F[155] := 12 21
              21 20
              20 5
              5 8
              8 17
              17 41
              ;
set F[156] := 12 21
              21 20
              20 5
              5 8
              8 17
              17 18
              18 42
              ;
set F[157] := 12 14
              14 19
              19 43
              ;
set F[158] := 12 21
              21 45
              ;
set F[159] := 12 22
              22 46
              ;
set F[160] := 12 22
              22 23
              23 47
              ;
set F[161] := 12 22
              22 23
              23 24
              24 48
              ;
set F[162] := 13 17
              17 8
              8 5
              5 20
              20 21
              21 12
              12 14
              14 1
              1 25
              ;
set F[163] := 13 17
              17 8
              8 5
              5 20
              20 21
              21 12
              12 14
              14 1
              1 4
              4 2
              2 26
              ;
set F[164] := 13 17
              17 8
              8 5
              5 20
              20 21
              21 12
              12 22
              22 23
              23 24
              24 15
              15 16
              16 3
              3 27
              ;
set F[165] := 13 17
              17 8
              8 5
              5 20
              20 21
              21 12
              12 14
              14 1
              1 4
              4 28
              ;
set F[166] := 13 17
              17 8
              8 5
              5 29
              ;
set F[167] := 13 17
              17 8
              8 5
              5 6
              6 30
              ;
set F[168] := 13 17
              17 8
              8 32
              ;
set F[169] := 13 17
              17 8
              8 5
              5 6
              6 9
              9 33
              ;
set F[170] := 13 17
              17 8
              8 5
              5 20
              20 21
              21 12
              12 22
              22 23
              23 24
              24 15
              15 10
              10 34
              ;
set F[171] := 13 17
              17 8
              8 5
              5 20
              20 21
              21 12
              12 14
              14 1
              1 4
              4 2
              2 11
              11 35
              ;
set F[172] := 13 17
              17 8
              8 5
              5 20
              20 21
              21 12
              12 36
              ;
set F[173] := 13 17
              17 8
              8 5
              5 20
              20 21
              21 12
              12 14
              14 38
              ;
set F[174] := 13 17
              17 8
              8 5
              5 20
              20 21
              21 12
              12 22
              22 23
              23 24
              24 15
              15 39
              ;
set F[175] := 13 17
              17 41
              ;
set F[176] := 13 17
              17 18
              18 42
              ;
set F[177] := 13 17
              17 8
              8 5
              5 20
              20 21
              21 45
              ;
set F[178] := 13 17
              17 8
              8 5
              5 20
              20 21
              21 12
              12 22
              22 46
              ;
set F[179] := 13 17
              17 8
              8 5
              5 20
              20 21
              21 12
              12 22
              22 23
              23 47
              ;
set F[180] := 13 17
              17 8
              8 5
              5 20
              20 21
              21 12
              12 22
              22 23
              23 24
              24 48
              ;
set F[181] := 15 24
              24 23
              23 22
              22 12
              12 14
              14 1
              1 25
              ;
set F[182] := 15 24
              24 23
              23 22
              22 12
              12 14
              14 1
              1 4
              4 2
              2 26
              ;
set F[183] := 15 16
              16 3
              3 27
              ;
set F[184] := 15 24
              24 23
              23 22
              22 12
              12 14
              14 1
              1 4
              4 28
              ;
set F[185] := 15 24
              24 23
              23 22
              22 12
              12 21
              21 20
              20 5
              5 29
              ;
set F[186] := 15 24
              24 23
              23 22
              22 12
              12 21
              21 20
              20 5
              5 6
              6 30
              ;
set F[187] := 15 24
              24 23
              23 22
              22 12
              12 21
              21 20
              20 5
              5 6
              6 7
              7 31
              ;
set F[188] := 15 24
              24 23
              23 22
              22 12
              12 21
              21 20
              20 5
              5 8
              8 32
              ;
set F[189] := 15 24
              24 23
              23 22
              22 12
              12 21
              21 20
              20 5
              5 6
              6 9
              9 33
              ;
set F[190] := 15 10
              10 34
              ;
set F[191] := 15 24
              24 23
              23 22
              22 12
              12 14
              14 1
              1 4
              4 2
              2 11
              11 35
              ;
set F[192] := 15 24
              24 23
              23 22
              22 12
              12 36
              ;
set F[193] := 15 24
              24 23
              23 22
              22 12
              12 21
              21 20
              20 5
              5 8
              8 17
              17 13
              13 37
              ;
set F[194] := 15 24
              24 23
              23 22
              22 12
              12 14
              14 38
              ;
set F[195] := 15 24
              24 23
              23 22
              22 12
              12 21
              21 20
              20 5
              5 8
              8 17
              17 41
              ;
set F[196] := 15 24
              24 23
              23 22
              22 12
              12 21
              21 20
              20 5
              5 8
              8 17
              17 18
              18 42
              ;
set F[197] := 15 24
              24 23
              23 22
              22 12
              12 14
              14 19
              19 43
              ;
set F[198] := 15 24
              24 23
              23 22
              22 12
              12 21
              21 45
              ;
set F[199] := 15 24
              24 23
              23 22
              22 46
              ;
set F[200] := 15 24
              24 23
              23 47
              ;
set F[201] := 15 24
              24 48
              ;
set F[202] := 16 15
              15 24
              24 23
              23 22
              22 12
              12 14
              14 1
              1 25
              ;
set F[203] := 16 15
              15 24
              24 23
              23 22
              22 12
              12 14
              14 1
              1 4
              4 2
              2 26
              ;
set F[204] := 16 15
              15 24
              24 23
              23 22
              22 12
              12 14
              14 1
              1 4
              4 28
              ;
set F[205] := 16 15
              15 24
              24 23
              23 22
              22 12
              12 21
              21 20
              20 5
              5 8
              8 32
              ;
set F[206] := 16 15
              15 24
              24 23
              23 22
              22 12
              12 14
              14 1
              1 4
              4 2
              2 11
              11 35
              ;
set F[207] := 16 15
              15 24
              24 23
              23 22
              22 12
              12 36
              ;
set F[208] := 16 15
              15 24
              24 23
              23 22
              22 12
              12 14
              14 38
              ;
set F[209] := 16 15
              15 39
              ;
set F[210] := 16 15
              15 24
              24 23
              23 22
              22 12
              12 21
              21 20
              20 5
              5 8
              8 17
              17 18
              18 42
              ;
set F[211] := 16 15
              15 24
              24 23
              23 22
              22 12
              12 21
              21 45
              ;
set F[212] := 16 15
              15 24
              24 23
              23 47
              ;
set F[213] := 17 8
              8 5
              5 20
              20 21
              21 12
              12 14
              14 1
              1 25
              ;
set F[214] := 17 8
              8 5
              5 20
              20 21
              21 12
              12 14
              14 1
              1 4
              4 2
              2 26
              ;
set F[215] := 17 8
              8 5
              5 20
              20 21
              21 12
              12 22
              22 23
              23 24
              24 15
              15 16
              16 3
              3 27
              ;
set F[216] := 17 8
              8 5
              5 20
              20 21
              21 12
              12 14
              14 1
              1 4
              4 28
              ;
set F[217] := 17 8
              8 5
              5 29
              ;
set F[218] := 17 8
              8 5
              5 6
              6 30
              ;
set F[219] := 17 8
              8 5
              5 6
              6 7
              7 31
              ;
set F[220] := 17 8
              8 32
              ;
set F[221] := 17 8
              8 5
              5 6
              6 9
              9 33
              ;
set F[222] := 17 8
              8 5
              5 20
              20 21
              21 12
              12 22
              22 23
              23 24
              24 15
              15 10
              10 34
              ;
set F[223] := 17 8
              8 5
              5 20
              20 21
              21 12
              12 14
              14 1
              1 4
              4 2
              2 11
              11 35
              ;
set F[224] := 17 8
              8 5
              5 20
              20 21
              21 12
              12 36
              ;
set F[225] := 17 13
              13 37
              ;
set F[226] := 17 8
              8 5
              5 20
              20 21
              21 12
              12 14
              14 38
              ;
set F[227] := 17 8
              8 5
              5 20
              20 21
              21 12
              12 22
              22 23
              23 24
              24 15
              15 39
              ;
set F[228] := 17 18
              18 42
              ;
set F[229] := 17 8
              8 5
              5 20
              20 21
              21 12
              12 14
              14 19
              19 43
              ;
set F[230] := 17 8
              8 5
              5 20
              20 21
              21 45
              ;
set F[231] := 17 8
              8 5
              5 20
              20 21
              21 12
              12 22
              22 46
              ;
set F[232] := 17 8
              8 5
              5 20
              20 21
              21 12
              12 22
              22 23
              23 47
              ;
set F[233] := 17 8
              8 5
              5 20
              20 21
              21 12
              12 22
              22 23
              23 24
              24 48
              ;
set F[234] := 18 17
              17 8
              8 5
              5 20
              20 21
              21 12
              12 22
              22 23
              23 24
              24 15
              15 39
              ;
set F[235] := 19 14
              14 1
              1 25
              ;
set F[236] := 19 14
              14 1
              1 4
              4 2
              2 26
              ;
set F[237] := 19 14
              14 1
              1 4
              4 28
              ;
set F[238] := 19 14
              14 12
              12 21
              21 20
              20 5
              5 29
              ;
set F[239] := 19 14
              14 12
              12 21
              21 20
              20 5
              5 6
              6 30
              ;
set F[240] := 19 14
              14 12
              12 21
              21 20
              20 5
              5 8
              8 32
              ;
set F[241] := 19 14
              14 1
              1 4
              4 2
              2 11
              11 35
              ;
set F[242] := 19 14
              14 12
              12 36
              ;
set F[243] := 19 14
              14 38
              ;
set F[244] := 19 14
              14 12
              12 22
              22 23
              23 24
              24 15
              15 39
              ;
set F[245] := 19 14
              14 12
              12 21
              21 20
              20 5
              5 8
              8 17
              17 18
              18 42
              ;
set F[246] := 19 14
              14 12
              12 21
              21 45
              ;
set F[247] := 19 14
              14 12
              12 22
              22 23
              23 47
              ;
set F[248] := 19 14
              14 12
              12 22
              22 23
              23 24
              24 48
              ;
set F[249] := 20 21
              21 12
              12 14
              14 1
              1 25
              ;
set F[250] := 20 21
              21 12
              12 14
              14 1
              1 4
              4 2
              2 26
              ;
set F[251] := 20 21
              21 12
              12 22
              22 23
              23 24
              24 15
              15 16
              16 3
              3 27
              ;
set F[252] := 20 21
              21 12
              12 14
              14 1
              1 4
              4 28
              ;
set F[253] := 20 5
              5 29
              ;
set F[254] := 20 5
              5 6
              6 30
              ;
set F[255] := 20 5
              5 6
              6 7
              7 31
              ;
set F[256] := 20 5
              5 8
              8 32
              ;
set F[257] := 20 5
              5 6
              6 9
              9 33
              ;
set F[258] := 20 21
              21 12
              12 22
              22 23
              23 24
              24 15
              15 10
              10 34
              ;
set F[259] := 20 21
              21 12
              12 14
              14 1
              1 4
              4 2
              2 11
              11 35
              ;
set F[260] := 20 21
              21 12
              12 36
              ;
set F[261] := 20 21
              21 12
              12 14
              14 38
              ;
set F[262] := 20 21
              21 12
              12 22
              22 23
              23 24
              24 15
              15 39
              ;
set F[263] := 20 5
              5 8
              8 17
              17 41
              ;
set F[264] := 20 5
              5 8
              8 17
              17 18
              18 42
              ;
set F[265] := 20 21
              21 12
              12 14
              14 19
              19 43
              ;
set F[266] := 20 21
              21 45
              ;
set F[267] := 20 21
              21 12
              12 22
              22 46
              ;
set F[268] := 20 21
              21 12
              12 22
              22 23
              23 47
              ;
set F[269] := 20 21
              21 12
              12 22
              22 23
              23 24
              24 48
              ;
set F[270] := 22 12
              12 14
              14 1
              1 25
              ;
set F[271] := 22 12
              12 14
              14 1
              1 4
              4 2
              2 26
              ;
set F[272] := 22 23
              23 24
              24 15
              15 16
              16 3
              3 27
              ;
set F[273] := 22 12
              12 14
              14 1
              1 4
              4 28
              ;
set F[274] := 22 12
              12 21
              21 20
              20 5
              5 29
              ;
set F[275] := 22 12
              12 21
              21 20
              20 5
              5 6
              6 30
              ;
set F[276] := 22 12
              12 21
              21 20
              20 5
              5 6
              6 7
              7 31
              ;
set F[277] := 22 12
              12 21
              21 20
              20 5
              5 8
              8 32
              ;
set F[278] := 22 12
              12 21
              21 20
              20 5
              5 6
              6 9
              9 33
              ;
set F[279] := 22 23
              23 24
              24 15
              15 10
              10 34
              ;
set F[280] := 22 12
              12 14
              14 1
              1 4
              4 2
              2 11
              11 35
              ;
set F[281] := 22 12
              12 36
              ;
set F[282] := 22 12
              12 21
              21 20
              20 5
              5 8
              8 17
              17 13
              13 37
              ;
set F[283] := 22 12
              12 14
              14 38
              ;
set F[284] := 22 23
              23 24
              24 15
              15 39
              ;
set F[285] := 22 12
              12 21
              21 20
              20 5
              5 8
              8 17
              17 41
              ;
set F[286] := 22 12
              12 21
              21 20
              20 5
              5 8
              8 17
              17 18
              18 42
              ;
set F[287] := 22 12
              12 14
              14 19
              19 43
              ;
set F[288] := 22 12
              12 21
              21 45
              ;
set F[289] := 22 23
              23 47
              ;
set F[290] := 22 23
              23 24
              24 48
              ;
set F[291] := 23 22
              22 12
              12 14
              14 1
              1 25
              ;
set F[292] := 23 22
              22 12
              12 14
              14 1
              1 4
              4 2
              2 26
              ;
set F[293] := 23 24
              24 15
              15 16
              16 3
              3 27
              ;
set F[294] := 23 22
              22 12
              12 14
              14 1
              1 4
              4 28
              ;
set F[295] := 23 22
              22 12
              12 21
              21 20
              20 5
              5 29
              ;
set F[296] := 23 22
              22 12
              12 21
              21 20
              20 5
              5 6
              6 30
              ;
set F[297] := 23 22
              22 12
              12 21
              21 20
              20 5
              5 6
              6 7
              7 31
              ;
set F[298] := 23 22
              22 12
              12 21
              21 20
              20 5
              5 8
              8 32
              ;
set F[299] := 23 22
              22 12
              12 21
              21 20
              20 5
              5 6
              6 9
              9 33
              ;
set F[300] := 23 24
              24 15
              15 10
              10 34
              ;
set F[301] := 23 22
              22 12
              12 14
              14 1
              1 4
              4 2
              2 11
              11 35
              ;
set F[302] := 23 22
              22 12
              12 36
              ;
set F[303] := 23 22
              22 12
              12 21
              21 20
              20 5
              5 8
              8 17
              17 13
              13 37
              ;
set F[304] := 23 22
              22 12
              12 14
              14 38
              ;
set F[305] := 23 24
              24 15
              15 39
              ;
set F[306] := 23 22
              22 12
              12 21
              21 20
              20 5
              5 8
              8 17
              17 41
              ;
set F[307] := 23 22
              22 12
              12 21
              21 20
              20 5
              5 8
              8 17
              17 18
              18 42
              ;
set F[308] := 23 22
              22 12
              12 14
              14 19
              19 43
              ;
set F[309] := 23 22
              22 12
              12 21
              21 45
              ;
set F[310] := 23 22
              22 46
              ;
set F[311] := 23 24
              24 48
              ;
set F[312] := 24 23
              23 22
              22 12
              12 14
              14 1
              1 25
              ;
set F[313] := 24 23
              23 22
              22 12
              12 14
              14 1
              1 4
              4 2
              2 26
              ;
set F[314] := 24 15
              15 16
              16 3
              3 27
              ;
set F[315] := 24 23
              23 22
              22 12
              12 14
              14 1
              1 4
              4 28
              ;
set F[316] := 24 23
              23 22
              22 12
              12 21
              21 20
              20 5
              5 29
              ;
set F[317] := 24 23
              23 22
              22 12
              12 21
              21 20
              20 5
              5 6
              6 30
              ;
set F[318] := 24 23
              23 22
              22 12
              12 21
              21 20
              20 5
              5 6
              6 7
              7 31
              ;
set F[319] := 24 23
              23 22
              22 12
              12 21
              21 20
              20 5
              5 8
              8 32
              ;
set F[320] := 24 23
              23 22
              22 12
              12 21
              21 20
              20 5
              5 6
              6 9
              9 33
              ;
set F[321] := 24 15
              15 10
              10 34
              ;
set F[322] := 24 23
              23 22
              22 12
              12 14
              14 1
              1 4
              4 2
              2 11
              11 35
              ;
set F[323] := 24 23
              23 22
              22 12
              12 36
              ;
set F[324] := 24 23
              23 22
              22 12
              12 14
              14 38
              ;
set F[325] := 24 15
              15 39
              ;
set F[326] := 24 23
              23 22
              22 12
              12 21
              21 20
              20 5
              5 8
              8 17
              17 41
              ;
set F[327] := 24 23
              23 22
              22 12
              12 21
              21 20
              20 5
              5 8
              8 17
              17 18
              18 42
              ;
set F[328] := 24 23
              23 22
              22 12
              12 14
              14 19
              19 43
              ;
set F[329] := 24 23
              23 22
              22 12
              12 21
              21 45
              ;
set F[330] := 24 23
              23 22
              22 46
              ;
set F[331] := 24 23
              23 47
              ;
set Last[1] := 2 26;
set Last[2] := 3 27;
set Last[3] := 4 28;
set Last[4] := 5 29;
set Last[5] := 6 30;
set Last[6] := 7 31;
set Last[7] := 8 32;
set Last[8] := 9 33;
set Last[9] := 10 34;
set Last[10] := 11 35;
set Last[11] := 12 36;
set Last[12] := 13 37;
set Last[13] := 14 38;
set Last[14] := 15 39;
set Last[15] := 17 41;
set Last[16] := 18 42;
set Last[17] := 19 43;
set Last[18] := 21 45;
set Last[19] := 22 46;
set Last[20] := 23 47;
set Last[21] := 24 48;
set Last[22] := 1 25;
set Last[23] := 4 28;
set Last[24] := 5 29;
set Last[25] := 6 30;
set Last[26] := 8 32;
set Last[27] := 11 35;
set Last[28] := 12 36;
set Last[29] := 14 38;
set Last[30] := 15 39;
set Last[31] := 18 42;
set Last[32] := 21 45;
set Last[33] := 23 47;
set Last[34] := 24 48;
set Last[35] := 1 25;
set Last[36] := 2 26;
set Last[37] := 4 28;
set Last[38] := 5 29;
set Last[39] := 6 30;
set Last[40] := 8 32;
set Last[41] := 10 34;
set Last[42] := 11 35;
set Last[43] := 12 36;
set Last[44] := 14 38;
set Last[45] := 15 39;
set Last[46] := 17 41;
set Last[47] := 18 42;
set Last[48] := 21 45;
set Last[49] := 22 46;
set Last[50] := 23 47;
set Last[51] := 24 48;
set Last[52] := 8 32;
set Last[53] := 12 36;
set Last[54] := 15 39;
set Last[55] := 21 45;
set Last[56] := 23 47;
set Last[57] := 1 25;
set Last[58] := 2 26;
set Last[59] := 4 28;
set Last[60] := 6 30;
set Last[61] := 8 32;
set Last[62] := 11 35;
set Last[63] := 12 36;
set Last[64] := 14 38;
set Last[65] := 15 39;
set Last[66] := 18 42;
set Last[67] := 21 45;
set Last[68] := 23 47;
set Last[69] := 24 48;
set Last[70] := 1 25;
set Last[71] := 2 26;
set Last[72] := 3 27;
set Last[73] := 4 28;
set Last[74] := 5 29;
set Last[75] := 7 31;
set Last[76] := 8 32;
set Last[77] := 9 33;
set Last[78] := 10 34;
set Last[79] := 11 35;
set Last[80] := 12 36;
set Last[81] := 13 37;
set Last[82] := 14 38;
set Last[83] := 15 39;
set Last[84] := 17 41;
set Last[85] := 18 42;
set Last[86] := 19 43;
set Last[87] := 21 45;
set Last[88] := 22 46;
set Last[89] := 23 47;
set Last[90] := 24 48;
set Last[91] := 1 25;
set Last[92] := 2 26;
set Last[93] := 4 28;
set Last[94] := 5 29;
set Last[95] := 6 30;
set Last[96] := 8 32;
set Last[97] := 11 35;
set Last[98] := 12 36;
set Last[99] := 14 38;
set Last[100] := 15 39;
set Last[101] := 18 42;
set Last[102] := 21 45;
set Last[103] := 23 47;
set Last[104] := 1 25;
set Last[105] := 2 26;
set Last[106] := 4 28;
set Last[107] := 5 29;
set Last[108] := 6 30;
set Last[109] := 11 35;
set Last[110] := 12 36;
set Last[111] := 14 38;
set Last[112] := 15 39;
set Last[113] := 18 42;
set Last[114] := 21 45;
set Last[115] := 23 47;
set Last[116] := 24 48;
set Last[117] := 4 28;
set Last[118] := 8 32;
set Last[119] := 12 36;
set Last[120] := 15 39;
set Last[121] := 21 45;
set Last[122] := 23 47;
set Last[123] := 4 28;
set Last[124] := 8 32;
set Last[125] := 12 36;
set Last[126] := 15 39;
set Last[127] := 21 45;
set Last[128] := 23 47;
set Last[129] := 1 25;
set Last[130] := 2 26;
set Last[131] := 4 28;
set Last[132] := 5 29;
set Last[133] := 6 30;
set Last[134] := 8 32;
set Last[135] := 12 36;
set Last[136] := 14 38;
set Last[137] := 15 39;
set Last[138] := 18 42;
set Last[139] := 21 45;
set Last[140] := 23 47;
set Last[141] := 24 48;
set Last[142] := 1 25;
set Last[143] := 2 26;
set Last[144] := 3 27;
set Last[145] := 4 28;
set Last[146] := 5 29;
set Last[147] := 6 30;
set Last[148] := 7 31;
set Last[149] := 8 32;
set Last[150] := 9 33;
set Last[151] := 10 34;
set Last[152] := 11 35;
set Last[153] := 14 38;
set Last[154] := 15 39;
set Last[155] := 17 41;
set Last[156] := 18 42;
set Last[157] := 19 43;
set Last[158] := 21 45;
set Last[159] := 22 46;
set Last[160] := 23 47;
set Last[161] := 24 48;
set Last[162] := 1 25;
set Last[163] := 2 26;
set Last[164] := 3 27;
set Last[165] := 4 28;
set Last[166] := 5 29;
set Last[167] := 6 30;
set Last[168] := 8 32;
set Last[169] := 9 33;
set Last[170] := 10 34;
set Last[171] := 11 35;
set Last[172] := 12 36;
set Last[173] := 14 38;
set Last[174] := 15 39;
set Last[175] := 17 41;
set Last[176] := 18 42;
set Last[177] := 21 45;
set Last[178] := 22 46;
set Last[179] := 23 47;
set Last[180] := 24 48;
set Last[181] := 1 25;
set Last[182] := 2 26;
set Last[183] := 3 27;
set Last[184] := 4 28;
set Last[185] := 5 29;
set Last[186] := 6 30;
set Last[187] := 7 31;
set Last[188] := 8 32;
set Last[189] := 9 33;
set Last[190] := 10 34;
set Last[191] := 11 35;
set Last[192] := 12 36;
set Last[193] := 13 37;
set Last[194] := 14 38;
set Last[195] := 17 41;
set Last[196] := 18 42;
set Last[197] := 19 43;
set Last[198] := 21 45;
set Last[199] := 22 46;
set Last[200] := 23 47;
set Last[201] := 24 48;
set Last[202] := 1 25;
set Last[203] := 2 26;
set Last[204] := 4 28;
set Last[205] := 8 32;
set Last[206] := 11 35;
set Last[207] := 12 36;
set Last[208] := 14 38;
set Last[209] := 15 39;
set Last[210] := 18 42;
set Last[211] := 21 45;
set Last[212] := 23 47;
set Last[213] := 1 25;
set Last[214] := 2 26;
set Last[215] := 3 27;
set Last[216] := 4 28;
set Last[217] := 5 29;
set Last[218] := 6 30;
set Last[219] := 7 31;
set Last[220] := 8 32;
set Last[221] := 9 33;
set Last[222] := 10 34;
set Last[223] := 11 35;
set Last[224] := 12 36;
set Last[225] := 13 37;
set Last[226] := 14 38;
set Last[227] := 15 39;
set Last[228] := 18 42;
set Last[229] := 19 43;
set Last[230] := 21 45;
set Last[231] := 22 46;
set Last[232] := 23 47;
set Last[233] := 24 48;
set Last[234] := 15 39;
set Last[235] := 1 25;
set Last[236] := 2 26;
set Last[237] := 4 28;
set Last[238] := 5 29;
set Last[239] := 6 30;
set Last[240] := 8 32;
set Last[241] := 11 35;
set Last[242] := 12 36;
set Last[243] := 14 38;
set Last[244] := 15 39;
set Last[245] := 18 42;
set Last[246] := 21 45;
set Last[247] := 23 47;
set Last[248] := 24 48;
set Last[249] := 1 25;
set Last[250] := 2 26;
set Last[251] := 3 27;
set Last[252] := 4 28;
set Last[253] := 5 29;
set Last[254] := 6 30;
set Last[255] := 7 31;
set Last[256] := 8 32;
set Last[257] := 9 33;
set Last[258] := 10 34;
set Last[259] := 11 35;
set Last[260] := 12 36;
set Last[261] := 14 38;
set Last[262] := 15 39;
set Last[263] := 17 41;
set Last[264] := 18 42;
set Last[265] := 19 43;
set Last[266] := 21 45;
set Last[267] := 22 46;
set Last[268] := 23 47;
set Last[269] := 24 48;
set Last[270] := 1 25;
set Last[271] := 2 26;
set Last[272] := 3 27;
set Last[273] := 4 28;
set Last[274] := 5 29;
set Last[275] := 6 30;
set Last[276] := 7 31;
set Last[277] := 8 32;
set Last[278] := 9 33;
set Last[279] := 10 34;
set Last[280] := 11 35;
set Last[281] := 12 36;
set Last[282] := 13 37;
set Last[283] := 14 38;
set Last[284] := 15 39;
set Last[285] := 17 41;
set Last[286] := 18 42;
set Last[287] := 19 43;
set Last[288] := 21 45;
set Last[289] := 23 47;
set Last[290] := 24 48;
set Last[291] := 1 25;
set Last[292] := 2 26;
set Last[293] := 3 27;
set Last[294] := 4 28;
set Last[295] := 5 29;
set Last[296] := 6 30;
set Last[297] := 7 31;
set Last[298] := 8 32;
set Last[299] := 9 33;
set Last[300] := 10 34;
set Last[301] := 11 35;
set Last[302] := 12 36;
set Last[303] := 13 37;
set Last[304] := 14 38;
set Last[305] := 15 39;
set Last[306] := 17 41;
set Last[307] := 18 42;
set Last[308] := 19 43;
set Last[309] := 21 45;
set Last[310] := 22 46;
set Last[311] := 24 48;
set Last[312] := 1 25;
set Last[313] := 2 26;
set Last[314] := 3 27;
set Last[315] := 4 28;
set Last[316] := 5 29;
set Last[317] := 6 30;
set Last[318] := 7 31;
set Last[319] := 8 32;
set Last[320] := 9 33;
set Last[321] := 10 34;
set Last[322] := 11 35;
set Last[323] := 12 36;
set Last[324] := 14 38;
set Last[325] := 15 39;
set Last[326] := 17 41;
set Last[327] := 18 42;
set Last[328] := 19 43;
set Last[329] := 21 45;
set Last[330] := 22 46;
set Last[331] := 23 47;

param q := 5;

end;
