   1 4
         1 13
         2 4
         2 14
         3 4
         3 12
         3 15
         4 1
         4 2
         4 11
         4 12
         4 16
         5 12
         5 17
         6 12
         6 18
         7 12
         7 19
         8 12
         8 20
         9 12
         9 21
         10 11
         10 22
         11 4
         11 10
         11 12
         11 23
         12 3
         12 4
         12 5
         12 6
         12 7
         12 8
         12 9
         12 11
         12 24
         
