   1 17
         1 21
         1 22
         2 3
         2 4
         2 5
         2 7
         2 23
         3 2
         3 13
         3 21
         3 24
         4 2
         4 5
         4 25
         5 2
         5 4
         5 8
         5 26
         6 27
         7 2
         7 8
         7 28
         8 5
         8 6
         8 7
         8 29
         9 10
         9 15
         9 30
         10 9
         10 11
         10 31
         11 10
         11 16
         11 18
         11 19
         11 32
         12 13
         12 14
         12 15
         12 20
         12 33
         13 3
         13 12
         14 12
         14 15
         14 35
         15 9
         15 12
         15 14
         15 16
         15 36
         16 11
         16 15
         16 37
         17 1
         17 20
         17 38
         18 11
         18 39
         19 11
         19 20
         19 40
         20 12
         20 17
         20 19
         20 21
         20 41
         21 1
         21 3
         21 20
         21 42
         
