   1 4
         1 7
         1 16
         1 41
         1 42
         1 45
         2 41
         2 46
         3 47
         4 1
         4 19
         4 22
         4 31
         4 41
         4 48
         5 8
         5 49
         6 7
         6 8
         6 23
         6 50
         7 1
         7 6
         7 8
         7 10
         7 51
         8 5
         8 6
         8 7
         8 9
         8 10
         8 12
         8 18
         8 20
         8 24
         8 25
         8 41
         8 44
         8 52
         9 8
         9 53
         10 7
         10 8
         10 11
         10 29
         10 30
         10 54
         11 10
         11 55
         12 8
         12 56
         13 41
         13 57
         14 41
         14 58
         15 40
         15 59
         16 1
         16 60
         17 29
         17 61
         18 8
         18 62
         19 4
         19 63
         20 8
         20 64
         21 42
         21 65
         22 4
         22 66
         23 6
         23 67
         24 8
         24 68
         25 8
         25 69
         26 41
         26 70
         27 44
         27 71
         28 41
         28 72
         29 10
         29 17
         29 73
         30 10
         30 74
         31 4
         31 75
         32 41
         32 76
         33 41
         33 77
         34 41
         34 78
         35 41
         35 79
         36 41
         36 80
         37 38
         37 81
         38 37
         38 41
         38 44
         38 82
         39 40
         39 83
         40 15
         40 39
         40 41
         40 42
         40 84
         41 1
         41 2
         41 4
         41 8
         41 13
         41 14
         41 26
         41 28
         41 32
         41 33
         41 34
         41 35
         41 36
         41 38
         41 40
         41 42
         41 43
         41 44
         41 85
         42 1
         42 21
         42 40
         42 41
         42 86
         43 41
         43 87
         44 3
         44 8
         44 27
         44 38
         44 41
         44 88
         
