   1 2
         1 20
         2 1
         2 19
         2 26
         3 13
         3 27
         4 16
         4 23
         4 24
         4 28
         5 8
         5 19
         5 24
         6 9
         6 10
         6 19
         6 30
         7 17
         7 18
         7 31
         8 5
         8 19
         8 32
         9 6
         9 10
         9 18
         10 6
         10 9
         10 34
         12 13
         12 21
         12 36
         13 12
         13 37
         14 21
         14 38
         15 21
         15 23
         15 39
         16 4
         16 20
         16 40
         17 7
         17 20
         17 41
         18 7
         18 9
         18 19
         18 20
         18 42
         19 2
         19 5
         19 6
         19 8
         19 18
         19 43
         20 1
         20 3
         20 16
         20 17
         20 18
         20 22
         20 24
         20 44
         21 12
         21 14
         21 15
         21 22
         21 23
         21 45
         22 20
         22 21
         22 46
         23 4
         23 15
         23 21
         23 24
         24 4
         24 5
         24 20
         24 23
         24 48
         
