   1 2
         1 3
         1 4
         1 26
         2 1
         2 7
         2 8
         2 27
         3 1
         3 4
         3 17
         3 23
         4 1
         4 3
         4 29
         5 6
         5 7
         5 30
         6 5
         6 9
         6 14
         6 31
         7 2
         7 5
         7 32
         8 2
         8 9
         8 33
         9 6
         9 8
         9 11
         9 15
         9 34
         11 36
         13 6
         14 6
         14 39
         15 9
         15 40
         17 3
         17 22
         17 42
         18 43
         19 18
         19 21
         19 44
         20 19
         20 22
         21 19
         21 23
         21 46
         22 17
         22 47
         23 3
         23 21
         23 48
         
