   1 2
         1 4
         1 11
         1 21
         1 24
         1 35
         2 1
         2 7
         2 36
         3 4
         3 32
         3 37
         4 1
         4 3
         4 28
         4 38
         5 8
         5 9
         5 39
         6 19
         6 25
         6 26
         6 40
         7 2
         7 16
         7 22
         7 41
         8 5
         8 16
         8 24
         8 42
         9 5
         9 19
         9 34
         10 19
         11 1
         11 12
         11 15
         11 45
         12 11
         12 13
         12 46
         13 12
         13 24
         13 47
         14 25
         14 33
         14 48
         15 11
         15 20
         15 24
         15 49
         16 7
         16 8
         16 50
         17 18
         17 19
         17 24
         17 51
         18 17
         18 20
         18 24
         18 52
         19 6
         19 9
         19 17
         19 53
         20 15
         20 18
         20 54
         21 1
         21 22
         22 7
         22 21
         22 56
         23 1
         23 22
         24 1
         24 8
         24 13
         24 15
         24 17
         24 18
         24 32
         24 58
         25 6
         25 14
         25 32
         25 34
         25 59
         26 32
         26 60
         27 28
         27 30
         28 4
         28 27
         28 29
         28 62
         29 28
         29 31
         30 27
         30 31
         30 64
         31 29
         31 30
         31 32
         31 33
         31 65
         32 3
         32 24
         32 25
         32 26
         32 31
         32 66
         33 14
         33 31
         33 34
         33 67
         34 9
         34 25
         34 33
         34 68
         
