   1 2
         1 3
         1 4
         1 5
         1 6
         1 7
         1 8
         1 9
         1 10
         1 11
         1 12
         1 316
         2 1
         2 6
         2 13
         2 18
         2 19
         2 20
         2 21
         2 22
         2 24
         2 54
         2 91
         2 93
         2 94
         2 96
         2 97
         2 99
         2 101
         2 102
         2 103
         2 104
         2 105
         2 106
         2 107
         2 317
         3 1
         3 9
         3 11
         3 22
         3 197
         3 314
         3 318
         4 1
         4 36
         4 59
         4 60
         4 61
         4 62
         4 63
         4 73
         4 155
         4 156
         4 157
         4 158
         4 319
         5 1
         5 14
         5 29
         5 33
         5 58
         5 71
         5 87
         5 116
         5 117
         5 118
         5 119
         5 120
         5 121
         5 122
         5 148
         5 153
         5 179
         5 183
         5 251
         5 252
         5 253
         5 254
         5 255
         5 256
         5 257
         5 258
         5 259
         5 320
         6 1
         6 2
         6 13
         6 18
         6 19
         6 20
         6 24
         6 26
         6 52
         6 93
         6 94
         6 95
         6 96
         6 97
         6 98
         6 99
         6 102
         6 103
         6 104
         6 105
         6 106
         6 321
         7 1
         7 9
         7 11
         7 19
         7 33
         7 55
         7 322
         8 1
         8 11
         8 323
         9 1
         9 3
         9 7
         9 10
         9 20
         9 59
         9 85
         9 86
         9 245
         9 324
         10 1
         10 9
         10 325
         11 1
         11 3
         11 7
         11 8
         11 55
         11 326
         12 1
         12 26
         12 40
         12 70
         12 73
         12 90
         12 110
         12 124
         12 126
         12 127
         12 128
         12 129
         12 130
         12 161
         12 162
         12 163
         12 164
         12 165
         12 166
         12 167
         12 168
         12 170
         12 171
         12 172
         12 173
         12 174
         12 175
         12 195
         12 224
         12 327
         13 2
         13 6
         13 328
         14 5
         14 15
         14 16
         14 17
         14 329
         15 14
         15 58
         15 128
         15 153
         15 177
         15 178
         15 179
         15 180
         15 224
         15 260
         15 269
         15 278
         15 279
         15 298
         15 330
         16 14
         16 64
         16 268
         16 294
         16 331
         17 14
         17 35
         17 41
         17 153
         17 332
         18 2
         18 6
         18 19
         18 20
         18 21
         18 22
         18 333
         19 2
         19 6
         19 7
         19 18
         19 21
         19 22
         19 27
         19 28
         19 91
         19 92
         19 93
         19 94
         19 96
         19 101
         19 102
         19 103
         19 104
         19 105
         19 106
         19 107
         19 112
         19 113
         19 334
         20 2
         20 6
         20 9
         20 18
         20 21
         20 22
         20 25
         20 91
         20 93
         20 94
         20 96
         20 101
         20 102
         20 103
         20 104
         20 105
         20 106
         20 107
         20 275
         20 335
         21 2
         21 18
         21 19
         21 20
         21 22
         21 91
         21 93
         21 94
         21 95
         21 96
         21 101
         21 102
         21 103
         21 104
         21 105
         21 106
         21 107
         21 336
         22 2
         22 3
         22 6
         22 18
         22 19
         22 20
         22 21
         22 26
         22 52
         22 54
         22 91
         22 92
         22 93
         22 94
         22 96
         22 97
         22 98
         22 99
         22 100
         22 101
         22 102
         22 103
         22 104
         22 105
         22 106
         22 107
         23 24
         23 25
         23 26
         23 27
         23 28
         23 338
         24 2
         24 6
         24 23
         24 25
         24 26
         24 27
         24 28
         24 70
         24 79
         24 80
         24 89
         24 98
         24 100
         24 111
         24 114
         24 129
         24 193
         24 199
         24 200
         24 204
         24 205
         24 206
         24 207
         24 208
         24 209
         24 210
         24 211
         24 212
         24 213
         24 214
         24 215
         24 240
         24 274
         24 339
         25 20
         25 23
         25 24
         25 26
         25 27
         25 28
         25 58
         25 75
         25 89
         25 100
         25 110
         25 111
         25 114
         25 115
         25 139
         25 146
         25 193
         25 199
         25 200
         25 202
         25 204
         25 205
         25 206
         25 207
         25 208
         25 209
         25 210
         25 211
         25 212
         25 213
         25 214
         25 215
         25 222
         25 285
         25 340
         26 6
         26 12
         26 22
         26 23
         26 24
         26 25
         26 27
         26 28
         26 89
         26 90
         26 100
         26 109
         26 111
         26 114
         26 115
         26 127
         26 128
         26 129
         26 171
         26 193
         26 199
         26 200
         26 202
         26 204
         26 205
         26 206
         26 207
         26 208
         26 209
         26 210
         26 211
         26 212
         26 213
         26 214
         26 215
         26 222
         26 240
         26 274
         26 285
         26 341
         27 19
         27 23
         27 24
         27 25
         27 26
         27 79
         27 89
         27 100
         27 111
         27 114
         27 125
         27 193
         27 198
         27 199
         27 200
         27 201
         27 202
         27 205
         27 206
         27 207
         27 208
         27 209
         27 210
         27 211
         27 212
         27 213
         27 214
         27 215
         27 342
         28 19
         28 23
         28 24
         28 25
         28 26
         28 79
         28 89
         28 100
         28 111
         28 114
         28 125
         28 193
         28 198
         28 199
         28 200
         28 201
         28 202
         28 203
         28 204
         28 205
         28 206
         28 207
         28 208
         28 209
         28 210
         28 211
         28 212
         28 213
         28 214
         28 215
         28 343
         29 5
         29 30
         29 31
         29 32
         29 33
         29 34
         29 35
         29 344
         30 29
         30 120
         30 121
         30 122
         30 123
         30 345
         31 29
         31 117
         31 120
         31 121
         31 122
         31 123
         31 346
         32 29
         32 117
         32 118
         32 119
         32 120
         32 121
         32 122
         32 123
         32 347
         33 5
         33 7
         33 29
         33 70
         33 71
         33 117
         33 118
         33 119
         33 120
         33 121
         33 122
         33 123
         33 148
         33 198
         33 228
         33 229
         33 252
         33 253
         33 254
         33 255
         33 256
         33 257
         33 258
         33 259
         33 309
         33 348
         34 29
         34 117
         34 118
         34 119
         34 120
         34 121
         34 122
         34 123
         34 349
         35 17
         35 29
         35 48
         35 71
         35 117
         35 118
         35 119
         35 120
         35 121
         35 122
         35 148
         35 178
         35 183
         35 229
         35 251
         35 252
         35 253
         35 254
         35 255
         35 256
         35 257
         35 258
         35 259
         35 270
         35 271
         35 350
         36 4
         36 351
         37 24
         37 25
         37 26
         37 27
         37 28
         38 39
         38 40
         38 353
         39 38
         39 40
         39 129
         39 131
         39 132
         39 133
         39 134
         39 135
         39 136
         39 137
         39 354
         40 12
         40 38
         40 39
         40 132
         40 134
         40 135
         40 136
         40 137
         40 225
         40 226
         40 227
         40 355
         41 17
         41 42
         41 43
         41 45
         41 356
         42 41
         42 51
         42 268
         42 296
         42 315
         42 357
         43 41
         43 194
         43 358
         44 41
         45 41
         45 153
         45 360
         47 153
         47 297
         47 362
         48 35
         48 363
         49 50
         49 51
         49 364
         50 49
         50 267
         50 365
         51 42
         51 49
         51 281
         51 366
         52 6
         52 53
         52 54
         52 55
         52 56
         52 367
         53 52
         53 54
         53 368
         54 2
         54 22
         54 52
         54 53
         54 55
         54 56
         54 86
         54 197
         54 369
         55 7
         55 11
         55 52
         55 54
         55 75
         55 84
         55 85
         55 86
         55 196
         55 197
         55 232
         55 243
         55 244
         55 249
         55 262
         55 265
         55 266
         55 284
         55 286
         55 290
         55 293
         55 299
         55 300
         55 302
         55 370
         56 52
         56 54
         56 371
         57 58
         57 372
         58 5
         58 15
         58 25
         58 57
         58 69
         58 70
         58 128
         58 138
         58 139
         58 140
         58 141
         58 142
         58 143
         58 144
         58 145
         58 146
         58 147
         58 150
         58 151
         58 373
         59 4
         59 9
         59 60
         59 61
         59 62
         59 63
         59 374
         60 4
         60 59
         60 62
         60 375
         61 4
         61 59
         61 73
         61 128
         61 184
         61 185
         61 186
         61 187
         61 188
         61 189
         61 190
         61 191
         61 376
         62 4
         62 59
         62 60
         62 377
         63 4
         63 59
         63 248
         63 250
         63 310
         63 311
         63 378
         64 16
         64 65
         64 66
         64 67
         64 379
         65 64
         65 242
         65 380
         66 64
         66 267
         66 268
         66 381
         67 64
         67 382
         68 69
         68 70
         68 383
         69 58
         69 68
         69 70
         69 89
         69 384
         70 12
         70 24
         70 33
         70 58
         70 68
         70 69
         70 138
         70 140
         70 141
         70 142
         70 143
         70 144
         70 145
         70 147
         70 150
         70 151
         70 153
         70 154
         70 385
         71 5
         71 33
         71 35
         71 386
         72 73
         72 387
         73 4
         73 12
         73 61
         73 72
         73 129
         73 184
         73 186
         73 187
         73 188
         73 189
         73 190
         73 191
         73 388
         74 75
         74 76
         74 77
         74 389
         75 25
         75 55
         75 74
         75 76
         75 77
         75 88
         75 131
         75 178
         75 179
         75 198
         75 233
         75 234
         75 235
         75 236
         75 237
         75 238
         75 239
         75 390
         76 74
         76 75
         76 77
         76 88
         76 109
         76 153
         76 197
         76 226
         76 233
         76 234
         76 235
         76 236
         76 237
         76 238
         76 239
         76 273
         77 74
         77 75
         77 76
         77 85
         77 86
         77 88
         77 131
         77 169
         77 198
         77 224
         77 225
         77 226
         77 233
         77 234
         77 235
         77 237
         77 238
         77 239
         77 258
         77 392
         79 24
         79 27
         79 28
         79 82
         79 108
         79 109
         79 110
         79 131
         79 216
         79 217
         79 218
         79 219
         79 220
         79 394
         80 24
         80 82
         80 108
         80 109
         80 110
         80 131
         80 216
         80 217
         80 218
         80 219
         80 220
         80 395
         81 82
         81 396
         82 79
         82 80
         82 81
         82 109
         82 110
         82 397
         83 84
         83 85
         83 86
         83 398
         84 55
         84 83
         84 399
         85 9
         85 55
         85 77
         85 83
         85 127
         85 196
         85 243
         85 244
         85 265
         85 266
         85 284
         85 286
         85 290
         85 293
         85 299
         85 300
         85 302
         85 400
         86 9
         86 54
         86 55
         86 77
         86 83
         86 127
         86 196
         86 243
         86 244
         86 265
         86 266
         86 284
         86 286
         86 290
         86 293
         86 299
         86 300
         86 302
         86 401
         87 402
         88 75
         88 76
         88 77
         88 403
         89 24
         89 25
         89 26
         89 27
         89 28
         89 69
         89 90
         89 404
         90 12
         90 26
         90 89
         90 125
         90 127
         90 128
         90 129
         90 204
         90 405
         91 2
         91 19
         91 20
         91 21
         91 22
         91 406
         92 19
         92 22
         92 407
         93 408
         94 2
         94 6
         94 19
         94 20
         94 21
         94 22
         94 409
         95 6
         95 21
         96 2
         96 6
         96 19
         96 20
         96 21
         96 22
         96 411
         97 2
         97 6
         97 22
         97 412
         98 6
         98 22
         98 24
         98 413
         99 414
         100 22
         100 24
         100 25
         100 26
         100 27
         100 28
         100 415
         101 2
         101 19
         101 20
         101 21
         101 22
         101 416
         102 2
         102 6
         102 19
         102 20
         102 22
         102 417
         103 2
         103 6
         103 19
         103 20
         103 22
         103 418
         104 2
         104 6
         104 19
         104 20
         104 21
         104 22
         104 419
         105 2
         105 6
         105 19
         105 20
         105 21
         105 22
         105 420
         106 2
         106 6
         106 19
         106 20
         106 21
         106 22
         106 421
         107 2
         107 6
         107 19
         107 20
         107 21
         107 22
         107 422
         108 423
         109 26
         109 76
         109 79
         109 80
         109 82
         109 108
         109 110
         109 216
         109 217
         109 218
         109 219
         109 220
         109 246
         109 292
         109 424
         110 12
         110 25
         110 79
         110 80
         110 82
         110 108
         110 109
         110 129
         110 158
         110 216
         110 217
         110 218
         110 220
         110 246
         110 247
         110 425
         111 24
         111 25
         111 26
         111 27
         111 28
         111 426
         112 19
         112 427
         113 19
         113 428
         114 24
         114 25
         114 26
         114 27
         114 28
         114 115
         114 429
         115 25
         115 26
         115 114
         115 430
         116 5
         116 114
         116 251
         116 431
         117 5
         117 30
         117 31
         117 32
         117 33
         117 34
         117 35
         117 432
         118 5
         118 30
         118 32
         118 33
         118 34
         118 35
         118 433
         119 5
         119 32
         119 33
         119 34
         119 35
         119 434
         120 5
         120 30
         120 31
         120 32
         120 33
         120 34
         120 35
         120 435
         121 5
         121 30
         121 31
         121 32
         121 33
         121 34
         121 35
         121 436
         122 5
         122 30
         122 31
         122 32
         122 33
         122 34
         122 35
         122 437
         123 30
         123 31
         123 32
         123 33
         123 34
         123 438
         124 12
         124 125
         124 126
         124 127
         124 128
         124 129
         124 439
         125 27
         125 28
         125 90
         125 124
         125 126
         125 127
         125 128
         125 129
         125 130
         125 163
         125 165
         125 166
         125 167
         125 168
         125 170
         125 171
         125 172
         125 173
         125 174
         125 175
         125 440
         126 12
         126 124
         126 125
         126 127
         126 128
         126 129
         126 130
         126 170
         126 173
         126 175
         126 241
         126 264
         126 441
         127 12
         127 26
         127 85
         127 86
         127 90
         127 124
         127 125
         127 126
         127 129
         127 130
         127 163
         127 165
         127 166
         127 167
         127 168
         127 170
         127 171
         127 172
         127 173
         127 174
         127 175
         127 223
         127 442
         128 12
         128 15
         128 26
         128 58
         128 61
         128 90
         128 124
         128 125
         128 126
         128 129
         128 130
         128 160
         128 161
         128 162
         128 163
         128 164
         128 165
         128 166
         128 167
         128 168
         128 169
         128 170
         128 171
         128 172
         128 173
         128 174
         128 175
         128 443
         129 12
         129 24
         129 26
         129 39
         129 73
         129 90
         129 110
         129 124
         129 125
         129 126
         129 127
         129 128
         129 130
         129 153
         129 156
         129 163
         129 165
         129 166
         129 167
         129 168
         129 170
         129 171
         129 172
         129 173
         129 174
         129 175
         129 179
         129 221
         129 444
         130 12
         130 125
         130 126
         130 127
         130 128
         130 129
         130 445
         131 39
         131 75
         131 77
         131 79
         131 80
         131 198
         131 226
         131 446
         132 39
         132 40
         132 447
         133 39
         133 448
         134 39
         134 40
         134 155
         134 449
         135 39
         135 40
         135 450
         136 39
         136 40
         136 451
         137 39
         137 40
         137 452
         138 58
         138 70
         138 139
         138 140
         138 141
         138 142
         138 143
         138 144
         138 145
         138 146
         138 147
         138 148
         138 149
         138 150
         138 151
         138 453
         139 25
         139 58
         139 138
         139 154
         139 176
         139 201
         139 287
         139 288
         139 454
         140 58
         140 70
         140 138
         140 160
         140 204
         140 455
         141 58
         141 70
         141 138
         141 456
         142 58
         142 70
         142 138
         142 457
         143 58
         143 70
         143 138
         143 458
         144 58
         144 70
         144 138
         144 459
         145 58
         145 70
         145 138
         145 460
         146 25
         146 58
         146 138
         146 154
         146 176
         146 201
         146 287
         146 288
         146 461
         147 58
         147 70
         147 138
         147 288
         147 462
         148 5
         148 33
         148 35
         148 138
         148 229
         148 251
         148 279
         148 280
         148 463
         149 138
         149 464
         150 58
         150 70
         150 138
         150 465
         151 58
         151 70
         151 138
         151 466
         152 58
         152 70
         152 138
         153 5
         153 15
         153 17
         153 45
         153 47
         153 70
         153 76
         153 129
         153 177
         153 178
         153 180
         153 260
         153 278
         153 279
         153 295
         153 297
         153 298
         153 306
         153 312
         153 313
         153 468
         154 70
         154 139
         154 146
         154 201
         154 287
         154 288
         154 469
         155 4
         155 134
         155 470
         156 4
         156 129
         156 158
         156 182
         156 289
         156 471
         157 4
         157 261
         157 472
         158 4
         158 110
         158 156
         158 182
         158 289
         158 473
         160 128
         160 195
         160 475
         161 12
         161 128
         161 476
         162 12
         162 128
         162 477
         163 12
         163 125
         163 127
         163 128
         163 129
         163 478
         164 12
         164 128
         164 479
         165 12
         165 125
         165 127
         165 128
         165 129
         165 480
         166 12
         166 125
         166 127
         166 128
         166 129
         166 481
         167 12
         167 125
         167 127
         167 128
         167 129
         167 482
         168 12
         168 125
         168 127
         168 128
         168 129
         168 483
         169 77
         169 128
         169 223
         169 264
         169 305
         169 307
         169 484
         170 12
         170 125
         170 126
         170 127
         170 128
         170 129
         170 485
         171 12
         171 26
         171 125
         171 127
         171 128
         171 129
         171 486
         172 12
         172 125
         172 127
         172 128
         172 129
         172 487
         173 12
         173 125
         173 126
         173 127
         173 128
         173 129
         173 488
         174 12
         174 125
         174 127
         174 128
         174 129
         174 489
         175 12
         175 125
         175 126
         175 127
         175 128
         175 129
         175 490
         176 139
         176 146
         176 491
         177 15
         177 153
         177 178
         177 179
         177 180
         177 492
         178 15
         178 35
         178 75
         178 153
         178 177
         178 179
         178 180
         178 260
         178 278
         178 279
         178 297
         178 298
         178 493
         179 5
         179 15
         179 75
         179 129
         179 177
         179 178
         179 180
         179 224
         179 260
         179 276
         179 277
         179 278
         179 279
         179 306
         179 494
         180 15
         180 153
         180 177
         180 178
         180 179
         180 260
         180 495
         181 182
         181 496
         182 156
         182 158
         182 181
         182 230
         182 497
         183 5
         183 35
         183 498
         184 61
         184 73
         184 499
         185 61
         185 500
         186 61
         186 73
         186 501
         187 61
         187 73
         187 502
         188 61
         188 73
         188 503
         189 61
         189 73
         189 504
         190 61
         190 73
         190 263
         190 505
         191 61
         191 73
         191 506
         192 24
         192 25
         192 26
         192 27
         192 28
         193 24
         193 25
         193 26
         193 27
         193 28
         193 508
         194 43
         194 242
         194 509
         195 12
         195 160
         195 510
         196 511
         197 3
         197 54
         197 55
         197 76
         197 196
         197 232
         197 244
         197 250
         197 262
         197 266
         197 284
         197 286
         197 290
         197 293
         197 299
         197 300
         197 302
         197 310
         197 512
         198 27
         198 28
         198 33
         198 75
         198 77
         198 131
         198 226
         198 231
         198 513
         199 24
         199 25
         199 26
         199 27
         199 28
         199 514
         200 24
         200 25
         200 26
         200 27
         200 28
         200 515
         201 27
         201 28
         201 139
         201 146
         201 154
         201 287
         201 288
         201 516
         202 25
         202 26
         202 27
         202 28
         202 517
         203 28
         203 518
         204 24
         204 25
         204 26
         204 27
         204 28
         204 90
         204 140
         204 217
         204 519
         205 24
         205 25
         205 26
         205 27
         205 28
         205 520
         206 24
         206 25
         206 26
         206 27
         206 28
         206 521
         207 24
         207 25
         207 26
         207 27
         207 28
         207 522
         208 24
         208 25
         208 26
         208 27
         208 28
         208 523
         209 24
         209 25
         209 26
         209 27
         209 28
         209 524
         210 24
         210 25
         210 26
         210 27
         210 28
         210 525
         211 24
         211 25
         211 26
         211 27
         211 28
         211 526
         212 24
         212 25
         212 26
         212 27
         212 28
         212 527
         213 528
         214 24
         214 25
         214 26
         214 27
         214 28
         214 529
         215 24
         215 25
         215 26
         215 27
         215 28
         215 530
         216 79
         216 80
         216 109
         216 110
         216 220
         216 531
         217 79
         217 80
         217 109
         217 110
         217 532
         218 79
         218 80
         218 109
         218 110
         218 533
         219 79
         219 80
         219 109
         219 534
         220 79
         220 80
         220 109
         220 110
         220 216
         220 535
         221 129
         221 536
         222 25
         222 26
         222 537
         223 127
         223 169
         223 225
         223 226
         223 264
         223 304
         223 305
         223 306
         223 538
         224 12
         224 15
         224 77
         224 179
         224 270
         224 276
         224 277
         224 297
         224 306
         225 40
         225 77
         225 223
         225 540
         226 40
         226 76
         226 77
         226 131
         226 198
         226 223
         226 541
         227 40
         227 542
         228 33
         228 229
         228 543
         229 33
         229 35
         229 148
         229 228
         229 251
         229 258
         229 272
         229 544
         230 182
         230 545
         231 198
         231 546
         232 55
         232 197
         232 547
         233 75
         233 76
         233 77
         233 548
         234 75
         234 76
         234 77
         234 549
         235 75
         235 76
         235 77
         235 550
         236 75
         236 76
         236 551
         237 75
         237 76
         237 77
         237 552
         238 75
         238 76
         238 77
         238 553
         239 75
         239 76
         239 77
         239 554
         240 24
         240 26
         240 555
         241 126
         241 556
         242 65
         242 194
         242 557
         243 55
         243 85
         243 86
         243 558
         244 55
         244 85
         244 86
         244 197
         244 559
         245 9
         245 560
         246 109
         246 110
         246 561
         247 110
         247 562
         248 63
         248 249
         248 250
         248 563
         249 564
         250 63
         250 197
         250 248
         250 565
         251 5
         251 35
         251 116
         251 148
         251 229
         251 272
         251 566
         252 5
         252 33
         252 35
         252 567
         253 5
         253 33
         253 35
         253 568
         254 5
         254 33
         254 35
         254 283
         254 569
         255 5
         255 33
         255 35
         255 570
         256 5
         256 33
         256 35
         256 571
         257 5
         257 33
         257 35
         257 572
         258 5
         258 33
         258 35
         258 77
         258 229
         258 573
         259 5
         259 33
         259 35
         259 574
         260 15
         260 153
         260 178
         260 179
         260 180
         260 575
         261 157
         261 262
         262 55
         262 197
         262 261
         262 577
         263 190
         263 578
         264 126
         264 169
         264 223
         264 579
         265 55
         265 85
         265 86
         265 580
         266 55
         266 85
         266 86
         266 197
         266 581
         267 50
         267 66
         267 282
         267 582
         268 16
         268 42
         268 66
         268 308
         268 583
         269 15
         269 270
         269 584
         270 35
         270 224
         270 269
         270 297
         270 306
         270 585
         271 35
         271 309
         271 586
         272 229
         272 251
         272 587
         273 76
         273 588
         274 24
         274 26
         274 589
         275 20
         275 590
         276 179
         276 224
         276 277
         276 591
         277 179
         277 224
         277 276
         277 592
         278 15
         278 153
         278 178
         278 179
         278 593
         279 15
         279 148
         279 153
         279 178
         279 179
         279 594
         280 148
         280 595
         281 51
         281 282
         281 596
         282 267
         282 281
         283 254
         283 598
         284 55
         284 85
         284 86
         284 197
         284 599
         285 25
         285 26
         285 600
         286 55
         286 86
         286 197
         286 601
         287 139
         287 146
         287 154
         287 201
         287 602
         288 139
         288 147
         288 154
         288 201
         288 603
         289 156
         289 158
         289 604
         290 55
         290 85
         290 86
         290 197
         290 605
         291 109
         292 109
         292 607
         293 55
         293 85
         293 86
         293 197
         293 608
         294 16
         294 308
         294 609
         295 153
         295 296
         295 297
         295 610
         296 42
         296 295
         296 611
         297 47
         297 153
         297 178
         297 224
         297 270
         297 295
         297 306
         297 312
         297 313
         297 612
         298 15
         298 153
         298 178
         298 179
         298 613
         299 55
         299 85
         299 86
         299 197
         299 614
         300 55
         300 85
         300 86
         300 197
         300 615
         301 55
         301 85
         301 86
         301 104
         301 197
         302 55
         302 85
         302 86
         302 197
         302 617
         303 55
         303 86
         303 197
         304 223
         304 619
         305 169
         305 223
         305 620
         306 153
         306 179
         306 223
         306 270
         306 297
         306 621
         307 169
         307 304
         307 622
         308 268
         308 294
         308 623
         309 33
         309 271
         309 624
         310 63
         310 197
         310 625
         311 63
         311 626
         312 153
         312 297
         312 627
         313 153
         313 297
         313 628
         314 3
         314 629
         315 630
         
